283.000
282.653
264.322
262.210
261.553
262.493
263.070
274.425
269.514
273.814
263.263
272.268
273.690
272.398
272.132
272.120
263.454
272.834
261.345
262.992
262.904
271.541
271.632
260.689
271.896
260.370
270.081
272.247
270.730
260.367
275.163
270.616
271.931
276.026
262.509
270.988
272.529
271.649
262.420
273.191
273.923
272.204
262.788
272.087
260.121
259.799
299.502
278.746
271.296
271.685
271.785
272.739
262.382
273.067
260.817
270.963
270.641
271.592
270.747
272.683
260.068
262.140
262.608
273.838
263.149
271.199
271.741
263.869
271.447
271.802
262.171
273.819
272.635
271.882
271.067
261.878
267.550
275.724
275.185
261.880
263.989
266.905
275.728
274.631
271.327
266.879
276.443
269.542
263.734
278.005
278.380
261.557
263.277
263.105
262.506
294.349
260.962
264.218
271.990
278.098
265.345
272.292
267.405
268.190
266.139
263.729
265.775
276.841
265.201
270.617
268.347
271.213
272.737
275.965
263.210
265.491
267.194
265.858
269.917
269.347
265.759
261.622
266.183
262.825
264.566
264.870
277.206
262.057
262.897
270.090
275.990
275.070
277.243
261.517
264.544
266.826
294.123
272.168
287.414
276.457
292.756
290.912
317.769
281.163
276.807
263.708
274.978
268.630
282.648
273.372
