275.535
261.552
270.781
271.460
261.651
261.100
260.526
260.774
261.182
261.177
271.892
272.581
273.512
272.034
272.547
263.476
273.459
275.585
271.282
270.389
270.686
272.856
265.193
271.339
261.863
273.971
275.058
272.376
270.973
262.963
261.843
275.865
271.449
276.172
271.197
261.569
270.761
270.756
273.167
262.147
272.907
260.654
274.794
270.959
272.835
299.797
271.503
261.592
261.871
270.840
278.332
272.148
271.272
276.603
273.906
273.197
273.198
272.087
273.067
261.351
271.772
271.806
261.159
271.417
272.211
272.469
273.094
271.646
272.786
263.607
272.356
271.410
261.637
273.849
262.843
262.938
271.387
261.967
260.448
273.002
272.731
270.971
260.869
266.230
271.956
262.562
262.321
272.578
261.631
272.350
271.884
271.570
273.012
260.520
271.549
272.260
262.476
270.730
264.393
267.982
265.854
272.997
272.377
265.742
266.266
278.265
264.050
268.431
277.186
268.277
276.491
264.625
277.903
262.881
272.631
265.933
267.886
277.762
263.794
263.314
266.820
275.130
268.055
276.307
275.717
273.677
260.854
272.810
272.167
262.339
262.870
273.119
262.102
294.608
262.820
275.273
275.431
265.071
266.236
275.305
263.770
268.646
265.070
263.527
262.587
262.841
279.740
266.841
288.045
278.041
