277.867
263.933
263.620
272.744
276.025
274.108
113.867
61.386
380.090
263.720
267.923
267.479
274.352
278.217
275.363
75.238
16.056
418.187
262.697
274.719
274.886
77.959
348.391
33.415
394.211
279.368
262.669
272.746
277.274
21.701
29.903
429.160
61.364
372.120
166.762
268.068
270.728
276.948
274.532
268.798
269.016
77.353
200.639
288.429
85.526
339.539
274.999
269.106
155.695
277.791
264.469
101.133
345.477
275.492
275.140
201.725
272.943
264.531
274.579
28.895
414.409
262.318
31.842
32.234
540.442
262.895
273.620
267.565
271.685
274.337
133.076
295.582
262.557
272.129
263.337
262.197
29.769
408.113
263.429
273.231
267.800
270.091
281.321
23.849
350.240
62.322
371.321
269.980
271.702
272.756
271.836
269.972
273.372
280.658
266.253
264.488
86.339
341.855
277.424
159.381
269.877
46.270
397.568
262.729
173.357
279.524
268.261
266.315
265.512
265.853
61.400
33.115
142.349
66.944
376.112
263.589
265.904
118.047
280.923
267.292
263.944
235.396
269.868
265.569
165.820
285.403
266.655
244.310
265.060
266.231
265.271
184.398
269.817
266.804
77.909
353.901
269.072
124.574
31.606
423.852
153.771
286.314
267.229
272.682
39.483
390.047
274.654
272.306
82.456
53.932
