280.834
279.307
273.641
276.409
267.913
269.447
265.510
270.682
275.155
276.810
282.178
270.652
75.288
382.657
265.459
274.649
282.806
277.090
268.988
272.601
278.595
273.305
264.834
278.707
280.729
274.947
265.053
273.587
262.875
263.761
263.454
281.033
263.475
263.429
274.930
263.573
45.745
393.449
277.619
273.765
264.345
274.802
282.179
261.612
274.103
272.799
263.309
263.761
262.019
263.610
272.966
268.001
267.326
272.613
134.613
314.281
272.022
262.809
266.071
308.391
138.384
237.110
263.913
263.151
263.790
263.079
273.350
277.041
271.013
261.809
263.507
273.113
257.314
272.660
277.620
263.040
264.369
273.277
262.348
262.325
262.161
264.159
264.458
272.652
272.678
262.573
261.087
18.017
428.574
275.169
229.851
264.330
265.547
274.559
218.478
263.489
267.215
264.041
269.327
263.564
263.418
268.152
263.806
262.629
269.272
264.615
272.164
271.325
272.750
157.363
302.183
272.729
272.152
271.882
262.623
267.509
279.527
267.522
272.475
263.671
265.289
262.837
263.509
262.809
260.779
261.949
272.723
273.874
284.062
265.849
274.020
98.596
350.456
273.359
261.657
261.751
285.242
273.861
273.082
271.105
267.373
262.136
263.854
273.960
263.592
261.555
263.335
275.778
263.936
309.897
