274.431
272.174
262.351
261.407
264.120
271.841
266.842
268.859
264.671
273.326
273.193
274.293
261.553
266.751
273.749
264.368
262.512
263.219
273.760
263.714
273.492
275.390
272.680
262.169
273.195
272.165
272.451
263.652
274.408
265.817
277.115
265.944
265.825
272.970
273.180
265.719
263.370
272.872
268.535
265.313
264.180
275.959
265.998
275.295
268.817
276.444
272.504
265.294
264.733
272.631
265.478
263.267
262.451
273.111
263.611
273.298
263.076
274.851
264.748
262.893
272.586
274.024
272.023
277.115
262.058
272.637
264.700
273.806
273.022
262.067
264.551
273.839
264.640
272.209
263.291
263.222
272.080
273.490
266.452
263.755
274.810
276.320
262.604
274.561
275.746
272.629
273.624
273.729
273.113
273.357
273.969
263.038
274.598
264.536
272.863
263.100
278.088
272.278
273.253
304.588
271.582
263.058
272.722
272.345
273.314
264.793
277.466
275.331
273.872
273.377
276.015
273.155
264.208
275.959
265.224
273.924
265.906
274.010
273.151
272.564
263.586
277.104
273.548
271.962
264.014
272.989
272.631
265.273
262.771
272.557
273.584
273.495
272.881
267.853
273.195
263.607
265.953
264.252
265.840
275.339
264.382
275.690
273.991
266.109
264.013
277.485
272.344
264.208
265.833
262.058
