314.597
272.270
262.578
262.657
262.046
261.534
274.933
270.614
263.448
264.070
273.760
271.060
271.410
260.106
273.271
262.612
261.784
272.497
260.808
261.008
270.750
271.732
270.425
270.633
270.965
271.797
272.878
271.120
262.114
261.000
271.010
271.533
271.534
273.866
260.723
271.169
261.831
272.925
272.242
269.866
263.024
262.216
273.040
270.822
272.155
271.241
261.189
270.282
270.841
271.729
271.434
271.427
272.293
274.157
270.491
271.172
301.410
273.373
272.539
273.477
261.062
271.421
271.587
271.444
261.585
279.315
272.187
272.016
271.586
272.113
265.217
265.760
271.263
275.766
272.830
271.721
275.032
271.422
272.652
272.523
263.833
273.964
274.133
272.135
274.361
262.598
263.312
262.868
275.233
272.325
273.784
272.898
271.835
273.376
267.004
271.972
261.394
262.530
272.075
271.922
273.374
260.970
271.620
273.626
271.547
270.665
271.122
272.240
276.683
275.759
277.640
268.115
273.385
263.956
264.111
264.102
269.327
263.337
267.823
275.644
265.853
263.991
263.335
266.918
273.242
272.583
262.905
267.778
277.539
264.134
261.905
266.093
277.402
275.358
266.615
281.040
264.032
273.562
271.627
271.426
263.022
273.377
262.938
262.329
305.445
262.953
274.356
274.056
264.613
265.206
