279.488
262.756
263.545
276.471
263.179
262.572
263.776
263.645
273.622
274.717
273.511
265.030
263.548
263.243
275.990
272.504
266.089
275.054
274.024
326.341
273.267
272.246
263.470
265.171
279.249
273.002
264.532
283.534
264.370
273.542
273.528
265.120
266.379
264.311
272.470
263.255
261.465
263.751
262.858
273.860
262.538
273.145
263.904
263.523
265.393
267.337
266.167
270.276
278.758
279.209
301.055
312.081
285.791
278.065
271.403
263.757
264.353
272.731
265.510
266.672
271.607
277.828
279.071
265.716
267.890
267.596
272.873
268.074
268.023
267.217
277.781
264.920
268.604
265.362
280.349
265.995
269.800
267.033
264.740
275.559
273.941
272.508
284.019
269.104
272.100
271.044
272.408
276.008
269.377
277.008
267.774
266.442
282.878
273.286
276.067
290.095
278.591
272.767
272.553
274.834
268.417
311.852
271.269
269.659
267.873
330.594
278.093
270.906
273.343
275.874
264.914
263.277
266.610
273.067
263.173
274.596
273.165
273.681
261.369
261.459
263.604
262.740
271.539
261.359
274.098
272.943
263.025
272.570
263.099
264.244
275.736
261.432
263.498
263.468
264.858
266.572
287.402
270.465
263.622
264.915
266.266
273.455
264.528
269.076
274.460
261.654
267.038
272.701
272.871
276.352
