265.155
274.542
261.556
263.108
275.476
262.987
273.254
261.907
278.245
261.846
264.552
268.655
273.882
272.090
272.834
271.500
273.955
271.460
272.983
272.716
268.140
271.578
272.956
261.989
273.488
262.917
272.954
273.372
272.663
320.610
263.209
276.102
274.960
273.827
273.544
272.240
263.139
272.917
261.554
273.329
274.040
293.781
275.678
272.545
274.288
266.059
273.446
261.978
261.162
282.047
262.948
274.638
261.565
262.824
272.567
273.072
273.316
272.208
271.262
263.906
271.683
273.499
272.213
262.917
272.668
263.660
271.402
271.461
274.536
277.137
272.682
271.549
261.385
271.710
261.671
271.086
273.135
261.907
315.557
273.890
263.653
273.268
265.948
272.513
272.281
262.426
261.693
271.665
271.842
262.315
260.974
262.689
272.284
272.084
273.256
265.580
271.762
273.603
273.921
263.318
274.444
268.700
274.074
275.246
272.151
271.846
272.791
274.221
273.554
274.378
272.342
271.615
262.608
272.213
262.234
274.946
273.656
262.626
273.228
272.872
261.412
272.754
273.067
275.752
272.605
273.591
271.464
271.564
261.821
271.441
274.263
275.507
279.039
275.050
281.270
273.924
274.582
272.175
271.687
261.748
272.012
262.746
265.049
277.477
272.144
277.903
262.714
275.641
262.503
274.525
