278.435
266.619
274.370
274.793
262.870
274.427
272.739
264.922
272.191
274.256
273.961
275.724
266.253
273.522
274.352
311.121
283.206
273.943
275.134
276.999
262.059
274.026
266.818
299.161
262.653
273.638
272.576
263.902
274.618
263.194
273.056
263.992
272.534
273.050
276.069
273.628
272.506
272.190
263.645
264.734
273.207
264.000
265.379
280.690
283.785
305.986
336.586
328.530
298.779
271.983
282.063
280.033
274.706
267.251
275.740
276.926
265.628
282.218
268.879
278.326
266.988
268.296
270.305
290.853
271.470
272.264
275.743
265.178
263.809
276.165
279.791
265.603
267.346
278.712
267.668
279.012
277.950
265.691
275.974
282.861
289.015
271.777
273.148
273.474
287.242
285.637
290.059
269.890
268.736
272.342
288.103
287.550
279.061
270.720
273.156
298.617
291.336
278.298
280.280
268.033
267.303
272.173
268.133
266.051
299.162
294.634
271.862
268.335
277.706
274.387
262.467
275.770
272.975
275.238
263.176
273.572
274.828
262.346
272.944
272.041
272.177
262.904
272.812
273.897
272.795
272.318
262.653
263.590
264.517
264.281
273.682
264.220
265.403
263.531
267.006
268.612
272.392
277.314
275.967
272.336
274.764
273.314
276.542
275.507
264.569
263.615
273.277
264.398
271.624
261.887
