280.129
402.296
272.839
273.982
266.105
276.145
277.029
272.367
272.600
268.357
264.365
144.155
287.387
274.924
187.906
263.942
274.936
262.852
263.588
265.222
87.880
353.033
262.915
263.285
277.915
264.164
274.332
314.380
64.949
342.182
272.860
264.887
265.139
263.256
264.365
277.752
275.139
263.239
264.223
272.730
261.996
265.501
269.305
262.119
262.005
262.042
272.395
232.759
277.371
272.265
271.881
262.961
272.351
274.984
265.420
266.163
274.483
270.872
286.825
285.896
279.951
283.832
283.791
287.640
288.783
265.329
266.105
265.036
263.689
267.368
253.726
271.456
277.950
160.293
158.799
311.596
269.446
266.875
265.469
270.796
280.335
269.842
263.831
242.469
273.848
267.130
156.938
290.119
269.020
267.581
278.027
264.825
270.064
266.326
297.110
271.961
287.303
277.326
280.590
270.540
271.443
276.645
270.794
275.946
274.466
288.397
291.709
270.636
268.124
303.729
291.077
269.299
273.732
274.735
207.641
312.682
271.394
284.453
266.866
324.198
88.180
344.819
275.922
46.082
18.363
88.398
631.548
263.511
262.975
28.060
417.923
149.583
305.974
263.159
273.189
118.049
207.135
306.292
271.603
263.918
273.113
272.987
263.525
69.704
376.348
262.812
263.357
262.604
261.858
264.037
