118.039
320.035
24.948
466.600
44.651
31.211
482.335
263.371
259.886
262.520
99.031
20.279
345.617
205.428
273.246
56.120
383.529
262.578
231.964
272.241
69.714
365.730
120.892
306.055
190.601
86.446
349.148
264.723
146.815
70.610
391.576
262.963
194.765
262.968
155.479
26.965
413.690
58.519
388.206
144.373
299.113
274.102
262.245
245.955
273.953
265.857
262.808
124.043
306.290
262.721
262.064
275.483
262.061
273.859
262.134
272.674
216.859
262.698
12.451
93.250
501.879
262.706
246.730
272.719
155.635
285.731
202.349
81.269
356.567
272.802
122.576
324.965
194.754
261.267
149.560
277.966
266.731
264.606
117.922
307.637
156.845
21.684
408.553
74.831
361.790
261.360
261.633
263.022
263.780
276.885
150.845
277.636
102.112
42.548
429.486
261.854
82.916
342.053
311.157
65.746
372.784
268.665
266.497
242.455
279.304
247.717
262.922
275.519
275.234
269.684
175.101
266.535
275.060
82.413
308.627
21.735
419.299
267.970
278.378
270.650
278.037
267.591
269.334
278.102
273.153
127.041
284.926
289.364
40.468
374.747
115.197
294.844
288.888
170.742
284.620
284.917
47.709
380.903
214.216
288.536
211.410
276.011
276.940
71.525
128.820
352.097
271.726
270.821
277.592
89.997
