276.419
290.587
265.186
269.270
266.818
269.829
268.138
272.060
274.463
266.737
273.873
269.836
266.953
276.983
284.240
316.159
272.999
274.733
274.490
274.834
275.451
268.797
273.414
276.014
272.148
278.115
263.587
262.526
281.411
282.568
263.400
263.966
277.889
264.181
273.651
263.618
278.368
268.563
280.312
275.021
264.504
274.786
265.183
273.074
264.358
265.772
266.247
273.686
274.027
264.706
272.083
263.902
269.933
272.666
272.995
273.166
270.845
269.010
262.459
261.905
261.779
267.203
274.540
263.217
310.828
267.395
266.413
274.432
280.564
264.986
272.324
266.342
275.778
266.131
261.990
263.422
272.202
262.765
261.694
273.850
262.845
261.697
263.125
262.860
272.668
262.511
274.007
262.940
274.191
263.096
261.908
263.814
275.661
262.971
267.671
266.183
266.826
263.257
264.469
264.032
268.029
278.206
266.293
262.588
264.575
261.627
271.863
275.165
277.936
272.223
261.794
262.192
263.655
262.608
274.142
263.121
272.300
262.835
262.508
263.521
265.193
273.432
276.378
263.265
262.472
263.810
263.622
273.040
272.123
265.746
264.226
266.919
276.560
263.817
262.796
262.119
261.751
261.651
271.575
261.779
265.009
261.517
264.081
267.705
274.932
262.016
267.113
271.752
262.449
273.064
