274.626
211.285
275.566
243.581
271.750
186.200
273.437
158.938
279.082
264.303
275.606
264.403
273.128
263.297
254.948
265.094
79.135
354.966
121.543
302.308
110.476
316.745
264.858
57.439
387.865
46.744
388.257
263.114
180.028
271.844
142.439
295.690
38.933
406.238
271.965
262.251
23.893
391.798
276.006
265.844
24.779
402.610
61.826
365.584
35.748
381.505
92.720
384.898
241.746
273.206
157.342
280.987
271.349
262.443
283.912
153.122
279.722
172.274
272.577
273.261
263.549
152.596
294.527
39.294
378.016
58.692
376.671
135.528
296.579
54.284
377.830
113.910
303.710
217.423
274.943
118.612
313.808
152.253
264.004
213.977
265.876
200.034
274.550
265.706
24.980
407.632
149.883
293.291
163.625
284.006
30.914
78.673
489.005
273.929
194.084
266.979
248.776
273.470
120.080
327.263
154.564
285.658
120.047
318.660
148.462
278.308
93.832
343.871
145.876
289.333
264.452
262.339
29.574
392.567
272.369
132.217
64.230
413.056
65.963
370.125
175.950
274.461
107.074
330.627
274.323
151.346
61.387
349.942
274.986
274.173
274.426
162.183
273.803
185.654
262.500
121.222
38.893
416.328
29.825
409.896
55.657
391.267
82.378
402.556
102.743
333.347
138.828
309.728
152.991
47.230
