279.415
265.178
281.075
268.664
263.706
263.847
268.177
278.163
266.190
264.911
268.283
262.752
272.176
275.648
277.904
282.206
267.689
263.054
262.622
272.235
262.773
280.758
271.672
263.325
275.828
273.505
261.349
266.709
272.134
274.046
267.202
262.001
261.510
263.285
270.164
266.038
273.584
272.619
261.969
265.257
274.596
265.107
309.801
264.131
274.684
263.021
266.494
275.398
273.974
263.499
267.512
263.187
262.344
263.036
263.576
272.775
262.404
263.709
272.775
271.911
264.069
265.103
274.877
273.160
262.566
262.827
271.949
272.077
273.670
271.992
264.065
274.121
264.357
262.402
271.906
263.967
265.315
276.546
266.497
267.089
280.232
264.942
264.831
264.004
262.723
267.748
272.333
262.948
261.468
273.226
273.011
263.707
273.642
263.471
262.594
273.651
266.317
261.808
263.385
263.481
276.310
267.695
265.114
274.105
272.497
271.688
262.330
262.362
273.163
268.396
264.521
271.808
272.250
272.866
264.300
263.724
261.865
272.287
271.291
262.214
262.190
265.681
276.883
264.988
264.821
262.059
262.207
272.713
272.316
267.080
269.886
265.772
264.851
267.710
265.749
272.233
278.011
266.925
270.240
274.388
277.505
281.694
270.225
274.915
265.977
263.439
265.224
264.519
262.104
269.085
