281.229
263.901
274.300
261.322
274.731
264.602
274.072
265.636
262.170
277.136
270.993
264.478
263.122
272.456
273.862
265.207
281.594
268.407
261.827
265.449
273.420
264.689
266.190
265.118
275.054
263.006
272.517
262.153
263.892
265.565
265.753
265.298
273.188
273.845
267.056
265.082
265.708
316.563
276.359
264.653
273.131
274.011
283.690
264.882
263.593
271.604
274.289
263.081
275.193
273.780
263.955
264.491
263.782
263.564
275.798
274.106
272.176
264.407
263.617
272.489
263.914
273.291
263.668
266.097
266.708
269.804
272.537
300.104
309.614
289.231
289.422
279.422
282.314
279.597
269.157
265.381
276.679
275.261
276.974
267.845
267.734
268.431
279.661
266.108
268.653
272.160
286.743
269.609
282.065
266.156
265.659
266.395
282.282
267.632
287.027
277.753
282.831
269.366
268.699
267.790
265.805
265.688
279.401
283.981
272.936
271.964
289.585
275.090
274.159
273.338
275.324
278.172
272.278
294.900
283.506
291.178
281.637
275.426
278.414
277.019
272.169
272.423
279.971
277.036
283.811
280.232
269.406
288.372
271.156
281.682
284.903
267.204
275.558
272.697
268.356
272.604
262.368
273.093
272.799
273.148
272.866
271.784
274.328
273.274
262.399
264.001
272.295
264.571
274.765
263.790
