272.922
273.932
263.266
262.153
271.732
272.424
278.082
273.629
272.775
272.381
261.823
273.496
272.411
261.856
263.113
271.786
262.935
263.582
271.848
271.800
261.517
262.157
303.440
2571.419
262.169
274.197
273.383
272.274
273.165
263.261
264.531
262.432
272.411
261.602
262.073
262.936
261.768
263.372
275.138
272.111
263.138
274.054
272.935
272.262
264.554
273.080
273.006
271.939
271.297
261.101
272.307
272.129
272.928
273.909
272.936
272.081
261.928
263.346
273.442
274.832
271.739
265.722
262.753
263.102
262.305
272.373
271.968
272.421
272.614
271.988
264.074
264.256
263.217
263.768
264.518
280.597
263.086
261.348
271.741
260.735
262.223
261.931
262.819
275.080
261.845
263.429
277.397
272.654
262.706
265.720
263.194
271.783
273.323
261.723
271.028
261.224
271.887
272.385
271.492
260.457
273.809
271.128
262.712
262.139
261.852
272.431
271.713
272.047
262.698
271.069
261.366
309.088
2570.062
275.234
271.921
262.959
270.756
262.213
270.738
261.553
264.936
272.482
270.670
262.819
265.531
260.663
271.413
275.310
264.384
261.254
263.391
262.276
271.235
263.217
272.492
262.512
261.406
271.915
263.404
272.668
272.319
274.407
274.532
262.188
262.905
273.533
271.148
265.420
260.595
272.985
