274.927
267.556
265.859
268.556
266.944
278.484
268.272
273.678
272.983
276.573
319.329
295.069
286.265
276.831
274.623
276.253
281.374
277.207
274.242
281.466
284.565
273.036
278.781
280.108
271.114
281.364
280.673
269.136
282.353
268.491
279.086
269.021
269.427
274.660
268.505
267.954
270.666
268.625
270.418
278.107
274.679
277.289
268.575
270.418
268.344
292.132
268.086
271.558
268.826
266.884
267.794
279.475
268.007
269.578
270.074
270.812
269.571
271.012
281.884
272.702
271.515
267.291
269.908
288.296
268.587
269.320
271.954
272.542
270.593
271.432
272.240
271.182
277.112
276.178
288.840
286.081
279.219
285.578
296.570
274.680
289.986
271.262
285.986
289.513
278.398
271.445
273.549
270.659
276.655
317.083
270.043
276.610
271.067
280.067
269.752
272.114
275.752
270.640
268.431
269.015
271.773
267.880
271.684
267.801
270.740
303.167
268.653
280.389
278.191
268.208
271.142
268.288
268.141
270.030
268.840
268.130
269.764
270.755
267.492
267.766
270.109
268.948
268.427
268.390
268.766
279.738
267.247
267.440
267.314
267.724
271.497
277.125
267.920
267.876
267.138
268.638
267.502
287.405
269.505
280.554
275.662
279.493
270.336
279.649
271.390
275.472
279.163
289.274
279.761
297.827
