264.919
272.212
273.162
269.674
272.354
262.162
273.122
262.830
272.487
274.153
272.496
271.880
262.546
272.598
272.794
308.662
273.084
262.680
275.750
262.968
271.156
272.853
272.300
273.194
273.268
265.172
273.398
271.491
261.849
271.843
272.195
271.653
272.660
262.317
271.721
271.910
272.369
272.675
272.033
272.758
264.721
272.562
262.887
261.098
271.988
274.931
271.740
272.398
272.312
262.687
272.009
261.586
275.484
271.235
271.567
262.934
271.448
271.331
264.996
274.779
264.902
273.847
272.473
262.133
314.072
274.258
272.259
262.209
264.332
262.765
272.210
271.860
272.264
265.938
273.476
261.526
261.819
271.930
271.812
262.317
272.436
271.794
271.583
272.319
273.112
265.059
271.817
272.100
266.227
272.087
261.174
273.016
271.983
271.087
262.240
271.270
271.087
272.867
271.511
262.399
264.756
266.825
274.907
271.484
272.767
267.089
264.200
273.901
262.625
265.252
273.062
274.559
263.252
274.140
274.418
264.342
274.769
264.386
263.607
281.749
282.448
265.977
278.305
272.372
267.087
281.435
266.395
274.404
276.952
278.013
261.728
272.300
274.867
275.219
274.259
272.523
262.814
272.458
273.602
271.955
271.388
272.873
272.044
261.940
272.533
271.577
274.679
272.565
262.424
271.765
