309.398
272.607
272.872
272.012
260.789
272.755
262.641
261.204
271.471
271.510
261.641
271.484
262.373
271.825
260.434
270.593
273.409
272.997
273.540
271.085
272.812
275.191
273.155
262.293
264.392
272.139
272.603
272.705
261.883
272.111
270.995
271.598
272.472
272.216
272.131
261.297
271.203
272.076
261.223
261.444
270.745
271.372
271.152
272.242
260.775
299.546
272.810
262.360
272.560
261.569
271.516
272.981
271.869
260.935
263.389
273.027
261.397
272.159
274.849
271.010
273.715
261.991
272.306
262.082
273.584
273.185
260.948
262.385
261.831
263.117
261.335
261.278
273.079
262.442
271.823
263.864
266.774
272.567
261.934
272.282
272.874
272.728
262.855
266.182
271.439
272.989
271.452
271.930
274.461
271.918
261.938
273.442
271.526
271.224
260.419
270.772
272.403
262.871
263.591
276.425
266.991
271.837
265.078
276.522
264.440
277.630
265.330
276.775
264.794
265.668
263.720
263.482
268.188
274.237
261.701
262.912
268.830
266.297
264.046
263.381
267.777
261.751
265.807
265.414
266.902
263.817
263.024
262.263
273.473
261.041
273.179
265.148
263.534
306.276
273.992
263.083
273.008
273.220
274.986
263.888
272.845
268.605
264.325
262.697
264.479
273.191
274.942
277.464
270.901
267.076
