policy,workload,rep,trial_id,query_start_wall_ns,query_end_wall_ns,ratio_at_query,n_at_query,orphan_at_query,peak_ratio_during_query,majority_at_query,any_at_query,majority_during_query,any_during_query
RFC_DROP_NATIVE,ATTACK_DIVERSE_MODERATE,1,r01-t000-98316cda,1789119578047278695,1789119580060518527,0.0,24,0,0.0,False,False,False,False
RFC_DROP_NATIVE,ATTACK_DIVERSE_MODERATE,1,r01-t001-5bc8202c,1789119578052670013,1789119580063985777,0.0,24,0,0.0,False,False,False,False
RFC_DROP_NATIVE,ATTACK_DIVERSE_MODERATE,1,r01-t002-f0b186b1,1789119578061813743,1789119580072069035,0.0,24,0,0.0,False,False,False,False
RFC_DROP_NATIVE,ATTACK_DIVERSE_MODERATE,1,r01-t003-65089c88,1789119578071678248,1789119580092300203,0.0,24,0,0.0,False,False,False,False
RFC_DROP_NATIVE,ATTACK_DIVERSE_MODERATE,1,r01-t004-b1e3ecc9,1789119578081652681,1789119580092001883,0.0,24,0,0.0,False,False,False,False
RFC_DROP_NATIVE,ATTACK_DIVERSE_MODERATE,1,r01-t005-8cbc9bf3,1789119578092074451,1789119580102713202,0.0,24,0,0.0,False,False,False,False
RFC_DROP_NATIVE,ATTACK_DIVERSE_MODERATE,1,r01-t006-edcf94ce,1789119578101476839,1789119580111971149,0.0,24,0,0.0,False,False,False,False
RFC_DROP_NATIVE,ATTACK_DIVERSE_MODERATE,1,r01-t007-b72e0e58,1789119578112190543,1789119580123011013,0.0,24,0,0.0,False,False,False,False
RFC_DROP_NATIVE,ATTACK_DIVERSE_MODERATE,1,r01-t008-8c5a7969,1789119578121641270,1789119580132017262,0.0,24,0,0.0,False,False,False,False
RFC_DROP_NATIVE,ATTACK_DIVERSE_MODERATE,1,r01-t009-4baa4718,1789119578131987339,1789119580142858817,0.0,24,0,0.0,False,False,False,False
RFC_DROP_NATIVE,ATTACK_DIVERSE_MODERATE,1,r01-t010-fbf4fc21,1789119578141681089,1789119580152055366,0.0,24,0,0.0,False,False,False,False
RFC_DROP_NATIVE,ATTACK_DIVERSE_MODERATE,1,r01-t011-2b851927,1789119578151757632,1789119580162349095,0.0,24,0,0.0,False,False,False,False
RFC_DROP_NATIVE,ATTACK_DIVERSE_MODERATE,1,r01-t012-ed9eeaef,1789119578161712329,1789119580171937588,0.0,24,0,0.0,False,False,False,False
RFC_DROP_NATIVE,ATTACK_DIVERSE_MODERATE,1,r01-t013-c080c96d,1789119578171757885,1789119580184153953,0.0,24,0,0.0,False,False,False,False
RFC_DROP_NATIVE,ATTACK_DIVERSE_MODERATE,1,r01-t014-7392d5cb,1789119578181933582,1789119580192760345,0.0,24,0,0.0,False,False,False,False
RFC_DROP_NATIVE,ATTACK_DIVERSE_MODERATE,1,r01-t015-b532b687,1789119578191949391,1789119580202902004,0.0,24,0,0.0,False,False,False,False
RFC_DROP_NATIVE,ATTACK_DIVERSE_MODERATE,1,r01-t016-9a0f859a,1789119578201642093,1789119580212306681,0.0,24,0,0.0,False,False,False,False
RFC_DROP_NATIVE,ATTACK_DIVERSE_MODERATE,1,r01-t017-d0bc66de,1789119578212693779,1789119580223540182,0.0,24,0,0.0,False,False,False,False
RFC_DROP_NATIVE,ATTACK_DIVERSE_MODERATE,1,r01-t018-e2aa1a0a,1789119578221667230,1789119580242053313,0.0,24,0,0.0,False,False,False,False
RFC_DROP_NATIVE,ATTACK_DIVERSE_MODERATE,1,r01-t019-5f9d0cd5,1789119578232209130,1789119580243935907,0.0,24,0,0.0,False,False,False,False
RFC_DROP_NATIVE,ATTACK_DIVERSE_MODERATE,1,r01-t020-2cf072ec,1789119578242940758,1789119580254764496,0.0,25,0,0.0,False,False,False,False
RFC_DROP_NATIVE,ATTACK_DIVERSE_MODERATE,1,r01-t021-515c133b,1789119578252195463,1789119580262251779,0.0,25,0,0.0,False,False,False,False
RFC_DROP_NATIVE,ATTACK_DIVERSE_MODERATE,1,r01-t022-49c309a9,1789119578262548492,1789119580272047924,0.0,25,0,0.0,False,False,False,False
RFC_DROP_NATIVE,ATTACK_DIVERSE_MODERATE,1,r01-t023-83550efb,1789119578271602509,1789119580280270761,0.0,25,0,0.0,False,False,False,False
RFC_DROP_NATIVE,ATTACK_DIVERSE_MODERATE,1,r01-t024-e0336f71,1789119578281399512,1789119580291434471,0.0,25,0,0.0,False,False,False,False
RFC_DROP_NATIVE,ATTACK_DIVERSE_MODERATE,1,r01-t025-27550022,1789119578292059062,1789119580302923293,0.0,25,0,0.0,False,False,False,False
RFC_DROP_NATIVE,ATTACK_DIVERSE_MODERATE,1,r01-t026-d6baa192,1789119578301938534,1789119580312312716,0.0,25,0,0.0,False,False,False,False
RFC_DROP_NATIVE,ATTACK_DIVERSE_MODERATE,1,r01-t027-3322f6ca,1789119578311838411,1789119580322959680,0.0,25,0,0.0,False,False,False,False
RFC_DROP_NATIVE,ATTACK_DIVERSE_MODERATE,1,r01-t028-15e7cfbb,1789119578322394229,1789119580347160924,0.0,25,0,0.0,False,False,False,False
RFC_DROP_NATIVE,ATTACK_DIVERSE_MODERATE,1,r01-t029-6be52155,1789119578336819349,1789119580347938426,0.0,25,0,0.0,False,False,False,False
RFC_DROP_NATIVE,ATTACK_DIVERSE_MODERATE,1,r01-t030-629ee2d4,1789119578342016173,1789119580352185086,0.0,25,0,0.0,False,False,False,False
RFC_DROP_NATIVE,ATTACK_DIVERSE_MODERATE,1,r01-t031-affe0174,1789119578352125606,1789119580363907491,0.0,25,0,0.0,False,False,False,False
RFC_DROP_NATIVE,ATTACK_DIVERSE_MODERATE,1,r01-t032-8f254b1c,1789119578361809156,1789119580374856876,0.0,25,0,0.0,False,False,False,False
RFC_DROP_NATIVE,ATTACK_DIVERSE_MODERATE,1,r01-t033-17afff18,1789119578372817270,1789119580384406089,0.0,25,0,0.0,False,False,False,False
RFC_DROP_NATIVE,ATTACK_DIVERSE_MODERATE,1,r01-t034-61ae7d1d,1789119578382139287,1789119580392148695,0.0,25,0,0.0,False,False,False,False
RFC_DROP_NATIVE,ATTACK_DIVERSE_MODERATE,1,r01-t035-4830f8c7,1789119578392266073,1789119580403836778,0.0,25,0,0.0,False,False,False,False
RFC_DROP_NATIVE,ATTACK_DIVERSE_MODERATE,1,r01-t036-f98a2e89,1789119578401775339,1789119580412110336,0.0,25,0,0.0,False,False,False,False
RFC_DROP_NATIVE,ATTACK_DIVERSE_MODERATE,1,r01-t037-0ddf82d9,1789119578411760735,1789119580423336303,0.0,25,0,0.0,False,False,False,False
RFC_DROP_NATIVE,ATTACK_DIVERSE_MODERATE,1,r01-t038-58ff222e,1789119578421659182,1789119580432533615,0.0,25,0,0.0,False,False,False,False
RFC_DROP_NATIVE,ATTACK_DIVERSE_MODERATE,1,r01-t039-b063f964,1789119578431805227,1789119580440914240,0.0,25,0,0.0,False,False,False,False
RFC_DROP_NATIVE,ATTACK_DIVERSE_MODERATE,1,r01-t040-53b4cd48,1789119578442939859,1789119580454341144,0.0,25,0,0.0,False,False,False,False
RFC_DROP_NATIVE,ATTACK_DIVERSE_MODERATE,1,r01-t041-16776bc7,1789119578452560101,1789119580464018304,0.0,25,0,0.0,False,False,False,False
RFC_DROP_NATIVE,ATTACK_DIVERSE_MODERATE,1,r01-t042-fe14a127,1789119578462218290,1789119580472022811,0.0,25,0,0.0,False,False,False,False
RFC_DROP_NATIVE,ATTACK_DIVERSE_MODERATE,1,r01-t043-6f21faa6,1789119578472576086,1789119580483699263,0.0,25,0,0.0,False,False,False,False
RFC_DROP_NATIVE,ATTACK_DIVERSE_MODERATE,1,r01-t044-8e9bfe87,1789119578482145034,1789119580492079791,0.0,25,0,0.0,False,False,False,False
RFC_DROP_NATIVE,ATTACK_DIVERSE_MODERATE,1,r01-t045-2033a362,1789119578491862333,1789119580503453060,0.0,25,0,0.0,False,False,False,False
RFC_DROP_NATIVE,ATTACK_DIVERSE_MODERATE,1,r01-t046-1347223f,1789119578502199442,1789119580512201890,0.0,25,0,0.0,False,False,False,False
RFC_DROP_NATIVE,ATTACK_DIVERSE_MODERATE,1,r01-t047-d2a77b69,1789119578511870405,1789119580523036008,0.0,25,0,0.0,False,False,False,False
RFC_DROP_NATIVE,ATTACK_DIVERSE_MODERATE,1,r01-t048-fed8655f,1789119578521808800,1789119580531971801,0.0,25,0,0.0,False,False,False,False
RFC_DROP_NATIVE,ATTACK_DIVERSE_MODERATE,1,r01-t049-68ff1d77,1789119578531987166,1789119580543113012,0.0,25,0,0.0,False,False,False,False
B5_LOCKED_TC,BENIGN_DIVERSE_MODERATE,1,r01-t000-98316cda,1789119610823464066,1789119611197464593,0.0,24,0,0.0,False,False,False,False
B5_LOCKED_TC,BENIGN_DIVERSE_MODERATE,1,r01-t001-5bc8202c,1789119611208454031,1789119611556446143,0.0,25,0,0.0,False,False,False,False
B5_LOCKED_TC,BENIGN_DIVERSE_MODERATE,1,r01-t002-f0b186b1,1789119611567252750,1789119611895984013,0.0,26,0,0.0,False,False,False,False
B5_LOCKED_TC,BENIGN_DIVERSE_MODERATE,1,r01-t003-65089c88,1789119611907159814,1789119612251818099,0.0,27,0,0.0,False,False,False,False
B5_LOCKED_TC,BENIGN_DIVERSE_MODERATE,1,r01-t004-b1e3ecc9,1789119612263052902,1789119612607716724,0.0,28,0,0.0,False,False,False,False
B5_LOCKED_TC,BENIGN_DIVERSE_MODERATE,1,r01-t005-8cbc9bf3,1789119612618276247,1789119612950827104,0.0,29,0,0.0,False,False,False,False
B5_LOCKED_TC,BENIGN_DIVERSE_MODERATE,1,r01-t006-edcf94ce,1789119612962236432,1789119613276635264,0.0,30,0,0.0,False,False,False,False
B5_LOCKED_TC,BENIGN_DIVERSE_MODERATE,1,r01-t007-b72e0e58,1789119613869863854,1789119614228646438,0.0,22,0,0.0,False,False,False,False
B5_LOCKED_TC,BENIGN_DIVERSE_MODERATE,1,r01-t008-8c5a7969,1789119614240298173,1789119614573789440,0.0,22,0,0.0,False,False,False,False
B5_LOCKED_TC,BENIGN_DIVERSE_MODERATE,1,r01-t009-4baa4718,1789119614584904902,1789119614915861452,0.0,22,0,0.0,False,False,False,False
B5_LOCKED_TC,BENIGN_DIVERSE_MODERATE,1,r01-t010-fbf4fc21,1789119614929690453,1789119615263017411,0.0,22,0,0.0,False,False,False,False
B5_LOCKED_TC,BENIGN_DIVERSE_MODERATE,1,r01-t011-2b851927,1789119615273552015,1789119615603621620,0.0,21,0,0.0,False,False,False,False
B5_LOCKED_TC,BENIGN_DIVERSE_MODERATE,1,r01-t012-ed9eeaef,1789119615613851282,1789119615967021954,0.0,26,0,0.0,False,False,False,False
B5_LOCKED_TC,BENIGN_DIVERSE_MODERATE,1,r01-t013-c080c96d,1789119615979025698,1789119616299345398,0.0,30,0,0.0,False,False,False,False
B5_LOCKED_TC,BENIGN_DIVERSE_MODERATE,1,r01-t014-7392d5cb,1789119616310261408,1789119616651453420,0.0,30,0,0.0,False,False,False,False
B5_LOCKED_TC,BENIGN_DIVERSE_MODERATE,1,r01-t015-b532b687,1789119616662187230,1789119617030648782,0.0,30,0,0.0,False,False,False,False
B5_LOCKED_TC,BENIGN_DIVERSE_MODERATE,1,r01-t016-9a0f859a,1789119617042653117,1789119617394651895,0.0,30,0,0.0,False,False,False,False
B5_LOCKED_TC,BENIGN_DIVERSE_MODERATE,1,r01-t017-d0bc66de,1789119617405594548,1789119617730940571,0.0,30,0,0.0,False,False,False,False
B5_LOCKED_TC,BENIGN_DIVERSE_MODERATE,1,r01-t018-e2aa1a0a,1789119617741838437,1789119618050837996,0.0,30,0,0.0,False,False,False,False
B5_LOCKED_TC,BENIGN_DIVERSE_MODERATE,1,r01-t019-5f9d0cd5,1789119618066452320,1789119618406925085,0.0,30,0,0.0,False,False,False,False
B5_LOCKED_TC,BENIGN_DIVERSE_MODERATE,1,r01-t020-2cf072ec,1789119618417924554,1789119618763493456,0.0,30,0,0.0,False,False,False,False
B5_LOCKED_TC,BENIGN_DIVERSE_MODERATE,1,r01-t021-515c133b,1789119618773834410,1789119619110387694,0.0,30,0,0.0,False,False,False,False
B5_LOCKED_TC,BENIGN_DIVERSE_MODERATE,1,r01-t022-49c309a9,1789119619121534127,1789119619455119033,0.0,30,0,0.0,False,False,False,False
B5_LOCKED_TC,BENIGN_DIVERSE_MODERATE,1,r01-t023-83550efb,1789119619465582026,1789119619799271401,0.0,30,0,0.0,False,False,False,False
B5_LOCKED_TC,BENIGN_DIVERSE_MODERATE,1,r01-t024-e0336f71,1789119619809613406,1789119620140658982,0.0,30,0,0.0,False,False,False,False
B5_LOCKED_TC,BENIGN_DIVERSE_MODERATE,1,r01-t025-27550022,1789119620152836636,1789119620479399804,0.0,30,0,0.0,False,False,False,False
B5_LOCKED_TC,BENIGN_DIVERSE_MODERATE,1,r01-t026-d6baa192,1789119620490396313,1789119620834097863,0.0,30,0,0.0,False,False,False,False
B5_LOCKED_TC,BENIGN_DIVERSE_MODERATE,1,r01-t027-3322f6ca,1789119620845682604,1789119621179828527,0.0,30,0,0.0,False,False,False,False
B5_LOCKED_TC,BENIGN_DIVERSE_MODERATE,1,r01-t028-15e7cfbb,1789119621190268030,1789119621539503262,0.0,30,0,0.0,False,False,False,False
B5_LOCKED_TC,BENIGN_DIVERSE_MODERATE,1,r01-t029-6be52155,1789119621551207464,1789119621891187011,0.0,30,0,0.0,False,False,False,False
B5_LOCKED_TC,BENIGN_DIVERSE_MODERATE,1,r01-t030-629ee2d4,1789119621903129180,1789119622261830275,0.0,30,0,0.0,False,False,False,False
B5_LOCKED_TC,BENIGN_DIVERSE_MODERATE,1,r01-t031-affe0174,1789119622273312745,1789119622632171402,0.0,30,0,0.0,False,False,False,False
B5_LOCKED_TC,BENIGN_DIVERSE_MODERATE,1,r01-t032-8f254b1c,1789119622643627230,1789119622990139213,0.0,30,0,0.0,False,False,False,False
B5_LOCKED_TC,BENIGN_DIVERSE_MODERATE,1,r01-t033-17afff18,1789119623000416952,1789119623373317558,0.0,30,0,0.0,False,False,False,False
B5_LOCKED_TC,BENIGN_DIVERSE_MODERATE,1,r01-t034-61ae7d1d,1789119623384018806,1789119623707335618,0.0,30,0,0.0,False,False,False,False
B5_LOCKED_TC,BENIGN_DIVERSE_MODERATE,1,r01-t035-4830f8c7,1789119623717863164,1789119624063911723,0.0,30,0,0.0,False,False,False,False
B5_LOCKED_TC,BENIGN_DIVERSE_MODERATE,1,r01-t036-f98a2e89,1789119624075135218,1789119624404656142,0.0,30,0,0.0,False,False,False,False
B5_LOCKED_TC,BENIGN_DIVERSE_MODERATE,1,r01-t037-0ddf82d9,1789119624415250941,1789119624779652264,0.0,30,0,0.0,False,False,False,False
B5_LOCKED_TC,BENIGN_DIVERSE_MODERATE,1,r01-t038-58ff222e,1789119624791446903,1789119625118634263,0.0,30,0,0.0,False,False,False,False
B5_LOCKED_TC,BENIGN_DIVERSE_MODERATE,1,r01-t039-b063f964,1789119625128907705,1789119625463002267,0.0,30,0,0.0,False,False,False,False
B5_LOCKED_TC,BENIGN_DIVERSE_MODERATE,1,r01-t040-53b4cd48,1789119625473268064,1789119625827334138,0.0,30,0,0.0,False,False,False,False
B5_LOCKED_TC,BENIGN_DIVERSE_MODERATE,1,r01-t041-16776bc7,1789119625838549301,1789119626197451323,0.0,30,0,0.0,False,False,False,False
B5_LOCKED_TC,BENIGN_DIVERSE_MODERATE,1,r01-t042-fe14a127,1789119626208608501,1789119626530094805,0.0,30,0,0.0,False,False,False,False
B5_LOCKED_TC,BENIGN_DIVERSE_MODERATE,1,r01-t043-6f21faa6,1789119626542470641,1789119626897586384,0.0,30,0,0.0,False,False,False,False
B5_LOCKED_TC,BENIGN_DIVERSE_MODERATE,1,r01-t044-8e9bfe87,1789119626909878251,1789119627240502160,0.0,30,0,0.0,False,False,False,False
B5_LOCKED_TC,BENIGN_DIVERSE_MODERATE,1,r01-t045-2033a362,1789119627251559891,1789119627603356109,0.0,30,0,0.0,False,False,False,False
B5_LOCKED_TC,BENIGN_DIVERSE_MODERATE,1,r01-t046-1347223f,1789119627613576148,1789119627940603116,0.0,30,0,0.0,False,False,False,False
B5_LOCKED_TC,BENIGN_DIVERSE_MODERATE,1,r01-t047-d2a77b69,1789119627952986787,1789119628282716069,0.0,30,0,0.0,False,False,False,False
B5_LOCKED_TC,BENIGN_DIVERSE_MODERATE,1,r01-t048-fed8655f,1789119628292842396,1789119628634789224,0.0,30,0,0.0,False,False,False,False
B5_LOCKED_TC,BENIGN_DIVERSE_MODERATE,1,r01-t049-68ff1d77,1789119628645228311,1789119628981602187,0.0,30,0,0.0,False,False,False,False
RFC_DROP_NATIVE,ATTACK_DIVERSE_HIGH,1,r01-t000-0bd3c8f0,1789119643104305325,1789119645114722379,0.0,400,0,0.0,False,False,False,False
RFC_DROP_NATIVE,ATTACK_DIVERSE_HIGH,1,r01-t001-28d1f6b8,1789119643116928723,1789119645128549732,0.0,400,0,0.0,False,False,False,False
RFC_DROP_NATIVE,ATTACK_DIVERSE_HIGH,1,r01-t002-e2a3dfd2,1789119643121545347,1789119645131191851,0.0,400,0,0.0,False,False,False,False
RFC_DROP_NATIVE,ATTACK_DIVERSE_HIGH,1,r01-t003-0452fc71,1789119643130992766,1789119645140947509,0.0,400,0,0.0,False,False,False,False
RFC_DROP_NATIVE,ATTACK_DIVERSE_HIGH,1,r01-t004-a1a02ab6,1789119643141025563,1789119645152510817,0.0,400,0,0.0,False,False,False,False
RFC_DROP_NATIVE,ATTACK_DIVERSE_HIGH,1,r01-t005-d24a9270,1789119643151169883,1789119645160627208,0.0,400,0,0.0,False,False,False,False
RFC_DROP_NATIVE,ATTACK_DIVERSE_HIGH,1,r01-t006-806a292b,1789119643161386326,1789119645172139477,0.0,400,0,0.0,False,False,False,False
RFC_DROP_NATIVE,ATTACK_DIVERSE_HIGH,1,r01-t007-9da0826d,1789119643171111076,1789119645180861758,0.0,400,0,0.0,False,False,False,False
RFC_DROP_NATIVE,ATTACK_DIVERSE_HIGH,1,r01-t008-81691565,1789119643181799083,1789119645192630939,0.0,400,0,0.0,False,False,False,False
RFC_DROP_NATIVE,ATTACK_DIVERSE_HIGH,1,r01-t009-1e51ffc0,1789119643192010280,1789119645200764503,0.0,400,0,0.0,False,False,False,False
RFC_DROP_NATIVE,ATTACK_DIVERSE_HIGH,1,r01-t010-cf25a459,1789119643201418012,1789119645211874276,0.0,400,0,0.0,False,False,False,False
RFC_DROP_NATIVE,ATTACK_DIVERSE_HIGH,1,r01-t011-46f598a7,1789119643211859315,1789119645221298133,0.0,400,0,0.0,False,False,False,False
RFC_DROP_NATIVE,ATTACK_DIVERSE_HIGH,1,r01-t012-8f104774,1789119643221606005,1789119645232646025,0.0,400,0,0.0,False,False,False,False
RFC_DROP_NATIVE,ATTACK_DIVERSE_HIGH,1,r01-t013-10261df3,1789119643232631160,1789119645244659148,0.0,400,0,0.0,False,False,False,False
RFC_DROP_NATIVE,ATTACK_DIVERSE_HIGH,1,r01-t014-58073054,1789119643241457903,1789119645252661630,0.0,400,0,0.0,False,False,False,False
RFC_DROP_NATIVE,ATTACK_DIVERSE_HIGH,1,r01-t015-7c5a9eb2,1789119643251219286,1789119645262937222,0.0,400,0,0.0,False,False,False,False
RFC_DROP_NATIVE,ATTACK_DIVERSE_HIGH,1,r01-t016-852074c8,1789119643261967396,1789119645272569623,0.0,400,0,0.0,False,False,False,False
RFC_DROP_NATIVE,ATTACK_DIVERSE_HIGH,1,r01-t017-15a6036c,1789119643272414900,1789119645283794546,0.0,400,0,0.0,False,False,False,False
RFC_DROP_NATIVE,ATTACK_DIVERSE_HIGH,1,r01-t018-776072f2,1789119643282240106,1789119645293028650,0.0,400,0,0.0,False,False,False,False
RFC_DROP_NATIVE,ATTACK_DIVERSE_HIGH,1,r01-t019-6eba881c,1789119643292180936,1789119645304574117,0.0,400,0,0.0,False,False,False,False
RFC_DROP_NATIVE,ATTACK_DIVERSE_HIGH,1,r01-t020-0d49b29e,1789119643301710305,1789119645315949391,0.0,400,0,0.0,False,False,False,False
RFC_DROP_NATIVE,ATTACK_DIVERSE_HIGH,1,r01-t021-0192f602,1789119643311378195,1789119645323312595,0.0,401,0,0.0,False,False,False,False
RFC_DROP_NATIVE,ATTACK_DIVERSE_HIGH,1,r01-t022-44ab5c56,1789119643321964506,1789119645333483246,0.0,401,0,0.0,False,False,False,False
RFC_DROP_NATIVE,ATTACK_DIVERSE_HIGH,1,r01-t023-c6fe65da,1789119643331810700,1789119645357260399,0.0,401,0,0.0,False,False,False,False
RFC_DROP_NATIVE,ATTACK_DIVERSE_HIGH,1,r01-t024-ca9ef7cf,1789119643341971334,1789119645357032486,0.0,401,0,0.0,False,False,False,False
RFC_DROP_NATIVE,ATTACK_DIVERSE_HIGH,1,r01-t025-7b9096cd,1789119643352110884,1789119645364698873,0.0,401,0,0.0,False,False,False,False
RFC_DROP_NATIVE,ATTACK_DIVERSE_HIGH,1,r01-t026-bd4f42dc,1789119643361399939,1789119645375010717,0.0,401,0,0.0,False,False,False,False
RFC_DROP_NATIVE,ATTACK_DIVERSE_HIGH,1,r01-t027-61d567ae,1789119643371706917,1789119645384548099,0.0,401,0,0.0,False,False,False,False
RFC_DROP_NATIVE,ATTACK_DIVERSE_HIGH,1,r01-t028-97a975f7,1789119643382243811,1789119645412608735,0.0,401,0,0.0,False,False,False,False
RFC_DROP_NATIVE,ATTACK_DIVERSE_HIGH,1,r01-t029-bd201f72,1789119643401710099,1789119645416094576,0.0,401,0,0.0,False,False,False,False
RFC_DROP_NATIVE,ATTACK_DIVERSE_HIGH,1,r01-t030-e6becba3,1789119643403440856,1789119645414743227,0.0,401,0,0.0,False,False,False,False
RFC_DROP_NATIVE,ATTACK_DIVERSE_HIGH,1,r01-t031-bf7fea1f,1789119643413352017,1789119645424572726,0.0,401,0,0.0,False,False,False,False
RFC_DROP_NATIVE,ATTACK_DIVERSE_HIGH,1,r01-t032-946cab4e,1789119643421457723,1789119645446394739,0.0,401,0,0.0,False,False,False,False
RFC_DROP_NATIVE,ATTACK_DIVERSE_HIGH,1,r01-t033-991bd4f7,1789119643431920204,1789119645444577645,0.0,401,0,0.0,False,False,False,False
RFC_DROP_NATIVE,ATTACK_DIVERSE_HIGH,1,r01-t034-0f7aaa73,1789119643442145043,1789119645455454546,0.0,401,0,0.0,False,False,False,False
RFC_DROP_NATIVE,ATTACK_DIVERSE_HIGH,1,r01-t035-103bf772,1789119643451876278,1789119645464828793,0.0,401,0,0.0,False,False,False,False
RFC_DROP_NATIVE,ATTACK_DIVERSE_HIGH,1,r01-t036-3b79517c,1789119643461314540,1789119645482877525,0.0,401,0,0.0,False,False,False,False
RFC_DROP_NATIVE,ATTACK_DIVERSE_HIGH,1,r01-t037-6d960a61,1789119643471326444,1789119645483202268,0.0,401,0,0.0,False,False,False,False
RFC_DROP_NATIVE,ATTACK_DIVERSE_HIGH,1,r01-t038-2e6b0fd7,1789119643481185994,1789119645492956115,0.0,401,0,0.0,False,False,False,False
RFC_DROP_NATIVE,ATTACK_DIVERSE_HIGH,1,r01-t039-4eac1dc5,1789119643491415794,1789119645513847496,0.0,401,0,0.0,False,False,False,False
RFC_DROP_NATIVE,ATTACK_DIVERSE_HIGH,1,r01-t040-dbce860b,1789119643501358723,1789119645512939855,0.0,401,0,0.0,False,False,False,False
RFC_DROP_NATIVE,ATTACK_DIVERSE_HIGH,1,r01-t041-2994a70e,1789119643511661122,1789119645523672224,0.0,401,0,0.0,False,False,False,False
RFC_DROP_NATIVE,ATTACK_DIVERSE_HIGH,1,r01-t042-18eb9ba2,1789119643522117784,1789119645532952597,0.0,401,0,0.0,False,False,False,False
RFC_DROP_NATIVE,ATTACK_DIVERSE_HIGH,1,r01-t043-3469798d,1789119643532094677,1789119645543973744,0.0,401,0,0.0,False,False,False,False
RFC_DROP_NATIVE,ATTACK_DIVERSE_HIGH,1,r01-t044-569f932b,1789119643293579973,1789119645304633158,0.0,400,0,0.0,False,False,False,False
RFC_DROP_NATIVE,ATTACK_DIVERSE_HIGH,1,r01-t045-bc4bf691,1789119643303054676,1789119645315155168,0.0,400,0,0.0,False,False,False,False
RFC_DROP_NATIVE,ATTACK_DIVERSE_HIGH,1,r01-t046-15d5b1ea,1789119643312722852,1789119645324738819,0.0,401,0,0.0,False,False,False,False
RFC_DROP_NATIVE,ATTACK_DIVERSE_HIGH,1,r01-t047-15f418c9,1789119643323027445,1789119645335280578,0.0,401,0,0.0,False,False,False,False
RFC_DROP_NATIVE,ATTACK_DIVERSE_HIGH,1,r01-t048-821cc3ee,1789119643332985449,1789119645344780373,0.0,401,0,0.0,False,False,False,False
RFC_DROP_NATIVE,ATTACK_DIVERSE_HIGH,1,r01-t049-290fd482,1789119643343520626,1789119645356666040,0.0,401,0,0.0,False,False,False,False
B0_OFF,BENIGN_DIVERSE_MODERATE,1,r01-t000-98316cda,1789119678653965369,1789119679033702974,0.0,11,0,0.0,False,False,False,False
B0_OFF,BENIGN_DIVERSE_MODERATE,1,r01-t001-5bc8202c,1789119679047628849,1789119679415108570,0.0,13,0,0.0,False,False,False,False
B0_OFF,BENIGN_DIVERSE_MODERATE,1,r01-t002-f0b186b1,1789119679427522777,1789119679747402514,0.0,19,0,0.0,False,False,False,False
B0_OFF,BENIGN_DIVERSE_MODERATE,1,r01-t003-65089c88,1789119679758068991,1789119680095818405,0.0,24,0,0.0,False,False,False,False
B0_OFF,BENIGN_DIVERSE_MODERATE,1,r01-t004-b1e3ecc9,1789119680106211676,1789119680471687457,0.0,28,0,0.0,False,False,False,False
B0_OFF,BENIGN_DIVERSE_MODERATE,1,r01-t005-8cbc9bf3,1789119680482421353,1789119680804540039,0.0,29,0,0.0,False,False,False,False
B0_OFF,BENIGN_DIVERSE_MODERATE,1,r01-t006-edcf94ce,1789119680815209095,1789119681143419146,0.0,30,0,0.0,False,False,False,False
B0_OFF,BENIGN_DIVERSE_MODERATE,1,r01-t007-b72e0e58,1789119681155608656,1789119681484885470,0.0,30,0,0.0,False,False,False,False
B0_OFF,BENIGN_DIVERSE_MODERATE,1,r01-t008-8c5a7969,1789119681497723192,1789119681827851716,0.0,30,0,0.0,False,False,False,False
B0_OFF,BENIGN_DIVERSE_MODERATE,1,r01-t009-4baa4718,1789119681838860635,1789119682182942345,0.0,30,0,0.0,False,False,False,False
B0_OFF,BENIGN_DIVERSE_MODERATE,1,r01-t010-fbf4fc21,1789119682193525169,1789119682516054575,0.0,30,0,0.0,False,False,False,False
B0_OFF,BENIGN_DIVERSE_MODERATE,1,r01-t011-2b851927,1789119682526500462,1789119682880034159,0.0,30,0,0.0,False,False,False,False
B0_OFF,BENIGN_DIVERSE_MODERATE,1,r01-t012-ed9eeaef,1789119682891114984,1789119683215765691,0.0,30,0,0.0,False,False,False,False
B0_OFF,BENIGN_DIVERSE_MODERATE,1,r01-t013-c080c96d,1789119683226314329,1789119683572750728,0.0,30,0,0.0,False,False,False,False
B0_OFF,BENIGN_DIVERSE_MODERATE,1,r01-t014-7392d5cb,1789119683583099402,1789119683915821062,0.0,30,0,0.0,False,False,False,False
B0_OFF,BENIGN_DIVERSE_MODERATE,1,r01-t015-b532b687,1789119683928841943,1789119684286767690,0.0,30,0,0.0,False,False,False,False
B0_OFF,BENIGN_DIVERSE_MODERATE,1,r01-t016-9a0f859a,1789119684299041041,1789119684628722253,0.0,30,0,0.0,False,False,False,False
B0_OFF,BENIGN_DIVERSE_MODERATE,1,r01-t017-d0bc66de,1789119684638869919,1789119684991790765,0.0,30,0,0.0,False,False,False,False
B0_OFF,BENIGN_DIVERSE_MODERATE,1,r01-t018-e2aa1a0a,1789119685004429188,1789119685327286154,0.0,30,0,0.0,False,False,False,False
B0_OFF,BENIGN_DIVERSE_MODERATE,1,r01-t019-5f9d0cd5,1789119685337463697,1789119685644860677,0.0,30,0,0.0,False,False,False,False
B0_OFF,BENIGN_DIVERSE_MODERATE,1,r01-t020-2cf072ec,1789119685655615503,1789119685972422802,0.0,30,0,0.0,False,False,False,False
B0_OFF,BENIGN_DIVERSE_MODERATE,1,r01-t021-515c133b,1789119685982943918,1789119686324729587,0.0,30,0,0.0,False,False,False,False
B0_OFF,BENIGN_DIVERSE_MODERATE,1,r01-t022-49c309a9,1789119686335825623,1789119686662738801,0.0,30,0,0.0,False,False,False,False
B0_OFF,BENIGN_DIVERSE_MODERATE,1,r01-t023-83550efb,1789119686673851381,1789119687007535217,0.0,30,0,0.0,False,False,False,False
B0_OFF,BENIGN_DIVERSE_MODERATE,1,r01-t024-e0336f71,1789119687017877834,1789119687363444876,0.0,30,0,0.0,False,False,False,False
B0_OFF,BENIGN_DIVERSE_MODERATE,1,r01-t025-27550022,1789119687375188535,1789119687725811684,0.0,30,0,0.0,False,False,False,False
B0_OFF,BENIGN_DIVERSE_MODERATE,1,r01-t026-d6baa192,1789119687737091419,1789119688079576618,0.0,30,0,0.0,False,False,False,False
B0_OFF,BENIGN_DIVERSE_MODERATE,1,r01-t027-3322f6ca,1789119688089721354,1789119688437756367,0.0,30,0,0.0,False,False,False,False
B0_OFF,BENIGN_DIVERSE_MODERATE,1,r01-t028-15e7cfbb,1789119688448576145,1789119688774701017,0.0,30,0,0.0,False,False,False,False
B0_OFF,BENIGN_DIVERSE_MODERATE,1,r01-t029-6be52155,1789119688785197551,1789119689134554569,0.0,30,0,0.0,False,False,False,False
B0_OFF,BENIGN_DIVERSE_MODERATE,1,r01-t030-629ee2d4,1789119689145290394,1789119689514149429,0.0,30,0,0.0,False,False,False,False
B0_OFF,BENIGN_DIVERSE_MODERATE,1,r01-t031-affe0174,1789119689525239225,1789119689859565202,0.0,30,0,0.0,False,False,False,False
B0_OFF,BENIGN_DIVERSE_MODERATE,1,r01-t032-8f254b1c,1789119689871016532,1789119690199702027,0.0,30,0,0.0,False,False,False,False
B0_OFF,BENIGN_DIVERSE_MODERATE,1,r01-t033-17afff18,1789119690210476331,1789119690536134913,0.0,30,0,0.0,False,False,False,False
B0_OFF,BENIGN_DIVERSE_MODERATE,1,r01-t034-61ae7d1d,1789119690546680136,1789119690905499285,0.0,30,0,0.0,False,False,False,False
B0_OFF,BENIGN_DIVERSE_MODERATE,1,r01-t035-4830f8c7,1789119690915903828,1789119691272624861,0.0,30,0,0.0,False,False,False,False
B0_OFF,BENIGN_DIVERSE_MODERATE,1,r01-t036-f98a2e89,1789119691283366262,1789119691614147320,0.0,30,0,0.0,False,False,False,False
B0_OFF,BENIGN_DIVERSE_MODERATE,1,r01-t037-0ddf82d9,1789119691625485199,1789119691960133286,0.0,30,0,0.0,False,False,False,False
B0_OFF,BENIGN_DIVERSE_MODERATE,1,r01-t038-58ff222e,1789119691970632468,1789119692326335265,0.0,30,0,0.0,False,False,False,False
B0_OFF,BENIGN_DIVERSE_MODERATE,1,r01-t039-b063f964,1789119692338037207,1789119692678151276,0.0,30,0,0.0,False,False,False,False
B0_OFF,BENIGN_DIVERSE_MODERATE,1,r01-t040-53b4cd48,1789119692689678921,1789119693033710955,0.0,30,0,0.0,False,False,False,False
B0_OFF,BENIGN_DIVERSE_MODERATE,1,r01-t041-16776bc7,1789119693044593821,1789119693363416321,0.0,30,0,0.0,False,False,False,False
B0_OFF,BENIGN_DIVERSE_MODERATE,1,r01-t042-fe14a127,1789119693375943741,1789119693703560531,0.0,30,0,0.0,False,False,False,False
B0_OFF,BENIGN_DIVERSE_MODERATE,1,r01-t043-6f21faa6,1789119693714070266,1789119694063553075,0.0,30,0,0.0,False,False,False,False
B0_OFF,BENIGN_DIVERSE_MODERATE,1,r01-t044-8e9bfe87,1789119694074515531,1789119694400552517,0.0,30,0,0.0,False,False,False,False
B0_OFF,BENIGN_DIVERSE_MODERATE,1,r01-t045-2033a362,1789119694410650106,1789119694741629095,0.0,30,0,0.0,False,False,False,False
B0_OFF,BENIGN_DIVERSE_MODERATE,1,r01-t046-1347223f,1789119694751729614,1789119695079146100,0.0,30,0,0.0,False,False,False,False
B0_OFF,BENIGN_DIVERSE_MODERATE,1,r01-t047-d2a77b69,1789119695089260358,1789119695422986807,0.0,30,0,0.0,False,False,False,False
B0_OFF,BENIGN_DIVERSE_MODERATE,1,r01-t048-fed8655f,1789119695434716129,1789119695775336323,0.0,30,0,0.0,False,False,False,False
B0_OFF,BENIGN_DIVERSE_MODERATE,1,r01-t049-68ff1d77,1789119695785736062,1789119696133234432,0.0,30,0,0.0,False,False,False,False
B1_RL2_TC,BENIGN_DIVERSE_MODERATE,1,r01-t000-98316cda,1789119707896476194,1789119708686597050,0.0,23,0,0.0,False,False,False,False
B1_RL2_TC,BENIGN_DIVERSE_MODERATE,1,r01-t001-5bc8202c,1789119709663607219,1789119710044984002,0.0,5,0,0.0,False,False,False,False
B1_RL2_TC,BENIGN_DIVERSE_MODERATE,1,r01-t002-f0b186b1,1789119710055205413,1789119710404408493,0.0,9,0,0.0,False,False,False,False
B1_RL2_TC,BENIGN_DIVERSE_MODERATE,1,r01-t003-65089c88,1789119710415025417,1789119710782256007,0.0,14,0,0.0,False,False,False,False
B1_RL2_TC,BENIGN_DIVERSE_MODERATE,1,r01-t004-b1e3ecc9,1789119710794244218,1789119711169845888,0.0,16,0,0.0,False,False,False,False
B1_RL2_TC,BENIGN_DIVERSE_MODERATE,1,r01-t005-8cbc9bf3,1789119711181044979,1789119711586263345,0.0,21,0,0.0,False,False,False,False
B1_RL2_TC,BENIGN_DIVERSE_MODERATE,1,r01-t006-edcf94ce,1789119711596740489,1789119711984089493,0.0,27,0,0.0,False,False,False,False
B1_RL2_TC,BENIGN_DIVERSE_MODERATE,1,r01-t007-b72e0e58,1789119711996001882,1789119712372183774,0.0,29,0,0.0,False,False,False,False
B1_RL2_TC,BENIGN_DIVERSE_MODERATE,1,r01-t008-8c5a7969,1789119712383258929,1789119712804773087,0.0,29,0,0.0,False,False,False,False
B1_RL2_TC,BENIGN_DIVERSE_MODERATE,1,r01-t009-4baa4718,1789119712815273269,1789119713190139674,0.0,29,0,0.0,False,False,False,False
B1_RL2_TC,BENIGN_DIVERSE_MODERATE,1,r01-t010-fbf4fc21,1789119713203638366,1789119713598538421,0.0,29,0,0.0,False,False,False,False
B1_RL2_TC,BENIGN_DIVERSE_MODERATE,1,r01-t011-2b851927,1789119713608566377,1789119713998212550,0.0,29,0,0.0,False,False,False,False
B1_RL2_TC,BENIGN_DIVERSE_MODERATE,1,r01-t012-ed9eeaef,1789119714008676085,1789119714393364564,0.0,29,0,0.0,False,False,False,False
B1_RL2_TC,BENIGN_DIVERSE_MODERATE,1,r01-t013-c080c96d,1789119714404323168,1789119714777680646,0.0,29,0,0.0,False,False,False,False
B1_RL2_TC,BENIGN_DIVERSE_MODERATE,1,r01-t014-7392d5cb,1789119714788388070,1789119715175399089,0.0,29,0,0.0,False,False,False,False
B1_RL2_TC,BENIGN_DIVERSE_MODERATE,1,r01-t015-b532b687,1789119715185648285,1789119715583307920,0.0,29,0,0.0,False,False,False,False
B1_RL2_TC,BENIGN_DIVERSE_MODERATE,1,r01-t016-9a0f859a,1789119715593919888,1789119715976202423,0.0,29,0,0.0,False,False,False,False
B1_RL2_TC,BENIGN_DIVERSE_MODERATE,1,r01-t017-d0bc66de,1789119715986423333,1789119716395620821,0.0,29,0,0.0,False,False,False,False
B1_RL2_TC,BENIGN_DIVERSE_MODERATE,1,r01-t018-e2aa1a0a,1789119716408233385,1789119716788752994,0.0,29,0,0.0,False,False,False,False
B1_RL2_TC,BENIGN_DIVERSE_MODERATE,1,r01-t019-5f9d0cd5,1789119716799756215,1789119717166089205,0.0,29,0,0.0,False,False,False,False
B1_RL2_TC,BENIGN_DIVERSE_MODERATE,1,r01-t020-2cf072ec,1789119717176764164,1789119717569509457,0.0,29,0,0.0,False,False,False,False
B1_RL2_TC,BENIGN_DIVERSE_MODERATE,1,r01-t021-515c133b,1789119717580215909,1789119717957888843,0.0,29,0,0.0,False,False,False,False
B1_RL2_TC,BENIGN_DIVERSE_MODERATE,1,r01-t022-49c309a9,1789119717969424928,1789119718338868770,0.0,29,0,0.0,False,False,False,False
B1_RL2_TC,BENIGN_DIVERSE_MODERATE,1,r01-t023-83550efb,1789119718348984508,1789119718722349091,0.0,29,0,0.0,False,False,False,False
B1_RL2_TC,BENIGN_DIVERSE_MODERATE,1,r01-t024-e0336f71,1789119718732457769,1789119719143148058,0.0,30,0,0.0,False,False,False,False
B1_RL2_TC,BENIGN_DIVERSE_MODERATE,1,r01-t025-27550022,1789119719153151301,1789119719546970536,0.0,29,0,0.0,False,False,False,False
B1_RL2_TC,BENIGN_DIVERSE_MODERATE,1,r01-t026-d6baa192,1789119719557615075,1789119719949004881,0.0,29,0,0.0,False,False,False,False
B1_RL2_TC,BENIGN_DIVERSE_MODERATE,1,r01-t027-3322f6ca,1789119719959552130,1789119720322858717,0.0,29,0,0.0,False,False,False,False
B1_RL2_TC,BENIGN_DIVERSE_MODERATE,1,r01-t028-15e7cfbb,1789119720332515609,1789119720728741737,0.0,29,0,0.0,False,False,False,False
B1_RL2_TC,BENIGN_DIVERSE_MODERATE,1,r01-t029-6be52155,1789119720738636378,1789119721117310515,0.0,29,0,0.0,False,False,False,False
B1_RL2_TC,BENIGN_DIVERSE_MODERATE,1,r01-t030-629ee2d4,1789119721127744999,1789119721549215761,0.0,29,0,0.0,False,False,False,False
B1_RL2_TC,BENIGN_DIVERSE_MODERATE,1,r01-t031-affe0174,1789119721560008269,1789119721920359793,0.0,29,0,0.0,False,False,False,False
B1_RL2_TC,BENIGN_DIVERSE_MODERATE,1,r01-t032-8f254b1c,1789119721929923018,1789119722320352692,0.0,29,0,0.0,False,False,False,False
B1_RL2_TC,BENIGN_DIVERSE_MODERATE,1,r01-t033-17afff18,1789119722329619071,1789119722716114275,0.0,29,0,0.0,False,False,False,False
B1_RL2_TC,BENIGN_DIVERSE_MODERATE,1,r01-t034-61ae7d1d,1789119722725806282,1789119723123918012,0.0,29,0,0.0,False,False,False,False
B1_RL2_TC,BENIGN_DIVERSE_MODERATE,1,r01-t035-4830f8c7,1789119723134227438,1789119723507778206,0.0,29,0,0.0,False,False,False,False
B1_RL2_TC,BENIGN_DIVERSE_MODERATE,1,r01-t036-f98a2e89,1789119723518838945,1789119723890082314,0.0,29,0,0.0,False,False,False,False
B1_RL2_TC,BENIGN_DIVERSE_MODERATE,1,r01-t037-0ddf82d9,1789119723901072089,1789119724261285663,0.0,29,0,0.0,False,False,False,False
B1_RL2_TC,BENIGN_DIVERSE_MODERATE,1,r01-t038-58ff222e,1789119724271764265,1789119724671647925,0.0,29,0,0.0,False,False,False,False
B1_RL2_TC,BENIGN_DIVERSE_MODERATE,1,r01-t039-b063f964,1789119724682893477,1789119725045673335,0.0,29,0,0.0,False,False,False,False
B1_RL2_TC,BENIGN_DIVERSE_MODERATE,1,r01-t040-53b4cd48,1789119725055584027,1789119725421145928,0.0,30,0,0.0,False,False,False,False
B1_RL2_TC,BENIGN_DIVERSE_MODERATE,1,r01-t041-16776bc7,1789119725432440478,1789119725812814788,0.0,30,0,0.0,False,False,False,False
B1_RL2_TC,BENIGN_DIVERSE_MODERATE,1,r01-t042-fe14a127,1789119725822762061,1789119726189388144,0.0,30,0,0.0,False,False,False,False
B1_RL2_TC,BENIGN_DIVERSE_MODERATE,1,r01-t043-6f21faa6,1789119726201204376,1789119726558494811,0.0,30,0,0.0,False,False,False,False
B1_RL2_TC,BENIGN_DIVERSE_MODERATE,1,r01-t044-8e9bfe87,1789119726569716588,1789119726946935071,0.0,30,0,0.0,False,False,False,False
B1_RL2_TC,BENIGN_DIVERSE_MODERATE,1,r01-t045-2033a362,1789119726960175417,1789119727354359763,0.0,30,0,0.0,False,False,False,False
B1_RL2_TC,BENIGN_DIVERSE_MODERATE,1,r01-t046-1347223f,1789119727364742951,1789119727733787165,0.0,30,0,0.0,False,False,False,False
B1_RL2_TC,BENIGN_DIVERSE_MODERATE,1,r01-t047-d2a77b69,1789119727744877272,1789119728131686819,0.0,30,0,0.0,False,False,False,False
B1_RL2_TC,BENIGN_DIVERSE_MODERATE,1,r01-t048-fed8655f,1789119728142388402,1789119728497350340,0.0,30,0,0.0,False,False,False,False
B1_RL2_TC,BENIGN_DIVERSE_MODERATE,1,r01-t049-68ff1d77,1789119728507680382,1789119728886330545,0.0,30,0,0.0,False,False,False,False
B5_LOCKED_TC,BENIGN_DIVERSE_HIGH,1,r01-t000-0bd3c8f0,1789119742678398378,1789119743840477274,0.0,273,0,0.0,False,False,False,False
B5_LOCKED_TC,BENIGN_DIVERSE_HIGH,1,r01-t001-28d1f6b8,1789119743852031700,1789119744262623783,0.0,403,0,0.0,False,False,False,False
B5_LOCKED_TC,BENIGN_DIVERSE_HIGH,1,r01-t002-e2a3dfd2,1789119744275146721,1789119744666786468,0.0,404,0,0.0,False,False,False,False
B5_LOCKED_TC,BENIGN_DIVERSE_HIGH,1,r01-t003-0452fc71,1789119744678770146,1789119745098032991,0.0,405,0,0.0,False,False,False,False
B5_LOCKED_TC,BENIGN_DIVERSE_HIGH,1,r01-t004-a1a02ab6,1789119745109399007,1789119745494799296,0.0,405,0,0.0,False,False,False,False
B5_LOCKED_TC,BENIGN_DIVERSE_HIGH,1,r01-t005-d24a9270,1789119745507192360,1789119745912619878,0.0,405,0,0.0,False,False,False,False
B5_LOCKED_TC,BENIGN_DIVERSE_HIGH,1,r01-t006-806a292b,1789119745923984175,1789119746333686244,0.0,405,0,0.0,False,False,False,False
B5_LOCKED_TC,BENIGN_DIVERSE_HIGH,1,r01-t007-9da0826d,1789119746346551436,1789119746731073265,0.0,405,0,0.0,False,False,False,False
B5_LOCKED_TC,BENIGN_DIVERSE_HIGH,1,r01-t008-81691565,1789119746742188225,1789119747124330795,0.0,405,0,0.0,False,False,False,False
B5_LOCKED_TC,BENIGN_DIVERSE_HIGH,1,r01-t009-1e51ffc0,1789119747135655079,1789119747540951959,0.0,405,0,0.0,False,False,False,False
B5_LOCKED_TC,BENIGN_DIVERSE_HIGH,1,r01-t010-cf25a459,1789119747554487718,1789119747966085173,0.0,405,0,0.0,False,False,False,False
B5_LOCKED_TC,BENIGN_DIVERSE_HIGH,1,r01-t011-46f598a7,1789119747978056341,1789119748351002353,0.0,405,0,0.0,False,False,False,False
B5_LOCKED_TC,BENIGN_DIVERSE_HIGH,1,r01-t012-8f104774,1789119748364482439,1789119748758169027,0.0,405,0,0.0,False,False,False,False
B5_LOCKED_TC,BENIGN_DIVERSE_HIGH,1,r01-t013-10261df3,1789119748770144396,1789119749146147969,0.0,405,0,0.0,False,False,False,False
B5_LOCKED_TC,BENIGN_DIVERSE_HIGH,1,r01-t014-58073054,1789119749158433698,1789119749570725593,0.0,405,0,0.0,False,False,False,False
B5_LOCKED_TC,BENIGN_DIVERSE_HIGH,1,r01-t015-7c5a9eb2,1789119749583772512,1789119749993396561,0.0,405,0,0.0,False,False,False,False
B5_LOCKED_TC,BENIGN_DIVERSE_HIGH,1,r01-t016-852074c8,1789119750004780149,1789119750416303499,0.0,405,0,0.0,False,False,False,False
B5_LOCKED_TC,BENIGN_DIVERSE_HIGH,1,r01-t017-15a6036c,1789119750428828634,1789119750801804058,0.0,405,0,0.0,False,False,False,False
B5_LOCKED_TC,BENIGN_DIVERSE_HIGH,1,r01-t018-776072f2,1789119750814440635,1789119751173189202,0.0,405,0,0.0,False,False,False,False
B5_LOCKED_TC,BENIGN_DIVERSE_HIGH,1,r01-t019-6eba881c,1789119751184651095,1789119751618026489,0.0,405,0,0.0,False,False,False,False
B5_LOCKED_TC,BENIGN_DIVERSE_HIGH,1,r01-t020-0d49b29e,1789119751629776871,1789119752007791274,0.0,405,0,0.0,False,False,False,False
B5_LOCKED_TC,BENIGN_DIVERSE_HIGH,1,r01-t021-0192f602,1789119752019299875,1789119752421870431,0.0,405,0,0.0,False,False,False,False
B5_LOCKED_TC,BENIGN_DIVERSE_HIGH,1,r01-t022-44ab5c56,1789119752433948080,1789119752876497977,0.0,405,0,0.0,False,False,False,False
B5_LOCKED_TC,BENIGN_DIVERSE_HIGH,1,r01-t023-c6fe65da,1789119752890661537,1789119753281195967,0.0,405,0,0.0,False,False,False,False
B5_LOCKED_TC,BENIGN_DIVERSE_HIGH,1,r01-t024-ca9ef7cf,1789119753292406091,1789119753667507529,0.0,405,0,0.0,False,False,False,False
B5_LOCKED_TC,BENIGN_DIVERSE_HIGH,1,r01-t025-7b9096cd,1789119753679348130,1789119754093223096,0.0,405,0,0.0,False,False,False,False
B5_LOCKED_TC,BENIGN_DIVERSE_HIGH,1,r01-t026-bd4f42dc,1789119754104475412,1789119754472064450,0.0,405,0,0.0,False,False,False,False
B5_LOCKED_TC,BENIGN_DIVERSE_HIGH,1,r01-t027-61d567ae,1789119754483326954,1789119754900443261,0.0,405,0,0.0,False,False,False,False
B5_LOCKED_TC,BENIGN_DIVERSE_HIGH,1,r01-t028-97a975f7,1789119754913049771,1789119755334603042,0.0,405,0,0.0,False,False,False,False
B5_LOCKED_TC,BENIGN_DIVERSE_HIGH,1,r01-t029-bd201f72,1789119755345889547,1789119755774644456,0.0,405,0,0.0,False,False,False,False
B5_LOCKED_TC,BENIGN_DIVERSE_HIGH,1,r01-t030-e6becba3,1789119755785956865,1789119756176429771,0.0,405,0,0.0,False,False,False,False
B5_LOCKED_TC,BENIGN_DIVERSE_HIGH,1,r01-t031-bf7fea1f,1789119756188944661,1789119756586302918,0.0,405,0,0.0,False,False,False,False
B5_LOCKED_TC,BENIGN_DIVERSE_HIGH,1,r01-t032-946cab4e,1789119756597567994,1789119757001971793,0.0,405,0,0.0,False,False,False,False
B5_LOCKED_TC,BENIGN_DIVERSE_HIGH,1,r01-t033-991bd4f7,1789119757013519060,1789119757438055958,0.0,405,0,0.0,False,False,False,False
B5_LOCKED_TC,BENIGN_DIVERSE_HIGH,1,r01-t034-0f7aaa73,1789119757452722187,1789119757824259807,0.0,405,0,0.0,False,False,False,False
B5_LOCKED_TC,BENIGN_DIVERSE_HIGH,1,r01-t035-103bf772,1789119757835849550,1789119758225052738,0.0,405,0,0.0,False,False,False,False
B5_LOCKED_TC,BENIGN_DIVERSE_HIGH,1,r01-t036-3b79517c,1789119758237241818,1789119758615663740,0.0,405,0,0.0,False,False,False,False
B5_LOCKED_TC,BENIGN_DIVERSE_HIGH,1,r01-t037-6d960a61,1789119758626829958,1789119759033149667,0.0,405,0,0.0,False,False,False,False
B5_LOCKED_TC,BENIGN_DIVERSE_HIGH,1,r01-t038-2e6b0fd7,1789119759044616649,1789119759469445071,0.0,405,0,0.0,False,False,False,False
B5_LOCKED_TC,BENIGN_DIVERSE_HIGH,1,r01-t039-4eac1dc5,1789119759483407392,1789119759882718667,0.0,405,0,0.0,False,False,False,False
B5_LOCKED_TC,BENIGN_DIVERSE_HIGH,1,r01-t040-dbce860b,1789119759894314017,1789119760299946494,0.0,405,0,0.0,False,False,False,False
B5_LOCKED_TC,BENIGN_DIVERSE_HIGH,1,r01-t041-2994a70e,1789119760321809497,1789119760719083734,0.0,405,0,0.0,False,False,False,False
B5_LOCKED_TC,BENIGN_DIVERSE_HIGH,1,r01-t042-18eb9ba2,1789119760734575050,1789119761155380781,0.0,405,0,0.0,False,False,False,False
B5_LOCKED_TC,BENIGN_DIVERSE_HIGH,1,r01-t043-3469798d,1789119761167106438,1789119761552106401,0.0,405,0,0.0,False,False,False,False
B5_LOCKED_TC,BENIGN_DIVERSE_HIGH,1,r01-t044-569f932b,1789119761565154141,1789119761963726590,0.0,405,0,0.0,False,False,False,False
B5_LOCKED_TC,BENIGN_DIVERSE_HIGH,1,r01-t045-bc4bf691,1789119761975927722,1789119762369686164,0.0,405,0,0.0,False,False,False,False
B5_LOCKED_TC,BENIGN_DIVERSE_HIGH,1,r01-t046-15d5b1ea,1789119762382618341,1789119762758201445,0.0,405,0,0.0,False,False,False,False
B5_LOCKED_TC,BENIGN_DIVERSE_HIGH,1,r01-t047-15f418c9,1789119762769517921,1789119763172712816,0.0,405,0,0.0,False,False,False,False
B5_LOCKED_TC,BENIGN_DIVERSE_HIGH,1,r01-t048-821cc3ee,1789119763186983913,1789119763596611179,0.0,405,0,0.0,False,False,False,False
B5_LOCKED_TC,BENIGN_DIVERSE_HIGH,1,r01-t049-290fd482,1789119763610547191,1789119764000394545,0.0,405,0,0.0,False,False,False,False
B5_LOCKED_TC,ATTACK_DIVERSE_MODERATE,1,r01-t000-98316cda,1789119777945928757,1789119778119156141,0.0,24,0,0.0,False,False,False,False
B5_LOCKED_TC,ATTACK_DIVERSE_MODERATE,1,r01-t001-5bc8202c,1789119778129698547,1789119778396365007,0.0,25,0,0.0,False,False,False,False
B5_LOCKED_TC,ATTACK_DIVERSE_MODERATE,1,r01-t002-f0b186b1,1789119778407267182,1789119778712424351,0.0,26,0,0.0,False,False,False,False
B5_LOCKED_TC,ATTACK_DIVERSE_MODERATE,1,r01-t003-65089c88,1789119778723151358,1789119779049333429,0.0,27,0,0.0,False,False,False,False
B5_LOCKED_TC,ATTACK_DIVERSE_MODERATE,1,r01-t004-b1e3ecc9,1789119779061446543,1789119779372536775,0.0,28,0,0.0,False,False,False,False
B5_LOCKED_TC,ATTACK_DIVERSE_MODERATE,1,r01-t005-8cbc9bf3,1789119779383304265,1789119779708069746,0.0,29,0,0.0,False,False,False,False
B5_LOCKED_TC,ATTACK_DIVERSE_MODERATE,1,r01-t006-edcf94ce,1789119779718752746,1789119780030797213,0.0,30,0,0.0,False,False,False,False
B5_LOCKED_TC,ATTACK_DIVERSE_MODERATE,1,r01-t007-b72e0e58,1789119780043308483,1789119780362218531,0.0,31,0,0.0,False,False,False,False
B5_LOCKED_TC,ATTACK_DIVERSE_MODERATE,1,r01-t008-8c5a7969,1789119780373425227,1789119780674918810,0.0,31,0,0.0,False,False,False,False
B5_LOCKED_TC,ATTACK_DIVERSE_MODERATE,1,r01-t009-4baa4718,1789119780685479030,1789119781011586709,0.0,31,0,0.0,False,False,False,False
B5_LOCKED_TC,ATTACK_DIVERSE_MODERATE,1,r01-t010-fbf4fc21,1789119781022505266,1789119781335957465,0.0,31,0,0.0,False,False,False,False
B5_LOCKED_TC,ATTACK_DIVERSE_MODERATE,1,r01-t011-2b851927,1789119781347899983,1789119781672678419,0.0,31,0,0.0,False,False,False,False
B5_LOCKED_TC,ATTACK_DIVERSE_MODERATE,1,r01-t012-ed9eeaef,1789119781683753477,1789119781987550351,0.0,31,0,0.0,False,False,False,False
B5_LOCKED_TC,ATTACK_DIVERSE_MODERATE,1,r01-t013-c080c96d,1789119781998264689,1789119782317086629,0.0,31,0,0.0,False,False,False,False
B5_LOCKED_TC,ATTACK_DIVERSE_MODERATE,1,r01-t014-7392d5cb,1789119782327174017,1789119782650578727,0.0,31,0,0.0,False,False,False,False
B5_LOCKED_TC,ATTACK_DIVERSE_MODERATE,1,r01-t015-b532b687,1789119782661036932,1789119782964192473,0.0,31,0,0.0,False,False,False,False
B5_LOCKED_TC,ATTACK_DIVERSE_MODERATE,1,r01-t016-9a0f859a,1789119782974632676,1789119783289030918,0.0,31,0,0.0,False,False,False,False
B5_LOCKED_TC,ATTACK_DIVERSE_MODERATE,1,r01-t017-d0bc66de,1789119783300946575,1789119783604258329,0.0,31,0,0.0,False,False,False,False
B5_LOCKED_TC,ATTACK_DIVERSE_MODERATE,1,r01-t018-e2aa1a0a,1789119783615644766,1789119783928771298,0.0,31,0,0.0,False,False,False,False
B5_LOCKED_TC,ATTACK_DIVERSE_MODERATE,1,r01-t019-5f9d0cd5,1789119783939311325,1789119784239391557,0.0,31,0,0.0,False,False,False,False
B5_LOCKED_TC,ATTACK_DIVERSE_MODERATE,1,r01-t020-2cf072ec,1789119784249640587,1789119784573125213,0.0,31,0,0.0,False,False,False,False
B5_LOCKED_TC,ATTACK_DIVERSE_MODERATE,1,r01-t021-515c133b,1789119784583719248,1789119784950489289,0.0,31,0,0.0,False,False,False,False
B5_LOCKED_TC,ATTACK_DIVERSE_MODERATE,1,r01-t022-49c309a9,1789119784961553011,1789119785259154021,0.0,30,0,0.0,False,False,False,False
B5_LOCKED_TC,ATTACK_DIVERSE_MODERATE,1,r01-t023-83550efb,1789119785270281848,1789119785602829944,0.0,31,0,0.0,False,False,False,False
B5_LOCKED_TC,ATTACK_DIVERSE_MODERATE,1,r01-t024-e0336f71,1789119785614501766,1789119785937668116,0.0,30,0,0.0,False,False,False,False
B5_LOCKED_TC,ATTACK_DIVERSE_MODERATE,1,r01-t025-27550022,1789119785948378495,1789119786263606129,0.0,30,0,0.0,False,False,False,False
B5_LOCKED_TC,ATTACK_DIVERSE_MODERATE,1,r01-t026-d6baa192,1789119786275350242,1789119786571634391,0.0,30,0,0.0,False,False,False,False
B5_LOCKED_TC,ATTACK_DIVERSE_MODERATE,1,r01-t027-3322f6ca,1789119786582120298,1789119786941085536,0.0,30,0,0.0,False,False,False,False
B5_LOCKED_TC,ATTACK_DIVERSE_MODERATE,1,r01-t028-15e7cfbb,1789119786952935473,1789119787287991183,0.0,30,0,0.0,False,False,False,False
B5_LOCKED_TC,ATTACK_DIVERSE_MODERATE,1,r01-t029-6be52155,1789119787299980193,1789119787623655620,0.0,30,0,0.0,False,False,False,False
B5_LOCKED_TC,ATTACK_DIVERSE_MODERATE,1,r01-t030-629ee2d4,1789119787635078555,1789119787964207064,0.0,30,0,0.0,False,False,False,False
B5_LOCKED_TC,ATTACK_DIVERSE_MODERATE,1,r01-t031-affe0174,1789119787977300959,1789119788309867045,0.0,30,0,0.0,False,False,False,False
B5_LOCKED_TC,ATTACK_DIVERSE_MODERATE,1,r01-t032-8f254b1c,1789119788326771940,1789119788634640326,0.0,30,0,0.0,False,False,False,False
B5_LOCKED_TC,ATTACK_DIVERSE_MODERATE,1,r01-t033-17afff18,1789119788647630486,1789119788932103171,0.0,30,0,0.0,False,False,False,False
B5_LOCKED_TC,ATTACK_DIVERSE_MODERATE,1,r01-t034-61ae7d1d,1789119788946202680,1789119789267516061,0.0,30,0,0.0,False,False,False,False
B5_LOCKED_TC,ATTACK_DIVERSE_MODERATE,1,r01-t035-4830f8c7,1789119789281119413,1789119789635241056,0.0,31,0,0.0,False,False,False,False
B5_LOCKED_TC,ATTACK_DIVERSE_MODERATE,1,r01-t036-f98a2e89,1789119789655788433,1789119789983754395,0.0,30,0,0.0,False,False,False,False
B5_LOCKED_TC,ATTACK_DIVERSE_MODERATE,1,r01-t037-0ddf82d9,1789119789995143417,1789119790320010269,0.0,30,0,0.0,False,False,False,False
B5_LOCKED_TC,ATTACK_DIVERSE_MODERATE,1,r01-t038-58ff222e,1789119790330665172,1789119790656513985,0.0,30,0,0.0,False,False,False,False
B5_LOCKED_TC,ATTACK_DIVERSE_MODERATE,1,r01-t039-b063f964,1789119790670505485,1789119790988211533,0.0,30,0,0.0,False,False,False,False
B5_LOCKED_TC,ATTACK_DIVERSE_MODERATE,1,r01-t040-53b4cd48,1789119791001429491,1789119791358775067,0.0,30,0,0.0,False,False,False,False
B5_LOCKED_TC,ATTACK_DIVERSE_MODERATE,1,r01-t041-16776bc7,1789119791373101804,1789119791683632610,0.0,30,0,0.0,False,False,False,False
B5_LOCKED_TC,ATTACK_DIVERSE_MODERATE,1,r01-t042-fe14a127,1789119791696988595,1789119791985600393,0.0,30,0,0.0,False,False,False,False
B5_LOCKED_TC,ATTACK_DIVERSE_MODERATE,1,r01-t043-6f21faa6,1789119792001252973,1789119792305964871,0.0,30,0,0.0,False,False,False,False
B5_LOCKED_TC,ATTACK_DIVERSE_MODERATE,1,r01-t044-8e9bfe87,1789119792322317277,1789119792649034343,0.0,30,0,0.0,False,False,False,False
B5_LOCKED_TC,ATTACK_DIVERSE_MODERATE,1,r01-t045-2033a362,1789119792665052462,1789119793027250563,0.0,30,0,0.0,False,False,False,False
B5_LOCKED_TC,ATTACK_DIVERSE_MODERATE,1,r01-t046-1347223f,1789119793041895627,1789119793328071759,0.0,30,0,0.0,False,False,False,False
B5_LOCKED_TC,ATTACK_DIVERSE_MODERATE,1,r01-t047-d2a77b69,1789119793342587822,1789119793685942174,0.0,31,0,0.0,False,False,False,False
B5_LOCKED_TC,ATTACK_DIVERSE_MODERATE,1,r01-t048-fed8655f,1789119793699367300,1789119794020245214,0.0,30,0,0.0,False,False,False,False
B5_LOCKED_TC,ATTACK_DIVERSE_MODERATE,1,r01-t049-68ff1d77,1789119794034480726,1789119794341722069,0.0,30,0,0.0,False,False,False,False
B1_RL2_TC,ATTACK_DIVERSE_HIGH,1,r01-t000-0bd3c8f0,1789119808433833695,1789119808702894035,0.0,400,0,0.0,False,False,False,False
B1_RL2_TC,ATTACK_DIVERSE_HIGH,1,r01-t001-28d1f6b8,1789119808714682118,1789119808969476248,0.0,401,0,0.0,False,False,False,False
B1_RL2_TC,ATTACK_DIVERSE_HIGH,1,r01-t002-e2a3dfd2,1789119808980692780,1789119809342930327,0.0,402,0,0.0,False,False,False,False
B1_RL2_TC,ATTACK_DIVERSE_HIGH,1,r01-t003-0452fc71,1789119809354265613,1789119809720378597,0.0,403,0,0.0,False,False,False,False
B1_RL2_TC,ATTACK_DIVERSE_HIGH,1,r01-t004-a1a02ab6,1789119809733124261,1789119810076857218,0.0,404,0,0.0,False,False,False,False
B1_RL2_TC,ATTACK_DIVERSE_HIGH,1,r01-t005-d24a9270,1789119810088951108,1789119810471709992,0.0,405,0,0.0,False,False,False,False
B1_RL2_TC,ATTACK_DIVERSE_HIGH,1,r01-t006-806a292b,1789119810484258874,1789119810767280763,0.0,406,0,0.0,False,False,False,False
B1_RL2_TC,ATTACK_DIVERSE_HIGH,1,r01-t007-9da0826d,1789119810778902014,1789119811137299078,0.0,406,0,0.0,False,False,False,False
B1_RL2_TC,ATTACK_DIVERSE_HIGH,1,r01-t008-81691565,1789119811148910844,1789119811472813222,0.0,406,0,0.0,False,False,False,False
B1_RL2_TC,ATTACK_DIVERSE_HIGH,1,r01-t009-1e51ffc0,1789119811483654007,1789119811799008553,0.0,406,0,0.0,False,False,False,False
B1_RL2_TC,ATTACK_DIVERSE_HIGH,1,r01-t010-cf25a459,1789119811810082886,1789119812126885941,0.0,406,0,0.0,False,False,False,False
B1_RL2_TC,ATTACK_DIVERSE_HIGH,1,r01-t011-46f598a7,1789119812137922456,1789119812459360606,0.0,406,0,0.0,False,False,False,False
B1_RL2_TC,ATTACK_DIVERSE_HIGH,1,r01-t012-8f104774,1789119812472261169,1789119812812231739,0.0,406,0,0.0,False,False,False,False
B1_RL2_TC,ATTACK_DIVERSE_HIGH,1,r01-t013-10261df3,1789119812824129567,1789119813173509852,0.0,406,0,0.0,False,False,False,False
B1_RL2_TC,ATTACK_DIVERSE_HIGH,1,r01-t014-58073054,1789119813185216877,1789119813508130171,0.0,406,0,0.0,False,False,False,False
B1_RL2_TC,ATTACK_DIVERSE_HIGH,1,r01-t015-7c5a9eb2,1789119813522393841,1789119813904258467,0.0,406,0,0.0,False,False,False,False
B1_RL2_TC,ATTACK_DIVERSE_HIGH,1,r01-t016-852074c8,1789119813917429263,1789119814215261136,0.0,406,0,0.0,False,False,False,False
B1_RL2_TC,ATTACK_DIVERSE_HIGH,1,r01-t017-15a6036c,1789119814227659526,1789119814565438186,0.0,406,0,0.0,False,False,False,False
B1_RL2_TC,ATTACK_DIVERSE_HIGH,1,r01-t018-776072f2,1789119814582886452,1789119814922397598,0.0,406,0,0.0,False,False,False,False
B1_RL2_TC,ATTACK_DIVERSE_HIGH,1,r01-t019-6eba881c,1789119814936180707,1789119815279626769,0.0,406,0,0.0,False,False,False,False
B1_RL2_TC,ATTACK_DIVERSE_HIGH,1,r01-t020-0d49b29e,1789119815291987244,1789119815592627322,0.0,406,0,0.0,False,False,False,False
B1_RL2_TC,ATTACK_DIVERSE_HIGH,1,r01-t021-0192f602,1789119815603636824,1789119815933573707,0.0,406,0,0.0,False,False,False,False
B1_RL2_TC,ATTACK_DIVERSE_HIGH,1,r01-t022-44ab5c56,1789119815944298662,1789119816251683092,0.0,406,0,0.0,False,False,False,False
B1_RL2_TC,ATTACK_DIVERSE_HIGH,1,r01-t023-c6fe65da,1789119816263857599,1789119816611367391,0.0,406,0,0.0,False,False,False,False
B1_RL2_TC,ATTACK_DIVERSE_HIGH,1,r01-t024-ca9ef7cf,1789119816622799255,1789119816924598177,0.0,406,0,0.0,False,False,False,False
B1_RL2_TC,ATTACK_DIVERSE_HIGH,1,r01-t025-7b9096cd,1789119816937563005,1789119817294259292,0.0,406,0,0.0,False,False,False,False
B1_RL2_TC,ATTACK_DIVERSE_HIGH,1,r01-t026-bd4f42dc,1789119817305712768,1789119817646672707,0.0,406,0,0.0,False,False,False,False
B1_RL2_TC,ATTACK_DIVERSE_HIGH,1,r01-t027-61d567ae,1789119817657674245,1789119817990662552,0.0,406,0,0.0,False,False,False,False
B1_RL2_TC,ATTACK_DIVERSE_HIGH,1,r01-t028-97a975f7,1789119818007166663,1789119818366252961,0.0,406,0,0.0,False,False,False,False
B1_RL2_TC,ATTACK_DIVERSE_HIGH,1,r01-t029-bd201f72,1789119818377310234,1789119818698305357,0.0,406,0,0.0,False,False,False,False
B1_RL2_TC,ATTACK_DIVERSE_HIGH,1,r01-t030-e6becba3,1789119818709430774,1789119819063254147,0.0,406,0,0.0,False,False,False,False
B1_RL2_TC,ATTACK_DIVERSE_HIGH,1,r01-t031-bf7fea1f,1789119819076808762,1789119819381226502,0.0,406,0,0.0,False,False,False,False
B1_RL2_TC,ATTACK_DIVERSE_HIGH,1,r01-t032-946cab4e,1789119819394054677,1789119819735951309,0.0,406,0,0.0,False,False,False,False
B1_RL2_TC,ATTACK_DIVERSE_HIGH,1,r01-t033-991bd4f7,1789119819747880881,1789119820076585699,0.0,406,0,0.0,False,False,False,False
B1_RL2_TC,ATTACK_DIVERSE_HIGH,1,r01-t034-0f7aaa73,1789119820087115299,1789119820432656448,0.0,406,0,0.0,False,False,False,False
B1_RL2_TC,ATTACK_DIVERSE_HIGH,1,r01-t035-103bf772,1789119820445444312,1789119820794917195,0.0,406,0,0.0,False,False,False,False
B1_RL2_TC,ATTACK_DIVERSE_HIGH,1,r01-t036-3b79517c,1789119820806347544,1789119821103192485,0.0,406,0,0.0,False,False,False,False
B1_RL2_TC,ATTACK_DIVERSE_HIGH,1,r01-t037-6d960a61,1789119821116535373,1789119821456498285,0.0,406,0,0.0,False,False,False,False
B1_RL2_TC,ATTACK_DIVERSE_HIGH,1,r01-t038-2e6b0fd7,1789119821468845339,1789119821789730732,0.0,406,0,0.0,False,False,False,False
B1_RL2_TC,ATTACK_DIVERSE_HIGH,1,r01-t039-4eac1dc5,1789119821812197369,1789119822166584570,0.0,406,0,0.0,False,False,False,False
B1_RL2_TC,ATTACK_DIVERSE_HIGH,1,r01-t040-dbce860b,1789119822178099274,1789119822517656741,0.0,406,0,0.0,False,False,False,False
B1_RL2_TC,ATTACK_DIVERSE_HIGH,1,r01-t041-2994a70e,1789119822529378506,1789119822843373870,0.0,406,0,0.0,False,False,False,False
B1_RL2_TC,ATTACK_DIVERSE_HIGH,1,r01-t042-18eb9ba2,1789119822855144438,1789119823237808584,0.0,406,0,0.0,False,False,False,False
B1_RL2_TC,ATTACK_DIVERSE_HIGH,1,r01-t043-3469798d,1789119823263108944,1789119823552117385,0.0,400,0,0.0,False,False,False,False
B1_RL2_TC,ATTACK_DIVERSE_HIGH,1,r01-t044-569f932b,1789119823566655237,1789119823938988072,0.0,406,0,0.0,False,False,False,False
B1_RL2_TC,ATTACK_DIVERSE_HIGH,1,r01-t045-bc4bf691,1789119823957482945,1789119824286424684,0.0,406,0,0.0,False,False,False,False
B1_RL2_TC,ATTACK_DIVERSE_HIGH,1,r01-t046-15d5b1ea,1789119824298827912,1789119824649198464,0.0,406,0,0.0,False,False,False,False
B1_RL2_TC,ATTACK_DIVERSE_HIGH,1,r01-t047-15f418c9,1789119824663879457,1789119824956811700,0.0,406,0,0.0,False,False,False,False
B1_RL2_TC,ATTACK_DIVERSE_HIGH,1,r01-t048-821cc3ee,1789119824969039687,1789119825335704704,0.0,406,0,0.0,False,False,False,False
B1_RL2_TC,ATTACK_DIVERSE_HIGH,1,r01-t049-290fd482,1789119825349124668,1789119825665122991,0.0,406,0,0.0,False,False,False,False
RFC_DROP_NATIVE,BENIGN_DIVERSE_HIGH,1,r01-t000-0bd3c8f0,1789119840931443064,1789119842951215030,0.0,400,0,0.0,False,False,False,False
RFC_DROP_NATIVE,BENIGN_DIVERSE_HIGH,1,r01-t001-28d1f6b8,1789119840945374265,1789119842955708668,0.0,400,0,0.0,False,False,False,False
RFC_DROP_NATIVE,BENIGN_DIVERSE_HIGH,1,r01-t002-e2a3dfd2,1789119840947901948,1789119842970491389,0.0,400,0,0.0,False,False,False,False
RFC_DROP_NATIVE,BENIGN_DIVERSE_HIGH,1,r01-t003-0452fc71,1789119840957923028,1789119842969059230,0.0,400,0,0.0,False,False,False,False
RFC_DROP_NATIVE,BENIGN_DIVERSE_HIGH,1,r01-t004-a1a02ab6,1789119840968219598,1789119842978770649,0.0,400,0,0.0,False,False,False,False
RFC_DROP_NATIVE,BENIGN_DIVERSE_HIGH,1,r01-t005-d24a9270,1789119840978663126,1789119842997818553,0.0,400,0,0.0,False,False,False,False
RFC_DROP_NATIVE,BENIGN_DIVERSE_HIGH,1,r01-t006-806a292b,1789119840988564699,1789119842997432580,0.0,400,0,0.0,False,False,False,False
RFC_DROP_NATIVE,BENIGN_DIVERSE_HIGH,1,r01-t007-9da0826d,1789119840998051792,1789119843007875821,0.0,400,0,0.0,False,False,False,False
RFC_DROP_NATIVE,BENIGN_DIVERSE_HIGH,1,r01-t008-81691565,1789119841007967764,1789119843018816189,0.0,400,0,0.0,False,False,False,False
RFC_DROP_NATIVE,BENIGN_DIVERSE_HIGH,1,r01-t009-1e51ffc0,1789119841017616023,1789119843038717151,0.0,400,0,0.0,False,False,False,False
RFC_DROP_NATIVE,BENIGN_DIVERSE_HIGH,1,r01-t010-cf25a459,1789119841028740019,1789119843039117618,0.0,400,0,0.0,False,False,False,False
RFC_DROP_NATIVE,BENIGN_DIVERSE_HIGH,1,r01-t011-46f598a7,1789119841038475147,1789119843047920115,0.0,400,0,0.0,False,False,False,False
RFC_DROP_NATIVE,BENIGN_DIVERSE_HIGH,1,r01-t012-8f104774,1789119841047914245,1789119843059744736,0.0,400,0,0.0,False,False,False,False
RFC_DROP_NATIVE,BENIGN_DIVERSE_HIGH,1,r01-t013-10261df3,1789119841058737507,1789119843071386882,0.0,400,0,0.0,False,False,False,False
RFC_DROP_NATIVE,BENIGN_DIVERSE_HIGH,1,r01-t014-58073054,1789119841068111428,1789119843081837418,0.0,400,0,0.0,False,False,False,False
RFC_DROP_NATIVE,BENIGN_DIVERSE_HIGH,1,r01-t015-7c5a9eb2,1789119841078614854,1789119843091373945,0.0,400,0,0.0,False,False,False,False
RFC_DROP_NATIVE,BENIGN_DIVERSE_HIGH,1,r01-t016-852074c8,1789119841088091388,1789119843099642358,0.0,400,0,0.0,False,False,False,False
RFC_DROP_NATIVE,BENIGN_DIVERSE_HIGH,1,r01-t017-15a6036c,1789119841098389684,1789119843120145842,0.0,400,0,0.0,False,False,False,False
RFC_DROP_NATIVE,BENIGN_DIVERSE_HIGH,1,r01-t018-776072f2,1789119841108665424,1789119843119798458,0.0,400,0,0.0,False,False,False,False
RFC_DROP_NATIVE,BENIGN_DIVERSE_HIGH,1,r01-t019-6eba881c,1789119841118256665,1789119843130358902,0.0,400,0,0.0,False,False,False,False
RFC_DROP_NATIVE,BENIGN_DIVERSE_HIGH,1,r01-t020-0d49b29e,1789119841128211225,1789119843139586151,0.0,400,0,0.0,False,False,False,False
RFC_DROP_NATIVE,BENIGN_DIVERSE_HIGH,1,r01-t021-0192f602,1789119841138508754,1789119843148748704,0.0,400,0,0.0,False,False,False,False
RFC_DROP_NATIVE,BENIGN_DIVERSE_HIGH,1,r01-t022-44ab5c56,1789119841148350622,1789119843159680626,0.0,400,0,0.0,False,False,False,False
RFC_DROP_NATIVE,BENIGN_DIVERSE_HIGH,1,r01-t023-c6fe65da,1789119841158651895,1789119843171665165,0.0,400,0,0.0,False,False,False,False
RFC_DROP_NATIVE,BENIGN_DIVERSE_HIGH,1,r01-t024-ca9ef7cf,1789119841168066324,1789119843179723746,0.0,400,0,0.0,False,False,False,False
RFC_DROP_NATIVE,BENIGN_DIVERSE_HIGH,1,r01-t025-7b9096cd,1789119841178016275,1789119843190699630,0.0,400,0,0.0,False,False,False,False
RFC_DROP_NATIVE,BENIGN_DIVERSE_HIGH,1,r01-t026-bd4f42dc,1789119841188183932,1789119843201964059,0.0,400,0,0.0,False,False,False,False
RFC_DROP_NATIVE,BENIGN_DIVERSE_HIGH,1,r01-t027-61d567ae,1789119841197906965,1789119843208034128,0.0,400,0,0.0,False,False,False,False
RFC_DROP_NATIVE,BENIGN_DIVERSE_HIGH,1,r01-t028-97a975f7,1789119841207804220,1789119843235791901,0.0,400,0,0.0,False,False,False,False
RFC_DROP_NATIVE,BENIGN_DIVERSE_HIGH,1,r01-t029-bd201f72,1789119841228882008,1789119843239901870,0.0,400,0,0.0,False,False,False,False
RFC_DROP_NATIVE,BENIGN_DIVERSE_HIGH,1,r01-t030-e6becba3,1789119841230568538,1789119843241082537,0.0,400,0,0.0,False,False,False,False
RFC_DROP_NATIVE,BENIGN_DIVERSE_HIGH,1,r01-t031-bf7fea1f,1789119841238052624,1789119843250004349,0.0,400,0,0.0,False,False,False,False
RFC_DROP_NATIVE,BENIGN_DIVERSE_HIGH,1,r01-t032-946cab4e,1789119841247925400,1789119843259688219,0.0,400,0,0.0,False,False,False,False
RFC_DROP_NATIVE,BENIGN_DIVERSE_HIGH,1,r01-t033-991bd4f7,1789119841257966734,1789119843267967384,0.0,400,0,0.0,False,False,False,False
RFC_DROP_NATIVE,BENIGN_DIVERSE_HIGH,1,r01-t034-0f7aaa73,1789119841267682953,1789119843279150029,0.0,400,0,0.0,False,False,False,False
RFC_DROP_NATIVE,BENIGN_DIVERSE_HIGH,1,r01-t035-103bf772,1789119841278048155,1789119843288187508,0.0,400,0,0.0,False,False,False,False
RFC_DROP_NATIVE,BENIGN_DIVERSE_HIGH,1,r01-t036-3b79517c,1789119841287879272,1789119843310304667,0.0,400,0,0.0,False,False,False,False
RFC_DROP_NATIVE,BENIGN_DIVERSE_HIGH,1,r01-t037-6d960a61,1789119841297888834,1789119843308469354,0.0,400,0,0.0,False,False,False,False
RFC_DROP_NATIVE,BENIGN_DIVERSE_HIGH,1,r01-t038-2e6b0fd7,1789119841308299342,1789119843320288696,0.0,400,0,0.0,False,False,False,False
RFC_DROP_NATIVE,BENIGN_DIVERSE_HIGH,1,r01-t039-4eac1dc5,1789119841317870617,1789119843330559060,0.0,400,0,0.0,False,False,False,False
RFC_DROP_NATIVE,BENIGN_DIVERSE_HIGH,1,r01-t040-dbce860b,1789119841328666138,1789119843350199889,0.0,401,0,0.0,False,False,False,False
RFC_DROP_NATIVE,BENIGN_DIVERSE_HIGH,1,r01-t041-2994a70e,1789119841337943590,1789119843350487089,0.0,401,0,0.0,False,False,False,False
RFC_DROP_NATIVE,BENIGN_DIVERSE_HIGH,1,r01-t042-18eb9ba2,1789119841348461127,1789119843360286050,0.0,401,0,0.0,False,False,False,False
RFC_DROP_NATIVE,BENIGN_DIVERSE_HIGH,1,r01-t043-3469798d,1789119841358550167,1789119843370762695,0.0,401,0,0.0,False,False,False,False
RFC_DROP_NATIVE,BENIGN_DIVERSE_HIGH,1,r01-t044-569f932b,1789119841369674451,1789119843390047597,0.0,401,0,0.0,False,False,False,False
RFC_DROP_NATIVE,BENIGN_DIVERSE_HIGH,1,r01-t045-bc4bf691,1789119841377777763,1789119843390301009,0.0,401,0,0.0,False,False,False,False
RFC_DROP_NATIVE,BENIGN_DIVERSE_HIGH,1,r01-t046-15d5b1ea,1789119841388455986,1789119843400431517,0.0,401,0,0.0,False,False,False,False
RFC_DROP_NATIVE,BENIGN_DIVERSE_HIGH,1,r01-t047-15f418c9,1789119841398115763,1789119843420110934,0.0,401,0,0.0,False,False,False,False
RFC_DROP_NATIVE,BENIGN_DIVERSE_HIGH,1,r01-t048-821cc3ee,1789119841408599223,1789119843419965318,0.0,401,0,0.0,False,False,False,False
RFC_DROP_NATIVE,BENIGN_DIVERSE_HIGH,1,r01-t049-290fd482,1789119841418298739,1789119843430796163,0.0,401,0,0.0,False,False,False,False
B0_OFF,BENIGN_DIVERSE_HIGH,1,r01-t000-0bd3c8f0,1789119876867600572,1789119877607191689,0.0,400,0,0.0,False,False,False,False
B0_OFF,BENIGN_DIVERSE_HIGH,1,r01-t001-28d1f6b8,1789119877624150151,1789119877968720976,0.0,402,0,0.0,False,False,False,False
B0_OFF,BENIGN_DIVERSE_HIGH,1,r01-t002-e2a3dfd2,1789119877996088337,1789119878332590370,0.0,393,0,0.0,False,False,False,False
B0_OFF,BENIGN_DIVERSE_HIGH,1,r01-t003-0452fc71,1789119878347921015,1789119878689213762,0.0,404,0,0.0,False,False,False,False
B0_OFF,BENIGN_DIVERSE_HIGH,1,r01-t004-a1a02ab6,1789119878705049066,1789119879073115885,0.0,408,0,0.0,False,False,False,False
B0_OFF,BENIGN_DIVERSE_HIGH,1,r01-t005-d24a9270,1789119879088351406,1789119879451798182,0.0,406,0,0.0,False,False,False,False
B0_OFF,BENIGN_DIVERSE_HIGH,1,r01-t006-806a292b,1789119879466044063,1789119879791288622,0.0,406,0,0.0,False,False,False,False
B0_OFF,BENIGN_DIVERSE_HIGH,1,r01-t007-9da0826d,1789119879803491040,1789119880137505601,0.0,412,0,0.0,False,False,False,False
B0_OFF,BENIGN_DIVERSE_HIGH,1,r01-t008-81691565,1789119880156378305,1789119880494635180,0.0,406,0,0.0,False,False,False,False
B0_OFF,BENIGN_DIVERSE_HIGH,1,r01-t009-1e51ffc0,1789119880506750973,1789119880848140373,0.0,406,0,0.0,False,False,False,False
B0_OFF,BENIGN_DIVERSE_HIGH,1,r01-t010-cf25a459,1789119880861683514,1789119881196541304,0.0,406,0,0.0,False,False,False,False
B0_OFF,BENIGN_DIVERSE_HIGH,1,r01-t011-46f598a7,1789119881221023883,1789119881563773586,0.0,404,0,0.0,False,False,False,False
B0_OFF,BENIGN_DIVERSE_HIGH,1,r01-t012-8f104774,1789119883238558051,1789119885259466635,0.0,102,0,0.0,False,False,False,False
B0_OFF,BENIGN_DIVERSE_HIGH,1,r01-t013-10261df3,1789119885271208998,1789119885611083280,0.0,374,0,0.0,False,False,False,False
B0_OFF,BENIGN_DIVERSE_HIGH,1,r01-t014-58073054,1789119885623155140,1789119885977689610,0.0,401,0,0.0,False,False,False,False
B0_OFF,BENIGN_DIVERSE_HIGH,1,r01-t015-7c5a9eb2,1789119885990403083,1789119886319417962,0.0,402,0,0.0,False,False,False,False
B0_OFF,BENIGN_DIVERSE_HIGH,1,r01-t016-852074c8,1789119886332857097,1789119886672243911,0.0,403,0,0.0,False,False,False,False
B0_OFF,BENIGN_DIVERSE_HIGH,1,r01-t017-15a6036c,1789119886684566477,1789119887025051583,0.0,404,0,0.0,False,False,False,False
B0_OFF,BENIGN_DIVERSE_HIGH,1,r01-t018-776072f2,1789119887036118925,1789119887383247019,0.0,405,0,0.0,False,False,False,False
B0_OFF,BENIGN_DIVERSE_HIGH,1,r01-t019-6eba881c,1789119887396049256,1789119887742231686,0.0,406,0,0.0,False,False,False,False
B0_OFF,BENIGN_DIVERSE_HIGH,1,r01-t020-0d49b29e,1789119887753848264,1789119888101594369,0.0,406,0,0.0,False,False,False,False
B0_OFF,BENIGN_DIVERSE_HIGH,1,r01-t021-0192f602,1789119888113788325,1789119888457261771,0.0,406,0,0.0,False,False,False,False
B0_OFF,BENIGN_DIVERSE_HIGH,1,r01-t022-44ab5c56,1789119888470799439,1789119888805724134,0.0,406,0,0.0,False,False,False,False
B0_OFF,BENIGN_DIVERSE_HIGH,1,r01-t023-c6fe65da,1789119888816809790,1789119889152722883,0.0,405,0,0.0,False,False,False,False
B0_OFF,BENIGN_DIVERSE_HIGH,1,r01-t024-ca9ef7cf,1789119889164841293,1789119889525760021,0.0,406,0,0.0,False,False,False,False
B0_OFF,BENIGN_DIVERSE_HIGH,1,r01-t025-7b9096cd,1789119889537868604,1789119889885114596,0.0,406,0,0.0,False,False,False,False
B0_OFF,BENIGN_DIVERSE_HIGH,1,r01-t026-bd4f42dc,1789119889896413824,1789119890240996332,0.0,406,0,0.0,False,False,False,False
B0_OFF,BENIGN_DIVERSE_HIGH,1,r01-t027-61d567ae,1789119890252484806,1789119890606431717,0.0,406,0,0.0,False,False,False,False
B0_OFF,BENIGN_DIVERSE_HIGH,1,r01-t028-97a975f7,1789119890619434170,1789119890941730901,0.0,406,0,0.0,False,False,False,False
B0_OFF,BENIGN_DIVERSE_HIGH,1,r01-t029-bd201f72,1789119890955383320,1789119891293949977,0.0,406,0,0.0,False,False,False,False
B0_OFF,BENIGN_DIVERSE_HIGH,1,r01-t030-e6becba3,1789119891306928201,1789119891651932224,0.0,406,0,0.0,False,False,False,False
B0_OFF,BENIGN_DIVERSE_HIGH,1,r01-t031-bf7fea1f,1789119891668531615,1789119892000714324,0.0,406,0,0.0,False,False,False,False
B0_OFF,BENIGN_DIVERSE_HIGH,1,r01-t032-946cab4e,1789119892012478084,1789119892360741662,0.0,406,0,0.0,False,False,False,False
B0_OFF,BENIGN_DIVERSE_HIGH,1,r01-t033-991bd4f7,1789119892372566185,1789119892718158457,0.0,406,0,0.0,False,False,False,False
B0_OFF,BENIGN_DIVERSE_HIGH,1,r01-t034-0f7aaa73,1789119892730603374,1789119893076145759,0.0,406,0,0.0,False,False,False,False
B0_OFF,BENIGN_DIVERSE_HIGH,1,r01-t035-103bf772,1789119893090108662,1789119893435683955,0.0,406,0,0.0,False,False,False,False
B0_OFF,BENIGN_DIVERSE_HIGH,1,r01-t036-3b79517c,1789119893447468128,1789119893797116626,0.0,406,0,0.0,False,False,False,False
B0_OFF,BENIGN_DIVERSE_HIGH,1,r01-t037-6d960a61,1789119893810076823,1789119894151887679,0.0,406,0,0.0,False,False,False,False
B0_OFF,BENIGN_DIVERSE_HIGH,1,r01-t038-2e6b0fd7,1789119894164561428,1789119894522501705,0.0,406,0,0.0,False,False,False,False
B0_OFF,BENIGN_DIVERSE_HIGH,1,r01-t039-4eac1dc5,1789119894534641004,1789119894870479791,0.0,406,0,0.0,False,False,False,False
B0_OFF,BENIGN_DIVERSE_HIGH,1,r01-t040-dbce860b,1789119894882323484,1789119895222771457,0.0,406,0,0.0,False,False,False,False
B0_OFF,BENIGN_DIVERSE_HIGH,1,r01-t041-2994a70e,1789119895236596477,1789119895603899478,0.0,406,0,0.0,False,False,False,False
B0_OFF,BENIGN_DIVERSE_HIGH,1,r01-t042-18eb9ba2,1789119895615789387,1789119895950837776,0.0,406,0,0.0,False,False,False,False
B0_OFF,BENIGN_DIVERSE_HIGH,1,r01-t043-3469798d,1789119895962462981,1789119896312903140,0.0,406,0,0.0,False,False,False,False
B0_OFF,BENIGN_DIVERSE_HIGH,1,r01-t044-569f932b,1789119896324906493,1789119896661819589,0.0,406,0,0.0,False,False,False,False
B0_OFF,BENIGN_DIVERSE_HIGH,1,r01-t045-bc4bf691,1789119896674908076,1789119897007866008,0.0,406,0,0.0,False,False,False,False
B0_OFF,BENIGN_DIVERSE_HIGH,1,r01-t046-15d5b1ea,1789119897020432974,1789119897390172940,0.0,406,0,0.0,False,False,False,False
B0_OFF,BENIGN_DIVERSE_HIGH,1,r01-t047-15f418c9,1789119897404052973,1789119897757947676,0.0,406,0,0.0,False,False,False,False
B0_OFF,BENIGN_DIVERSE_HIGH,1,r01-t048-821cc3ee,1789119897770985141,1789119898125687543,0.0,406,0,0.0,False,False,False,False
B0_OFF,BENIGN_DIVERSE_HIGH,1,r01-t049-290fd482,1789119898878070738,1789119899234846303,0.0,305,0,0.0,False,False,False,False
B5_LOCKED_TC,ATTACK_DIVERSE_HIGH,1,r01-t000-0bd3c8f0,1789119912839135565,1789119913112227964,0.0,400,0,0.0,False,False,False,False
B5_LOCKED_TC,ATTACK_DIVERSE_HIGH,1,r01-t001-28d1f6b8,1789119913124725981,1789119913392924812,0.0,401,0,0.0,False,False,False,False
B5_LOCKED_TC,ATTACK_DIVERSE_HIGH,1,r01-t002-e2a3dfd2,1789119913404594726,1789119913780388789,0.0,402,0,0.0,False,False,False,False
B5_LOCKED_TC,ATTACK_DIVERSE_HIGH,1,r01-t003-0452fc71,1789119913794510944,1789119914083976500,0.0,403,0,0.0,False,False,False,False
B5_LOCKED_TC,ATTACK_DIVERSE_HIGH,1,r01-t004-a1a02ab6,1789119914096269389,1789119914462560477,0.0,404,0,0.0,False,False,False,False
B5_LOCKED_TC,ATTACK_DIVERSE_HIGH,1,r01-t005-d24a9270,1789119914475528239,1789119914803997657,0.0,404,0,0.0,False,False,False,False
B5_LOCKED_TC,ATTACK_DIVERSE_HIGH,1,r01-t006-806a292b,1789119914815592427,1789119915133549642,0.0,406,0,0.0,False,False,False,False
B5_LOCKED_TC,ATTACK_DIVERSE_HIGH,1,r01-t007-9da0826d,1789119915145731239,1789119915484798250,0.0,406,0,0.0,False,False,False,False
B5_LOCKED_TC,ATTACK_DIVERSE_HIGH,1,r01-t008-81691565,1789119915498098279,1789119915813622040,0.0,406,0,0.0,False,False,False,False
B5_LOCKED_TC,ATTACK_DIVERSE_HIGH,1,r01-t009-1e51ffc0,1789119915825815497,1789119916113555775,0.0,406,0,0.0,False,False,False,False
B5_LOCKED_TC,ATTACK_DIVERSE_HIGH,1,r01-t010-cf25a459,1789119916127342532,1789119916487733481,0.0,406,0,0.0,False,False,False,False
B5_LOCKED_TC,ATTACK_DIVERSE_HIGH,1,r01-t011-46f598a7,1789119916500412717,1789119916846222961,0.0,406,0,0.0,False,False,False,False
B5_LOCKED_TC,ATTACK_DIVERSE_HIGH,1,r01-t012-8f104774,1789119916858642609,1789119917213502213,0.0,406,0,0.0,False,False,False,False
B5_LOCKED_TC,ATTACK_DIVERSE_HIGH,1,r01-t013-10261df3,1789119917225955827,1789119917550744228,0.0,406,0,0.0,False,False,False,False
B5_LOCKED_TC,ATTACK_DIVERSE_HIGH,1,r01-t014-58073054,1789119917562670125,1789119917913188829,0.0,406,0,0.0,False,False,False,False
B5_LOCKED_TC,ATTACK_DIVERSE_HIGH,1,r01-t015-7c5a9eb2,1789119917924585968,1789119918252580990,0.0,406,0,0.0,False,False,False,False
B5_LOCKED_TC,ATTACK_DIVERSE_HIGH,1,r01-t016-852074c8,1789119918265734336,1789119918618281646,0.0,405,0,0.0,False,False,False,False
B5_LOCKED_TC,ATTACK_DIVERSE_HIGH,1,r01-t017-15a6036c,1789119918631391442,1789119918940684031,0.0,406,0,0.0,False,False,False,False
B5_LOCKED_TC,ATTACK_DIVERSE_HIGH,1,r01-t018-776072f2,1789119918952558505,1789119919298598450,0.0,406,0,0.0,False,False,False,False
B5_LOCKED_TC,ATTACK_DIVERSE_HIGH,1,r01-t019-6eba881c,1789119919310754715,1789119919622907713,0.0,406,0,0.0,False,False,False,False
B5_LOCKED_TC,ATTACK_DIVERSE_HIGH,1,r01-t020-0d49b29e,1789119919636870281,1789119919966098824,0.0,406,0,0.0,False,False,False,False
B5_LOCKED_TC,ATTACK_DIVERSE_HIGH,1,r01-t021-0192f602,1789119919978218372,1789119920296392902,0.0,406,0,0.0,False,False,False,False
B5_LOCKED_TC,ATTACK_DIVERSE_HIGH,1,r01-t022-44ab5c56,1789119920309679644,1789119920677770521,0.0,406,0,0.0,False,False,False,False
B5_LOCKED_TC,ATTACK_DIVERSE_HIGH,1,r01-t023-c6fe65da,1789119920692946991,1789119921013676061,0.0,406,0,0.0,False,False,False,False
B5_LOCKED_TC,ATTACK_DIVERSE_HIGH,1,r01-t024-ca9ef7cf,1789119921026103457,1789119921440025214,0.0,406,0,0.0,False,False,False,False
B5_LOCKED_TC,ATTACK_DIVERSE_HIGH,1,r01-t025-7b9096cd,1789119921452688958,1789119921763105010,0.0,406,0,0.0,False,False,False,False
B5_LOCKED_TC,ATTACK_DIVERSE_HIGH,1,r01-t026-bd4f42dc,1789119921774175932,1789119922086967239,0.0,406,0,0.0,False,False,False,False
B5_LOCKED_TC,ATTACK_DIVERSE_HIGH,1,r01-t027-61d567ae,1789119922098897889,1789119922440085574,0.0,406,0,0.0,False,False,False,False
B5_LOCKED_TC,ATTACK_DIVERSE_HIGH,1,r01-t028-97a975f7,1789119922451370882,1789119922794604019,0.0,406,0,0.0,False,False,False,False
B5_LOCKED_TC,ATTACK_DIVERSE_HIGH,1,r01-t029-bd201f72,1789119922806571557,1789119923136301664,0.0,406,0,0.0,False,False,False,False
B5_LOCKED_TC,ATTACK_DIVERSE_HIGH,1,r01-t030-e6becba3,1789119923148549568,1789119923544930059,0.0,406,0,0.0,False,False,False,False
B5_LOCKED_TC,ATTACK_DIVERSE_HIGH,1,r01-t031-bf7fea1f,1789119923556967949,1789119923866668972,0.0,406,0,0.0,False,False,False,False
B5_LOCKED_TC,ATTACK_DIVERSE_HIGH,1,r01-t032-946cab4e,1789119923878339508,1789119924247291158,0.0,406,0,0.0,False,False,False,False
B5_LOCKED_TC,ATTACK_DIVERSE_HIGH,1,r01-t033-991bd4f7,1789119924260386048,1789119924585161625,0.0,405,0,0.0,False,False,False,False
B5_LOCKED_TC,ATTACK_DIVERSE_HIGH,1,r01-t034-0f7aaa73,1789119924596864105,1789119924919431658,0.0,406,0,0.0,False,False,False,False
B5_LOCKED_TC,ATTACK_DIVERSE_HIGH,1,r01-t035-103bf772,1789119924931478391,1789119925303780628,0.0,406,0,0.0,False,False,False,False
B5_LOCKED_TC,ATTACK_DIVERSE_HIGH,1,r01-t036-3b79517c,1789119925315788000,1789119925681254728,0.0,406,0,0.0,False,False,False,False
B5_LOCKED_TC,ATTACK_DIVERSE_HIGH,1,r01-t037-6d960a61,1789119925693022142,1789119926038107453,0.0,406,0,0.0,False,False,False,False
B5_LOCKED_TC,ATTACK_DIVERSE_HIGH,1,r01-t038-2e6b0fd7,1789119926051680359,1789119926360927703,0.0,406,0,0.0,False,False,False,False
B5_LOCKED_TC,ATTACK_DIVERSE_HIGH,1,r01-t039-4eac1dc5,1789119926372193047,1789119926699980188,0.0,406,0,0.0,False,False,False,False
B5_LOCKED_TC,ATTACK_DIVERSE_HIGH,1,r01-t040-dbce860b,1789119926712663801,1789119927037031429,0.0,406,0,0.0,False,False,False,False
B5_LOCKED_TC,ATTACK_DIVERSE_HIGH,1,r01-t041-2994a70e,1789119927050087244,1789119927434538890,0.0,406,0,0.0,False,False,False,False
B5_LOCKED_TC,ATTACK_DIVERSE_HIGH,1,r01-t042-18eb9ba2,1789119927445689483,1789119927743733755,0.0,406,0,0.0,False,False,False,False
B5_LOCKED_TC,ATTACK_DIVERSE_HIGH,1,r01-t043-3469798d,1789119927755259406,1789119928137363561,0.0,406,0,0.0,False,False,False,False
B5_LOCKED_TC,ATTACK_DIVERSE_HIGH,1,r01-t044-569f932b,1789119928149732971,1789119928417321590,0.0,406,0,0.0,False,False,False,False
B5_LOCKED_TC,ATTACK_DIVERSE_HIGH,1,r01-t045-bc4bf691,1789119928428358825,1789119928768571326,0.0,406,0,0.0,False,False,False,False
B5_LOCKED_TC,ATTACK_DIVERSE_HIGH,1,r01-t046-15d5b1ea,1789119929375323291,1789119929701792235,0.0,306,0,0.0,False,False,False,False
B5_LOCKED_TC,ATTACK_DIVERSE_HIGH,1,r01-t047-15f418c9,1789119930683123441,1789119931004746628,0.0,93,0,0.0,False,False,False,False
B5_LOCKED_TC,ATTACK_DIVERSE_HIGH,1,r01-t048-821cc3ee,1789119931016398823,1789119931403953728,0.0,117,0,0.0,False,False,False,False
B5_LOCKED_TC,ATTACK_DIVERSE_HIGH,1,r01-t049-290fd482,1789119931417154056,1789119931695761214,0.0,198,0,0.0,False,False,False,False
B1_RL2_TC,ATTACK_DIVERSE_MODERATE,1,r01-t000-98316cda,1789119943865934662,1789119944072388908,0.0,24,0,0.0,False,False,False,False
B1_RL2_TC,ATTACK_DIVERSE_MODERATE,1,r01-t001-5bc8202c,1789119944083389965,1789119944325101754,0.0,25,0,0.0,False,False,False,False
B1_RL2_TC,ATTACK_DIVERSE_MODERATE,1,r01-t002-f0b186b1,1789119944336314288,1789119944693036732,0.0,26,0,0.0,False,False,False,False
B1_RL2_TC,ATTACK_DIVERSE_MODERATE,1,r01-t003-65089c88,1789119944703847818,1789119945059046816,0.0,27,0,0.0,False,False,False,False
B1_RL2_TC,ATTACK_DIVERSE_MODERATE,1,r01-t004-b1e3ecc9,1789119945070385368,1789119945365632572,0.0,28,0,0.0,False,False,False,False
B1_RL2_TC,ATTACK_DIVERSE_MODERATE,1,r01-t005-8cbc9bf3,1789119945376177568,1789119945681895027,0.0,29,0,0.0,False,False,False,False
B1_RL2_TC,ATTACK_DIVERSE_MODERATE,1,r01-t006-edcf94ce,1789119945693153387,1789119946028199464,0.0,30,0,0.0,False,False,False,False
B1_RL2_TC,ATTACK_DIVERSE_MODERATE,1,r01-t007-b72e0e58,1789119946040789101,1789119946330000350,0.0,30,0,0.0,False,False,False,False
B1_RL2_TC,ATTACK_DIVERSE_MODERATE,1,r01-t008-8c5a7969,1789119946341686990,1789119946660183593,0.0,30,0,0.0,False,False,False,False
B1_RL2_TC,ATTACK_DIVERSE_MODERATE,1,r01-t009-4baa4718,1789119946671210340,1789119946975998933,0.0,30,0,0.0,False,False,False,False
B1_RL2_TC,ATTACK_DIVERSE_MODERATE,1,r01-t010-fbf4fc21,1789119946987578551,1789119947325026511,0.0,31,0,0.0,False,False,False,False
B1_RL2_TC,ATTACK_DIVERSE_MODERATE,1,r01-t011-2b851927,1789119947335776442,1789119947658422805,0.0,30,0,0.0,False,False,False,False
B1_RL2_TC,ATTACK_DIVERSE_MODERATE,1,r01-t012-ed9eeaef,1789119947669391435,1789119947986579931,0.0,30,0,0.0,False,False,False,False
B1_RL2_TC,ATTACK_DIVERSE_MODERATE,1,r01-t013-c080c96d,1789119947998033249,1789119948328770027,0.0,30,0,0.0,False,False,False,False
B1_RL2_TC,ATTACK_DIVERSE_MODERATE,1,r01-t014-7392d5cb,1789119948338884090,1789119948694176526,0.0,30,0,0.0,False,False,False,False
B1_RL2_TC,ATTACK_DIVERSE_MODERATE,1,r01-t015-b532b687,1789119948704965677,1789119948996997309,0.0,30,0,0.0,False,False,False,False
B1_RL2_TC,ATTACK_DIVERSE_MODERATE,1,r01-t016-9a0f859a,1789119949009188294,1789119949310165762,0.0,30,0,0.0,False,False,False,False
B1_RL2_TC,ATTACK_DIVERSE_MODERATE,1,r01-t017-d0bc66de,1789119949323140947,1789119949661515170,0.0,30,0,0.0,False,False,False,False
B1_RL2_TC,ATTACK_DIVERSE_MODERATE,1,r01-t018-e2aa1a0a,1789119949671620971,1789119950012751667,0.0,30,0,0.0,False,False,False,False
B1_RL2_TC,ATTACK_DIVERSE_MODERATE,1,r01-t019-5f9d0cd5,1789119950023174358,1789119950377174546,0.0,30,0,0.0,False,False,False,False
B1_RL2_TC,ATTACK_DIVERSE_MODERATE,1,r01-t020-2cf072ec,1789119950389551276,1789119950661562180,0.0,30,0,0.0,False,False,False,False
B1_RL2_TC,ATTACK_DIVERSE_MODERATE,1,r01-t021-515c133b,1789119950672668221,1789119950999562632,0.0,30,0,0.0,False,False,False,False
B1_RL2_TC,ATTACK_DIVERSE_MODERATE,1,r01-t022-49c309a9,1789119951010453108,1789119951310814935,0.0,30,0,0.0,False,False,False,False
B1_RL2_TC,ATTACK_DIVERSE_MODERATE,1,r01-t023-83550efb,1789119951322649906,1789119951625277820,0.0,30,0,0.0,False,False,False,False
B1_RL2_TC,ATTACK_DIVERSE_MODERATE,1,r01-t024-e0336f71,1789119951636067826,1789119951962358086,0.0,30,0,0.0,False,False,False,False
B1_RL2_TC,ATTACK_DIVERSE_MODERATE,1,r01-t025-27550022,1789119951973140020,1789119952350811004,0.0,30,0,0.0,False,False,False,False
B1_RL2_TC,ATTACK_DIVERSE_MODERATE,1,r01-t026-d6baa192,1789119952361748961,1789119952654936476,0.0,30,0,0.0,False,False,False,False
B1_RL2_TC,ATTACK_DIVERSE_MODERATE,1,r01-t027-3322f6ca,1789119952665536081,1789119952990427166,0.0,30,0,0.0,False,False,False,False
B1_RL2_TC,ATTACK_DIVERSE_MODERATE,1,r01-t028-15e7cfbb,1789119953002868187,1789119953306798700,0.0,30,0,0.0,False,False,False,False
B1_RL2_TC,ATTACK_DIVERSE_MODERATE,1,r01-t029-6be52155,1789119953317549868,1789119953610059012,0.0,30,0,0.0,False,False,False,False
B1_RL2_TC,ATTACK_DIVERSE_MODERATE,1,r01-t030-629ee2d4,1789119953623903427,1789119954002647156,0.0,30,0,0.0,False,False,False,False
B1_RL2_TC,ATTACK_DIVERSE_MODERATE,1,r01-t031-affe0174,1789119954014095382,1789119954283199377,0.0,30,0,0.0,False,False,False,False
B1_RL2_TC,ATTACK_DIVERSE_MODERATE,1,r01-t032-8f254b1c,1789119954296057193,1789119954615558664,0.0,30,0,0.0,False,False,False,False
B1_RL2_TC,ATTACK_DIVERSE_MODERATE,1,r01-t033-17afff18,1789119954628235348,1789119954949344796,0.0,30,0,0.0,False,False,False,False
B1_RL2_TC,ATTACK_DIVERSE_MODERATE,1,r01-t034-61ae7d1d,1789119954960180508,1789119955249463685,0.0,30,0,0.0,False,False,False,False
B1_RL2_TC,ATTACK_DIVERSE_MODERATE,1,r01-t035-4830f8c7,1789119955260356026,1789119955586853778,0.0,30,0,0.0,False,False,False,False
B1_RL2_TC,ATTACK_DIVERSE_MODERATE,1,r01-t036-f98a2e89,1789119955597160299,1789119955912072355,0.0,30,0,0.0,False,False,False,False
B1_RL2_TC,ATTACK_DIVERSE_MODERATE,1,r01-t037-0ddf82d9,1789119955923613911,1789119956270430602,0.0,31,0,0.0,False,False,False,False
B1_RL2_TC,ATTACK_DIVERSE_MODERATE,1,r01-t038-58ff222e,1789119956283435803,1789119956571495002,0.0,30,0,0.0,False,False,False,False
B1_RL2_TC,ATTACK_DIVERSE_MODERATE,1,r01-t039-b063f964,1789119956582736451,1789119956901859450,0.0,30,0,0.0,False,False,False,False
B1_RL2_TC,ATTACK_DIVERSE_MODERATE,1,r01-t040-53b4cd48,1789119956913240753,1789119957218052398,0.0,30,0,0.0,False,False,False,False
B1_RL2_TC,ATTACK_DIVERSE_MODERATE,1,r01-t041-16776bc7,1789119957229049414,1789119957553946147,0.0,30,0,0.0,False,False,False,False
B1_RL2_TC,ATTACK_DIVERSE_MODERATE,1,r01-t042-fe14a127,1789119957566846196,1789119957866156378,0.0,30,0,0.0,False,False,False,False
B1_RL2_TC,ATTACK_DIVERSE_MODERATE,1,r01-t043-6f21faa6,1789119957877536536,1789119958194586524,0.0,30,0,0.0,False,False,False,False
B1_RL2_TC,ATTACK_DIVERSE_MODERATE,1,r01-t044-8e9bfe87,1789119958207257392,1789119958479092385,0.0,30,0,0.0,False,False,False,False
B1_RL2_TC,ATTACK_DIVERSE_MODERATE,1,r01-t045-2033a362,1789119958490576838,1789119958826400041,0.0,31,0,0.0,False,False,False,False
B1_RL2_TC,ATTACK_DIVERSE_MODERATE,1,r01-t046-1347223f,1789119958838869376,1789119959158395156,0.0,31,0,0.0,False,False,False,False
B1_RL2_TC,ATTACK_DIVERSE_MODERATE,1,r01-t047-d2a77b69,1789119959170545508,1789119959491158368,0.0,30,0,0.0,False,False,False,False
B1_RL2_TC,ATTACK_DIVERSE_MODERATE,1,r01-t048-fed8655f,1789119959503685570,1789119959841823071,0.0,30,0,0.0,False,False,False,False
B1_RL2_TC,ATTACK_DIVERSE_MODERATE,1,r01-t049-68ff1d77,1789119959853734328,1789119960171454697,0.0,30,0,0.0,False,False,False,False
B0_OFF,ATTACK_DIVERSE_MODERATE,1,r01-t000-98316cda,1789119972696847954,1789119972859436996,0.0,24,0,0.0,False,False,False,False
B0_OFF,ATTACK_DIVERSE_MODERATE,1,r01-t001-5bc8202c,1789119972871939245,1789119973157459032,0.0,25,0,0.0,False,False,False,False
B0_OFF,ATTACK_DIVERSE_MODERATE,1,r01-t002-f0b186b1,1789119973168561634,1789119973493019305,0.0,26,0,0.0,False,False,False,False
B0_OFF,ATTACK_DIVERSE_MODERATE,1,r01-t003-65089c88,1789119973504674516,1789119973813174800,0.0,27,0,0.0,False,False,False,False
B0_OFF,ATTACK_DIVERSE_MODERATE,1,r01-t004-b1e3ecc9,1789119973826691890,1789119974149007231,0.0,28,0,0.0,False,False,False,False
B0_OFF,ATTACK_DIVERSE_MODERATE,1,r01-t005-8cbc9bf3,1789119974160101633,1789119974473225167,0.0,29,0,0.0,False,False,False,False
B0_OFF,ATTACK_DIVERSE_MODERATE,1,r01-t006-edcf94ce,1789119974484085705,1789119974810158532,0.0,30,0,0.0,False,False,False,False
B0_OFF,ATTACK_DIVERSE_MODERATE,1,r01-t007-b72e0e58,1789119974822088043,1789119975154805790,0.0,31,0,0.0,False,False,False,False
B0_OFF,ATTACK_DIVERSE_MODERATE,1,r01-t008-8c5a7969,1789119975165790343,1789119975445858571,0.0,30,0,0.0,False,False,False,False
B0_OFF,ATTACK_DIVERSE_MODERATE,1,r01-t009-4baa4718,1789119975458017755,1789119975788643207,0.0,31,0,0.0,False,False,False,False
B0_OFF,ATTACK_DIVERSE_MODERATE,1,r01-t010-fbf4fc21,1789119975799634280,1789119976107511794,0.0,31,0,0.0,False,False,False,False
B0_OFF,ATTACK_DIVERSE_MODERATE,1,r01-t011-2b851927,1789119976118888604,1789119976445853004,0.0,31,0,0.0,False,False,False,False
B0_OFF,ATTACK_DIVERSE_MODERATE,1,r01-t012-ed9eeaef,1789119976457129933,1789119976794769829,0.0,31,0,0.0,False,False,False,False
B0_OFF,ATTACK_DIVERSE_MODERATE,1,r01-t013-c080c96d,1789119976806081045,1789119977121593817,0.0,30,0,0.0,False,False,False,False
B0_OFF,ATTACK_DIVERSE_MODERATE,1,r01-t014-7392d5cb,1789119977132688965,1789119977499328993,0.0,31,0,0.0,False,False,False,False
B0_OFF,ATTACK_DIVERSE_MODERATE,1,r01-t015-b532b687,1789119977509388335,1789119977789642537,0.0,30,0,0.0,False,False,False,False
B0_OFF,ATTACK_DIVERSE_MODERATE,1,r01-t016-9a0f859a,1789119977801208023,1789119978123450503,0.0,30,0,0.0,False,False,False,False
B0_OFF,ATTACK_DIVERSE_MODERATE,1,r01-t017-d0bc66de,1789119978135316006,1789119978461842213,0.0,30,0,0.0,False,False,False,False
B0_OFF,ATTACK_DIVERSE_MODERATE,1,r01-t018-e2aa1a0a,1789119978471826644,1789119978816636398,0.0,30,0,0.0,False,False,False,False
B0_OFF,ATTACK_DIVERSE_MODERATE,1,r01-t019-5f9d0cd5,1789119978827759131,1789119979121453231,0.0,30,0,0.0,False,False,False,False
B0_OFF,ATTACK_DIVERSE_MODERATE,1,r01-t020-2cf072ec,1789119979132000694,1789119979453179477,0.0,30,0,0.0,False,False,False,False
B0_OFF,ATTACK_DIVERSE_MODERATE,1,r01-t021-515c133b,1789119979463699344,1789119979821580038,0.0,31,0,0.0,False,False,False,False
B0_OFF,ATTACK_DIVERSE_MODERATE,1,r01-t022-49c309a9,1789119979832561672,1789119980148986479,0.0,30,0,0.0,False,False,False,False
B0_OFF,ATTACK_DIVERSE_MODERATE,1,r01-t023-83550efb,1789119980159696322,1789119980495489604,0.0,30,0,0.0,False,False,False,False
B0_OFF,ATTACK_DIVERSE_MODERATE,1,r01-t024-e0336f71,1789119980507816675,1789119980833629767,0.0,30,0,0.0,False,False,False,False
B0_OFF,ATTACK_DIVERSE_MODERATE,1,r01-t025-27550022,1789119980843994571,1789119981200031912,0.0,30,0,0.0,False,False,False,False
B0_OFF,ATTACK_DIVERSE_MODERATE,1,r01-t026-d6baa192,1789119981212359173,1789119981534242976,0.0,30,0,0.0,False,False,False,False
B0_OFF,ATTACK_DIVERSE_MODERATE,1,r01-t027-3322f6ca,1789119981544217458,1789119981861218378,0.0,30,0,0.0,False,False,False,False
B0_OFF,ATTACK_DIVERSE_MODERATE,1,r01-t028-15e7cfbb,1789119981873417973,1789119982174164626,0.0,30,0,0.0,False,False,False,False
B0_OFF,ATTACK_DIVERSE_MODERATE,1,r01-t029-6be52155,1789119982185777453,1789119982504928143,0.0,30,0,0.0,False,False,False,False
B0_OFF,ATTACK_DIVERSE_MODERATE,1,r01-t030-629ee2d4,1789119982517372034,1789119982833299306,0.0,30,0,0.0,False,False,False,False
B0_OFF,ATTACK_DIVERSE_MODERATE,1,r01-t031-affe0174,1789119982850724256,1789119983181433833,0.0,30,0,0.0,False,False,False,False
B0_OFF,ATTACK_DIVERSE_MODERATE,1,r01-t032-8f254b1c,1789119983194074455,1789119983531623379,0.0,30,0,0.0,False,False,False,False
B0_OFF,ATTACK_DIVERSE_MODERATE,1,r01-t033-17afff18,1789119983544421632,1789119983861744000,0.0,30,0,0.0,False,False,False,False
B0_OFF,ATTACK_DIVERSE_MODERATE,1,r01-t034-61ae7d1d,1789119983872729820,1789119984194417748,0.0,30,0,0.0,False,False,False,False
B0_OFF,ATTACK_DIVERSE_MODERATE,1,r01-t035-4830f8c7,1789119984207592055,1789119984516328758,0.0,30,0,0.0,False,False,False,False
B0_OFF,ATTACK_DIVERSE_MODERATE,1,r01-t036-f98a2e89,1789119984527207745,1789119984824686650,0.0,30,0,0.0,False,False,False,False
B0_OFF,ATTACK_DIVERSE_MODERATE,1,r01-t037-0ddf82d9,1789119984835001320,1789119985178379774,0.0,30,0,0.0,False,False,False,False
B0_OFF,ATTACK_DIVERSE_MODERATE,1,r01-t038-58ff222e,1789119985190371603,1789119985513667054,0.0,30,0,0.0,False,False,False,False
B0_OFF,ATTACK_DIVERSE_MODERATE,1,r01-t039-b063f964,1789119985525279975,1789119985848992099,0.0,30,0,0.0,False,False,False,False
B0_OFF,ATTACK_DIVERSE_MODERATE,1,r01-t040-53b4cd48,1789119985860388980,1789119986201952050,0.0,30,0,0.0,False,False,False,False
B0_OFF,ATTACK_DIVERSE_MODERATE,1,r01-t041-16776bc7,1789119986212365561,1789119986568621038,0.0,30,0,0.0,False,False,False,False
B0_OFF,ATTACK_DIVERSE_MODERATE,1,r01-t042-fe14a127,1789119986579547399,1789119986908589806,0.0,30,0,0.0,False,False,False,False
B0_OFF,ATTACK_DIVERSE_MODERATE,1,r01-t043-6f21faa6,1789119986920246872,1789119987252636587,0.0,30,0,0.0,False,False,False,False
B0_OFF,ATTACK_DIVERSE_MODERATE,1,r01-t044-8e9bfe87,1789119987263460905,1789119987617363573,0.0,30,0,0.0,False,False,False,False
B0_OFF,ATTACK_DIVERSE_MODERATE,1,r01-t045-2033a362,1789119987628088261,1789119987929767478,0.0,30,0,0.0,False,False,False,False
B0_OFF,ATTACK_DIVERSE_MODERATE,1,r01-t046-1347223f,1789119987942273582,1789119988265228514,0.0,30,0,0.0,False,False,False,False
B0_OFF,ATTACK_DIVERSE_MODERATE,1,r01-t047-d2a77b69,1789119988275604064,1789119988598075648,0.0,30,0,0.0,False,False,False,False
B0_OFF,ATTACK_DIVERSE_MODERATE,1,r01-t048-fed8655f,1789119988608174276,1789119988947600769,0.0,30,0,0.0,False,False,False,False
B0_OFF,ATTACK_DIVERSE_MODERATE,1,r01-t049-68ff1d77,1789119988957717069,1789119989270388344,0.0,30,0,0.0,False,False,False,False
RFC_DROP_NATIVE,BENIGN_DIVERSE_MODERATE,1,r01-t000-98316cda,1789120001331931274,1789120003353694561,0.0,24,0,0.0,False,False,False,False
RFC_DROP_NATIVE,BENIGN_DIVERSE_MODERATE,1,r01-t001-5bc8202c,1789120001337660545,1789120003349171832,0.0,24,0,0.0,False,False,False,False
RFC_DROP_NATIVE,BENIGN_DIVERSE_MODERATE,1,r01-t002-f0b186b1,1789120001346099960,1789120003366580721,0.0,24,0,0.0,False,False,False,False
RFC_DROP_NATIVE,BENIGN_DIVERSE_MODERATE,1,r01-t003-65089c88,1789120001356290105,1789120003375299531,0.0,24,0,0.0,False,False,False,False
RFC_DROP_NATIVE,BENIGN_DIVERSE_MODERATE,1,r01-t004-b1e3ecc9,1789120001366065309,1789120003376139434,0.0,24,0,0.0,False,False,False,False
RFC_DROP_NATIVE,BENIGN_DIVERSE_MODERATE,1,r01-t005-8cbc9bf3,1789120001376111891,1789120003385107381,0.0,24,0,0.0,False,False,False,False
RFC_DROP_NATIVE,BENIGN_DIVERSE_MODERATE,1,r01-t006-edcf94ce,1789120001386116568,1789120003405518503,0.0,24,0,0.0,False,False,False,False
RFC_DROP_NATIVE,BENIGN_DIVERSE_MODERATE,1,r01-t007-b72e0e58,1789120001396294686,1789120003405354703,0.0,24,0,0.0,False,False,False,False
RFC_DROP_NATIVE,BENIGN_DIVERSE_MODERATE,1,r01-t008-8c5a7969,1789120001405891488,1789120003416919203,0.0,24,0,0.0,False,False,False,False
RFC_DROP_NATIVE,BENIGN_DIVERSE_MODERATE,1,r01-t009-4baa4718,1789120001416528836,1789120003425243881,0.0,24,0,0.0,False,False,False,False
RFC_DROP_NATIVE,BENIGN_DIVERSE_MODERATE,1,r01-t010-fbf4fc21,1789120001426119623,1789120003436766189,0.0,24,0,0.0,False,False,False,False
RFC_DROP_NATIVE,BENIGN_DIVERSE_MODERATE,1,r01-t011-2b851927,1789120001436733967,1789120003445167039,0.0,24,0,0.0,False,False,False,False
RFC_DROP_NATIVE,BENIGN_DIVERSE_MODERATE,1,r01-t012-ed9eeaef,1789120001446159618,1789120003456949270,0.0,24,0,0.0,False,False,False,False
RFC_DROP_NATIVE,BENIGN_DIVERSE_MODERATE,1,r01-t013-c080c96d,1789120001456331530,1789120003465207702,0.0,24,0,0.0,False,False,False,False
RFC_DROP_NATIVE,BENIGN_DIVERSE_MODERATE,1,r01-t014-7392d5cb,1789120001467080085,1789120003477347505,0.0,24,0,0.0,False,False,False,False
RFC_DROP_NATIVE,BENIGN_DIVERSE_MODERATE,1,r01-t015-b532b687,1789120001476564630,1789120003485140502,0.0,24,0,0.0,False,False,False,False
RFC_DROP_NATIVE,BENIGN_DIVERSE_MODERATE,1,r01-t016-9a0f859a,1789120001487704452,1789120003497021623,0.0,24,0,0.0,False,False,False,False
RFC_DROP_NATIVE,BENIGN_DIVERSE_MODERATE,1,r01-t017-d0bc66de,1789120001496721747,1789120003515681155,0.0,24,0,0.0,False,False,False,False
RFC_DROP_NATIVE,BENIGN_DIVERSE_MODERATE,1,r01-t018-e2aa1a0a,1789120001506125539,1789120003516686959,0.0,24,0,0.0,False,False,False,False
RFC_DROP_NATIVE,BENIGN_DIVERSE_MODERATE,1,r01-t019-5f9d0cd5,1789120001516153507,1789120003525028819,0.0,24,0,0.0,False,False,False,False
RFC_DROP_NATIVE,BENIGN_DIVERSE_MODERATE,1,r01-t020-2cf072ec,1789120001526001830,1789120003536315545,0.0,24,0,0.0,False,False,False,False
RFC_DROP_NATIVE,BENIGN_DIVERSE_MODERATE,1,r01-t021-515c133b,1789120001536262039,1789120003545111006,0.0,24,0,0.0,False,False,False,False
RFC_DROP_NATIVE,BENIGN_DIVERSE_MODERATE,1,r01-t022-49c309a9,1789120001546183193,1789120003556589308,0.0,24,0,0.0,False,False,False,False
RFC_DROP_NATIVE,BENIGN_DIVERSE_MODERATE,1,r01-t023-83550efb,1789120001556153506,1789120003565130382,0.0,24,0,0.0,False,False,False,False
RFC_DROP_NATIVE,BENIGN_DIVERSE_MODERATE,1,r01-t024-e0336f71,1789120001566290197,1789120003577148576,0.0,24,0,0.0,False,False,False,False
RFC_DROP_NATIVE,BENIGN_DIVERSE_MODERATE,1,r01-t025-27550022,1789120001577868249,1789120003588044415,0.0,24,0,0.0,False,False,False,False
RFC_DROP_NATIVE,BENIGN_DIVERSE_MODERATE,1,r01-t026-d6baa192,1789120001586380687,1789120003596718743,0.0,24,0,0.0,False,False,False,False
RFC_DROP_NATIVE,BENIGN_DIVERSE_MODERATE,1,r01-t027-3322f6ca,1789120001596512317,1789120003605162548,0.0,24,0,0.0,False,False,False,False
RFC_DROP_NATIVE,BENIGN_DIVERSE_MODERATE,1,r01-t028-15e7cfbb,1789120001605965173,1789120003627956214,0.0,24,0,0.0,False,False,False,False
RFC_DROP_NATIVE,BENIGN_DIVERSE_MODERATE,1,r01-t029-6be52155,1789120001617161217,1789120003627776664,0.0,24,0,0.0,False,False,False,False
RFC_DROP_NATIVE,BENIGN_DIVERSE_MODERATE,1,r01-t030-629ee2d4,1789120001626575317,1789120003637479801,0.0,24,0,0.0,False,False,False,False
RFC_DROP_NATIVE,BENIGN_DIVERSE_MODERATE,1,r01-t031-affe0174,1789120001636871513,1789120003647739055,0.0,24,0,0.0,False,False,False,False
RFC_DROP_NATIVE,BENIGN_DIVERSE_MODERATE,1,r01-t032-8f254b1c,1789120001646573026,1789120003658453340,0.0,24,0,0.0,False,False,False,False
RFC_DROP_NATIVE,BENIGN_DIVERSE_MODERATE,1,r01-t033-17afff18,1789120001657318431,1789120003668941591,0.0,24,0,0.0,False,False,False,False
RFC_DROP_NATIVE,BENIGN_DIVERSE_MODERATE,1,r01-t034-61ae7d1d,1789120001667354797,1789120003679199316,0.0,24,0,0.0,False,False,False,False
RFC_DROP_NATIVE,BENIGN_DIVERSE_MODERATE,1,r01-t035-4830f8c7,1789120001677404053,1789120003688135764,0.0,24,0,0.0,False,False,False,False
RFC_DROP_NATIVE,BENIGN_DIVERSE_MODERATE,1,r01-t036-f98a2e89,1789120001687045429,1789120003696916523,0.0,24,0,0.0,False,False,False,False
RFC_DROP_NATIVE,BENIGN_DIVERSE_MODERATE,1,r01-t037-0ddf82d9,1789120001698037010,1789120003708813012,0.0,24,0,0.0,False,False,False,False
RFC_DROP_NATIVE,BENIGN_DIVERSE_MODERATE,1,r01-t038-58ff222e,1789120001707254570,1789120003719209052,0.0,24,0,0.0,False,False,False,False
RFC_DROP_NATIVE,BENIGN_DIVERSE_MODERATE,1,r01-t039-b063f964,1789120001716608725,1789120003727724353,0.0,25,0,0.0,False,False,False,False
RFC_DROP_NATIVE,BENIGN_DIVERSE_MODERATE,1,r01-t040-53b4cd48,1789120001727184984,1789120003737585372,0.0,25,0,0.0,False,False,False,False
RFC_DROP_NATIVE,BENIGN_DIVERSE_MODERATE,1,r01-t041-16776bc7,1789120001736610443,1789120003747104854,0.0,25,0,0.0,False,False,False,False
RFC_DROP_NATIVE,BENIGN_DIVERSE_MODERATE,1,r01-t042-fe14a127,1789120001746440629,1789120003756854572,0.0,25,0,0.0,False,False,False,False
RFC_DROP_NATIVE,BENIGN_DIVERSE_MODERATE,1,r01-t043-6f21faa6,1789120001757080937,1789120003768023602,0.0,25,0,0.0,False,False,False,False
RFC_DROP_NATIVE,BENIGN_DIVERSE_MODERATE,1,r01-t044-8e9bfe87,1789120001766880673,1789120003787082325,0.0,25,0,0.0,False,False,False,False
RFC_DROP_NATIVE,BENIGN_DIVERSE_MODERATE,1,r01-t045-2033a362,1789120001776450269,1789120003787894738,0.0,25,0,0.0,False,False,False,False
RFC_DROP_NATIVE,BENIGN_DIVERSE_MODERATE,1,r01-t046-1347223f,1789120001786554028,1789120003797574202,0.0,25,0,0.0,False,False,False,False
RFC_DROP_NATIVE,BENIGN_DIVERSE_MODERATE,1,r01-t047-d2a77b69,1789120001796428314,1789120003817884906,0.0,25,0,0.0,False,False,False,False
RFC_DROP_NATIVE,BENIGN_DIVERSE_MODERATE,1,r01-t048-fed8655f,1789120001805864273,1789120003815904512,0.0,25,0,0.0,False,False,False,False
RFC_DROP_NATIVE,BENIGN_DIVERSE_MODERATE,1,r01-t049-68ff1d77,1789120001816171350,1789120003827862951,0.0,25,0,0.0,False,False,False,False
B0_OFF,ATTACK_DIVERSE_HIGH,1,r01-t000-0bd3c8f0,1789120035891846191,1789120036106587462,0.0,400,0,0.0,False,False,False,False
B0_OFF,ATTACK_DIVERSE_HIGH,1,r01-t001-28d1f6b8,1789120036119755267,1789120036439524310,0.0,401,0,0.0,False,False,False,False
B0_OFF,ATTACK_DIVERSE_HIGH,1,r01-t002-e2a3dfd2,1789120036451198333,1789120036767630418,0.0,402,0,0.0,False,False,False,False
B0_OFF,ATTACK_DIVERSE_HIGH,1,r01-t003-0452fc71,1789120036780121505,1789120037118158275,0.0,403,0,0.0,False,False,False,False
B0_OFF,ATTACK_DIVERSE_HIGH,1,r01-t004-a1a02ab6,1789120037130749177,1789120037478586249,0.0,404,0,0.0,False,False,False,False
B0_OFF,ATTACK_DIVERSE_HIGH,1,r01-t005-d24a9270,1789120037493567734,1789120037794347042,0.0,405,0,0.0,False,False,False,False
B0_OFF,ATTACK_DIVERSE_HIGH,1,r01-t006-806a292b,1789120037810734577,1789120038156069740,0.0,406,0,0.0,False,False,False,False
B0_OFF,ATTACK_DIVERSE_HIGH,1,r01-t007-9da0826d,1789120038169539935,1789120038528877349,0.0,406,0,0.0,False,False,False,False
B0_OFF,ATTACK_DIVERSE_HIGH,1,r01-t008-81691565,1789120038544747105,1789120038889061760,0.0,406,0,0.0,False,False,False,False
B0_OFF,ATTACK_DIVERSE_HIGH,1,r01-t009-1e51ffc0,1789120038907530937,1789120039265961797,0.0,406,0,0.0,False,False,False,False
B0_OFF,ATTACK_DIVERSE_HIGH,1,r01-t010-cf25a459,1789120039282720810,1789120039595384054,0.0,406,0,0.0,False,False,False,False
B0_OFF,ATTACK_DIVERSE_HIGH,1,r01-t011-46f598a7,1789120039608168793,1789120039938768057,0.0,406,0,0.0,False,False,False,False
B0_OFF,ATTACK_DIVERSE_HIGH,1,r01-t012-8f104774,1789120039951410015,1789120040316040526,0.0,406,0,0.0,False,False,False,False
B0_OFF,ATTACK_DIVERSE_HIGH,1,r01-t013-10261df3,1789120040329611044,1789120040628655163,0.0,406,0,0.0,False,False,False,False
B0_OFF,ATTACK_DIVERSE_HIGH,1,r01-t014-58073054,1789120040641801035,1789120040992395466,0.0,406,0,0.0,False,False,False,False
B0_OFF,ATTACK_DIVERSE_HIGH,1,r01-t015-7c5a9eb2,1789120041007651466,1789120041332833251,0.0,406,0,0.0,False,False,False,False
B0_OFF,ATTACK_DIVERSE_HIGH,1,r01-t016-852074c8,1789120041345966118,1789120041642788847,0.0,406,0,0.0,False,False,False,False
B0_OFF,ATTACK_DIVERSE_HIGH,1,r01-t017-15a6036c,1789120041653991774,1789120041993846655,0.0,406,0,0.0,False,False,False,False
B0_OFF,ATTACK_DIVERSE_HIGH,1,r01-t018-776072f2,1789120042006141529,1789120042339548503,0.0,406,0,0.0,False,False,False,False
B0_OFF,ATTACK_DIVERSE_HIGH,1,r01-t019-6eba881c,1789120042353073833,1789120042699856709,0.0,406,0,0.0,False,False,False,False
B0_OFF,ATTACK_DIVERSE_HIGH,1,r01-t020-0d49b29e,1789120042712361009,1789120043034862013,0.0,406,0,0.0,False,False,False,False
B0_OFF,ATTACK_DIVERSE_HIGH,1,r01-t021-0192f602,1789120043046511897,1789120043375322961,0.0,406,0,0.0,False,False,False,False
B0_OFF,ATTACK_DIVERSE_HIGH,1,r01-t022-44ab5c56,1789120043388428581,1789120043742153787,0.0,406,0,0.0,False,False,False,False
B0_OFF,ATTACK_DIVERSE_HIGH,1,r01-t023-c6fe65da,1789120043754433945,1789120044083011184,0.0,406,0,0.0,False,False,False,False
B0_OFF,ATTACK_DIVERSE_HIGH,1,r01-t024-ca9ef7cf,1789120044095924371,1789120044465639614,0.0,406,0,0.0,False,False,False,False
B0_OFF,ATTACK_DIVERSE_HIGH,1,r01-t025-7b9096cd,1789120044480903871,1789120044828760939,0.0,406,0,0.0,False,False,False,False
B0_OFF,ATTACK_DIVERSE_HIGH,1,r01-t026-bd4f42dc,1789120044842241175,1789120045191051108,0.0,406,0,0.0,False,False,False,False
B0_OFF,ATTACK_DIVERSE_HIGH,1,r01-t027-61d567ae,1789120045208189007,1789120045530047773,0.0,406,0,0.0,False,False,False,False
B0_OFF,ATTACK_DIVERSE_HIGH,1,r01-t028-97a975f7,1789120045541908888,1789120045881922406,0.0,406,0,0.0,False,False,False,False
B0_OFF,ATTACK_DIVERSE_HIGH,1,r01-t029-bd201f72,1789120045892852966,1789120046211855985,0.0,406,0,0.0,False,False,False,False
B0_OFF,ATTACK_DIVERSE_HIGH,1,r01-t030-e6becba3,1789120046223195715,1789120046574403484,0.0,406,0,0.0,False,False,False,False
B0_OFF,ATTACK_DIVERSE_HIGH,1,r01-t031-bf7fea1f,1789120046586265907,1789120046896077665,0.0,406,0,0.0,False,False,False,False
B0_OFF,ATTACK_DIVERSE_HIGH,1,r01-t032-946cab4e,1789120046908851502,1789120047253457977,0.0,406,0,0.0,False,False,False,False
B0_OFF,ATTACK_DIVERSE_HIGH,1,r01-t033-991bd4f7,1789120047264898402,1789120047607199392,0.0,406,0,0.0,False,False,False,False
B0_OFF,ATTACK_DIVERSE_HIGH,1,r01-t034-0f7aaa73,1789120047618013192,1789120047949161110,0.0,406,0,0.0,False,False,False,False
B0_OFF,ATTACK_DIVERSE_HIGH,1,r01-t035-103bf772,1789120047961193645,1789120048257969318,0.0,406,0,0.0,False,False,False,False
B0_OFF,ATTACK_DIVERSE_HIGH,1,r01-t036-3b79517c,1789120048268923562,1789120048627050974,0.0,406,0,0.0,False,False,False,False
B0_OFF,ATTACK_DIVERSE_HIGH,1,r01-t037-6d960a61,1789120048639289942,1789120048985550841,0.0,405,0,0.0,False,False,False,False
B0_OFF,ATTACK_DIVERSE_HIGH,1,r01-t038-2e6b0fd7,1789120048996612059,1789120049358410410,0.0,406,0,0.0,False,False,False,False
B0_OFF,ATTACK_DIVERSE_HIGH,1,r01-t039-4eac1dc5,1789120049371301868,1789120049703356728,0.0,406,0,0.0,False,False,False,False
B0_OFF,ATTACK_DIVERSE_HIGH,1,r01-t040-dbce860b,1789120049715807838,1789120050061734600,0.0,406,0,0.0,False,False,False,False
B0_OFF,ATTACK_DIVERSE_HIGH,1,r01-t041-2994a70e,1789120050073028592,1789120050416440581,0.0,406,0,0.0,False,False,False,False
B0_OFF,ATTACK_DIVERSE_HIGH,1,r01-t042-18eb9ba2,1789120050434473979,1789120050767515844,0.0,406,0,0.0,False,False,False,False
B0_OFF,ATTACK_DIVERSE_HIGH,1,r01-t043-3469798d,1789120050779198076,1789120051095269620,0.0,406,0,0.0,False,False,False,False
B0_OFF,ATTACK_DIVERSE_HIGH,1,r01-t044-569f932b,1789120051106833661,1789120051448873635,0.0,406,0,0.0,False,False,False,False
B0_OFF,ATTACK_DIVERSE_HIGH,1,r01-t045-bc4bf691,1789120051461263033,1789120051791715862,0.0,406,0,0.0,False,False,False,False
B0_OFF,ATTACK_DIVERSE_HIGH,1,r01-t046-15d5b1ea,1789120051802786113,1789120052133815361,0.0,406,0,0.0,False,False,False,False
B0_OFF,ATTACK_DIVERSE_HIGH,1,r01-t047-15f418c9,1789120052147063681,1789120052496620210,0.0,406,0,0.0,False,False,False,False
B0_OFF,ATTACK_DIVERSE_HIGH,1,r01-t048-821cc3ee,1789120052509696233,1789120052877543466,0.0,406,0,0.0,False,False,False,False
B0_OFF,ATTACK_DIVERSE_HIGH,1,r01-t049-290fd482,1789120052889199266,1789120053214273578,0.0,406,0,0.0,False,False,False,False
B1_RL2_TC,BENIGN_DIVERSE_HIGH,1,r01-t000-0bd3c8f0,1789120067851587890,1789120069069816010,0.0,400,0,0.0,False,False,False,False
B1_RL2_TC,BENIGN_DIVERSE_HIGH,1,r01-t001-28d1f6b8,1789120069080370573,1789120069454316620,0.0,403,0,0.0,False,False,False,False
B1_RL2_TC,BENIGN_DIVERSE_HIGH,1,r01-t002-e2a3dfd2,1789120069465869425,1789120069845043691,0.0,404,0,0.0,False,False,False,False
B1_RL2_TC,BENIGN_DIVERSE_HIGH,1,r01-t003-0452fc71,1789120069855969335,1789120070267320587,0.0,405,0,0.0,False,False,False,False
B1_RL2_TC,BENIGN_DIVERSE_HIGH,1,r01-t004-a1a02ab6,1789120070279408396,1789120070672356545,0.0,405,0,0.0,False,False,False,False
B1_RL2_TC,BENIGN_DIVERSE_HIGH,1,r01-t005-d24a9270,1789120070685494358,1789120071090770277,0.0,405,0,0.0,False,False,False,False
B1_RL2_TC,BENIGN_DIVERSE_HIGH,1,r01-t006-806a292b,1789120071102177076,1789120071501027628,0.0,405,0,0.0,False,False,False,False
B1_RL2_TC,BENIGN_DIVERSE_HIGH,1,r01-t007-9da0826d,1789120071512663956,1789120071900081448,0.0,405,0,0.0,False,False,False,False
B1_RL2_TC,BENIGN_DIVERSE_HIGH,1,r01-t008-81691565,1789120071911912515,1789120072284535015,0.0,405,0,0.0,False,False,False,False
B1_RL2_TC,BENIGN_DIVERSE_HIGH,1,r01-t009-1e51ffc0,1789120072295309924,1789120072675205586,0.0,405,0,0.0,False,False,False,False
B1_RL2_TC,BENIGN_DIVERSE_HIGH,1,r01-t010-cf25a459,1789120072686300855,1789120073089902301,0.0,405,0,0.0,False,False,False,False
B1_RL2_TC,BENIGN_DIVERSE_HIGH,1,r01-t011-46f598a7,1789120073101055050,1789120073487302704,0.0,405,0,0.0,False,False,False,False
B1_RL2_TC,BENIGN_DIVERSE_HIGH,1,r01-t012-8f104774,1789120073500526382,1789120073903917696,0.0,405,0,0.0,False,False,False,False
B1_RL2_TC,BENIGN_DIVERSE_HIGH,1,r01-t013-10261df3,1789120073915526128,1789120074340606842,0.0,405,0,0.0,False,False,False,False
B1_RL2_TC,BENIGN_DIVERSE_HIGH,1,r01-t014-58073054,1789120074352206562,1789120074756359902,0.0,405,0,0.0,False,False,False,False
B1_RL2_TC,BENIGN_DIVERSE_HIGH,1,r01-t015-7c5a9eb2,1789120074768274395,1789120075153918260,0.0,405,0,0.0,False,False,False,False
B1_RL2_TC,BENIGN_DIVERSE_HIGH,1,r01-t016-852074c8,1789120075166107278,1789120075578664598,0.0,405,0,0.0,False,False,False,False
B1_RL2_TC,BENIGN_DIVERSE_HIGH,1,r01-t017-15a6036c,1789120075590482122,1789120075990248245,0.0,405,0,0.0,False,False,False,False
B1_RL2_TC,BENIGN_DIVERSE_HIGH,1,r01-t018-776072f2,1789120076001160937,1789120076379763229,0.0,405,0,0.0,False,False,False,False
B1_RL2_TC,BENIGN_DIVERSE_HIGH,1,r01-t019-6eba881c,1789120076409690226,1789120076786807289,0.0,405,0,0.0,False,False,False,False
B1_RL2_TC,BENIGN_DIVERSE_HIGH,1,r01-t020-0d49b29e,1789120076798759945,1789120077195159874,0.0,404,0,0.0,False,False,False,False
B1_RL2_TC,BENIGN_DIVERSE_HIGH,1,r01-t021-0192f602,1789120077206315843,1789120077586091241,0.0,407,0,0.0,False,False,False,False
B1_RL2_TC,BENIGN_DIVERSE_HIGH,1,r01-t022-44ab5c56,1789120077597068043,1789120078016818926,0.0,405,0,0.0,False,False,False,False
B1_RL2_TC,BENIGN_DIVERSE_HIGH,1,r01-t023-c6fe65da,1789120078028125085,1789120078439300397,0.0,405,0,0.0,False,False,False,False
B1_RL2_TC,BENIGN_DIVERSE_HIGH,1,r01-t024-ca9ef7cf,1789120078451265931,1789120078847490955,0.0,405,0,0.0,False,False,False,False
B1_RL2_TC,BENIGN_DIVERSE_HIGH,1,r01-t025-7b9096cd,1789120078858771640,1789120079274240609,0.0,404,0,0.0,False,False,False,False
B1_RL2_TC,BENIGN_DIVERSE_HIGH,1,r01-t026-bd4f42dc,1789120079285519307,1789120079674175105,0.0,405,0,0.0,False,False,False,False
B1_RL2_TC,BENIGN_DIVERSE_HIGH,1,r01-t027-61d567ae,1789120079687399731,1789120080092734486,0.0,405,0,0.0,False,False,False,False
B1_RL2_TC,BENIGN_DIVERSE_HIGH,1,r01-t028-97a975f7,1789120080103622850,1789120080502967922,0.0,405,0,0.0,False,False,False,False
B1_RL2_TC,BENIGN_DIVERSE_HIGH,1,r01-t029-bd201f72,1789120080515350124,1789120080914370912,0.0,405,0,0.0,False,False,False,False
B1_RL2_TC,BENIGN_DIVERSE_HIGH,1,r01-t030-e6becba3,1789120080925177490,1789120081315452227,0.0,405,0,0.0,False,False,False,False
B1_RL2_TC,BENIGN_DIVERSE_HIGH,1,r01-t031-bf7fea1f,1789120081326250332,1789120081718145631,0.0,405,0,0.0,False,False,False,False
B1_RL2_TC,BENIGN_DIVERSE_HIGH,1,r01-t032-946cab4e,1789120081729373322,1789120082115316020,0.0,405,0,0.0,False,False,False,False
B1_RL2_TC,BENIGN_DIVERSE_HIGH,1,r01-t033-991bd4f7,1789120082127476289,1789120082534872382,0.0,405,0,0.0,False,False,False,False
B1_RL2_TC,BENIGN_DIVERSE_HIGH,1,r01-t034-0f7aaa73,1789120082546465297,1789120082957737279,0.0,405,0,0.0,False,False,False,False
B1_RL2_TC,BENIGN_DIVERSE_HIGH,1,r01-t035-103bf772,1789120082969398078,1789120083339600816,0.0,405,0,0.0,False,False,False,False
B1_RL2_TC,BENIGN_DIVERSE_HIGH,1,r01-t036-3b79517c,1789120083351383578,1789120083729845847,0.0,405,0,0.0,False,False,False,False
B1_RL2_TC,BENIGN_DIVERSE_HIGH,1,r01-t037-6d960a61,1789120083740777912,1789120084168181451,0.0,405,0,0.0,False,False,False,False
B1_RL2_TC,BENIGN_DIVERSE_HIGH,1,r01-t038-2e6b0fd7,1789120084180270503,1789120084568348848,0.0,405,0,0.0,False,False,False,False
B1_RL2_TC,BENIGN_DIVERSE_HIGH,1,r01-t039-4eac1dc5,1789120084580341072,1789120084980970808,0.0,405,0,0.0,False,False,False,False
B1_RL2_TC,BENIGN_DIVERSE_HIGH,1,r01-t040-dbce860b,1789120084992112715,1789120085378495187,0.0,405,0,0.0,False,False,False,False
B1_RL2_TC,BENIGN_DIVERSE_HIGH,1,r01-t041-2994a70e,1789120085389737539,1789120085775502005,0.0,405,0,0.0,False,False,False,False
B1_RL2_TC,BENIGN_DIVERSE_HIGH,1,r01-t042-18eb9ba2,1789120085786450637,1789120086196565822,0.0,405,0,0.0,False,False,False,False
B1_RL2_TC,BENIGN_DIVERSE_HIGH,1,r01-t043-3469798d,1789120086207302992,1789120086605256956,0.0,405,0,0.0,False,False,False,False
B1_RL2_TC,BENIGN_DIVERSE_HIGH,1,r01-t044-569f932b,1789120088201809122,1789120090211552033,0.0,162,0,0.0,False,False,False,False
B1_RL2_TC,BENIGN_DIVERSE_HIGH,1,r01-t045-bc4bf691,1789120090222675638,1789120090620102234,0.0,327,0,0.0,False,False,False,False
B1_RL2_TC,BENIGN_DIVERSE_HIGH,1,r01-t046-15d5b1ea,1789120090630954581,1789120091036156942,0.0,401,0,0.0,False,False,False,False
B1_RL2_TC,BENIGN_DIVERSE_HIGH,1,r01-t047-15f418c9,1789120091048058523,1789120091453304396,0.0,402,0,0.0,False,False,False,False
B1_RL2_TC,BENIGN_DIVERSE_HIGH,1,r01-t048-821cc3ee,1789120091464631373,1789120091898232202,0.0,403,0,0.0,False,False,False,False
B1_RL2_TC,BENIGN_DIVERSE_HIGH,1,r01-t049-290fd482,1789120091910151302,1789120092296616631,0.0,404,0,0.0,False,False,False,False
RFC_DROP_NATIVE,ATTACK_DIVERSE_MODERATE,2,r02-t000-1d9251a7,1789120104468838221,1789120106492256759,0.0,24,0,0.0,False,False,False,False
RFC_DROP_NATIVE,ATTACK_DIVERSE_MODERATE,2,r02-t001-22d94119,1789120104473750805,1789120106494181079,0.0,24,0,0.0,False,False,False,False
RFC_DROP_NATIVE,ATTACK_DIVERSE_MODERATE,2,r02-t002-5ea0b51b,1789120104482714586,1789120106492044844,0.0,24,0,0.0,False,False,False,False
RFC_DROP_NATIVE,ATTACK_DIVERSE_MODERATE,2,r02-t003-3eea839b,1789120104492483765,1789120106502281018,0.0,24,0,0.0,False,False,False,False
RFC_DROP_NATIVE,ATTACK_DIVERSE_MODERATE,2,r02-t004-784faa17,1789120104503113481,1789120106512845412,0.0,24,0,0.0,False,False,False,False
RFC_DROP_NATIVE,ATTACK_DIVERSE_MODERATE,2,r02-t005-e21b5552,1789120104512747117,1789120106522896635,0.0,24,0,0.0,False,False,False,False
RFC_DROP_NATIVE,ATTACK_DIVERSE_MODERATE,2,r02-t006-8239553e,1789120104522394564,1789120106532141312,0.0,24,0,0.0,False,False,False,False
RFC_DROP_NATIVE,ATTACK_DIVERSE_MODERATE,2,r02-t007-2bfd5e90,1789120104532514938,1789120106540516683,0.0,24,0,0.0,False,False,False,False
RFC_DROP_NATIVE,ATTACK_DIVERSE_MODERATE,2,r02-t008-a1a5dd34,1789120104542284872,1789120106552515014,0.0,24,0,0.0,False,False,False,False
RFC_DROP_NATIVE,ATTACK_DIVERSE_MODERATE,2,r02-t009-23f8b3bb,1789120104552433339,1789120106560598243,0.0,24,0,0.0,False,False,False,False
RFC_DROP_NATIVE,ATTACK_DIVERSE_MODERATE,2,r02-t010-8cc0872e,1789120104562524296,1789120106572400325,0.0,24,0,0.0,False,False,False,False
RFC_DROP_NATIVE,ATTACK_DIVERSE_MODERATE,2,r02-t011-ada5f705,1789120104572493239,1789120106582884682,0.0,24,0,0.0,False,False,False,False
RFC_DROP_NATIVE,ATTACK_DIVERSE_MODERATE,2,r02-t012-7d2c0993,1789120104582341868,1789120106592587936,0.0,24,0,0.0,False,False,False,False
RFC_DROP_NATIVE,ATTACK_DIVERSE_MODERATE,2,r02-t013-ca5f8534,1789120104592633536,1789120106602897596,0.0,24,0,0.0,False,False,False,False
RFC_DROP_NATIVE,ATTACK_DIVERSE_MODERATE,2,r02-t014-bcd23e45,1789120104602460507,1789120106612511699,0.0,24,0,0.0,False,False,False,False
RFC_DROP_NATIVE,ATTACK_DIVERSE_MODERATE,2,r02-t015-45037dee,1789120104612659292,1789120106622762684,0.0,24,0,0.0,False,False,False,False
RFC_DROP_NATIVE,ATTACK_DIVERSE_MODERATE,2,r02-t016-f3a7a54e,1789120104622520502,1789120106642753952,0.0,24,0,0.0,False,False,False,False
RFC_DROP_NATIVE,ATTACK_DIVERSE_MODERATE,2,r02-t017-3813e57d,1789120104632599637,1789120106643095180,0.0,24,0,0.0,False,False,False,False
RFC_DROP_NATIVE,ATTACK_DIVERSE_MODERATE,2,r02-t018-bd485b46,1789120104642469643,1789120106651702499,0.0,24,0,0.0,False,False,False,False
RFC_DROP_NATIVE,ATTACK_DIVERSE_MODERATE,2,r02-t019-394aad00,1789120104652775120,1789120106662964730,0.0,24,0,0.0,False,False,False,False
RFC_DROP_NATIVE,ATTACK_DIVERSE_MODERATE,2,r02-t020-707312a8,1789120104662515072,1789120106672756377,0.0,24,0,0.0,False,False,False,False
RFC_DROP_NATIVE,ATTACK_DIVERSE_MODERATE,2,r02-t021-4c030776,1789120104673172975,1789120106682927420,0.0,25,0,0.0,False,False,False,False
RFC_DROP_NATIVE,ATTACK_DIVERSE_MODERATE,2,r02-t022-0a9ca1ac,1789120104682677408,1789120106692515603,0.0,25,0,0.0,False,False,False,False
RFC_DROP_NATIVE,ATTACK_DIVERSE_MODERATE,2,r02-t023-586d7940,1789120104692685792,1789120106702879001,0.0,25,0,0.0,False,False,False,False
RFC_DROP_NATIVE,ATTACK_DIVERSE_MODERATE,2,r02-t024-9608ef4b,1789120104702374476,1789120106712179788,0.0,25,0,0.0,False,False,False,False
RFC_DROP_NATIVE,ATTACK_DIVERSE_MODERATE,2,r02-t025-6ad4dd9d,1789120104713299585,1789120106722306207,0.0,25,0,0.0,False,False,False,False
RFC_DROP_NATIVE,ATTACK_DIVERSE_MODERATE,2,r02-t026-c3eb4a17,1789120104722646061,1789120106732413544,0.0,25,0,0.0,False,False,False,False
RFC_DROP_NATIVE,ATTACK_DIVERSE_MODERATE,2,r02-t027-287cde51,1789120104732597977,1789120106740533990,0.0,25,0,0.0,False,False,False,False
RFC_DROP_NATIVE,ATTACK_DIVERSE_MODERATE,2,r02-t028-83472b60,1789120104742595676,1789120106787141039,0.0,25,0,0.0,False,False,False,False
RFC_DROP_NATIVE,ATTACK_DIVERSE_MODERATE,2,r02-t029-5aa88b60,1789120104769516814,1789120106790815743,0.0,25,0,0.0,False,False,False,False
RFC_DROP_NATIVE,ATTACK_DIVERSE_MODERATE,2,r02-t030-4add7719,1789120104772217990,1789120106794907820,0.0,25,0,0.0,False,False,False,False
RFC_DROP_NATIVE,ATTACK_DIVERSE_MODERATE,2,r02-t031-9db1048e,1789120104773790474,1789120106794775372,0.0,25,0,0.0,False,False,False,False
RFC_DROP_NATIVE,ATTACK_DIVERSE_MODERATE,2,r02-t032-09665555,1789120104782699964,1789120106792722974,0.0,25,0,0.0,False,False,False,False
RFC_DROP_NATIVE,ATTACK_DIVERSE_MODERATE,2,r02-t033-a257c4ec,1789120104792673539,1789120106803517416,0.0,25,0,0.0,False,False,False,False
RFC_DROP_NATIVE,ATTACK_DIVERSE_MODERATE,2,r02-t034-3d1f8fc4,1789120104803138018,1789120106812568408,0.0,25,0,0.0,False,False,False,False
RFC_DROP_NATIVE,ATTACK_DIVERSE_MODERATE,2,r02-t035-5dc24f5a,1789120104812620603,1789120106822958676,0.0,25,0,0.0,False,False,False,False
RFC_DROP_NATIVE,ATTACK_DIVERSE_MODERATE,2,r02-t036-5eb3c56e,1789120104822452867,1789120106832636010,0.0,25,0,0.0,False,False,False,False
RFC_DROP_NATIVE,ATTACK_DIVERSE_MODERATE,2,r02-t037-dc124082,1789120104832677285,1789120106840540745,0.0,25,0,0.0,False,False,False,False
RFC_DROP_NATIVE,ATTACK_DIVERSE_MODERATE,2,r02-t038-501c6727,1789120104842456299,1789120106852573635,0.0,25,0,0.0,False,False,False,False
RFC_DROP_NATIVE,ATTACK_DIVERSE_MODERATE,2,r02-t039-57714c1d,1789120104852582915,1789120106860643286,0.0,25,0,0.0,False,False,False,False
RFC_DROP_NATIVE,ATTACK_DIVERSE_MODERATE,2,r02-t040-10b83d81,1789120104862688914,1789120106872490847,0.0,25,0,0.0,False,False,False,False
RFC_DROP_NATIVE,ATTACK_DIVERSE_MODERATE,2,r02-t041-2ef3b3bb,1789120104872914940,1789120106893241475,0.0,25,0,0.0,False,False,False,False
RFC_DROP_NATIVE,ATTACK_DIVERSE_MODERATE,2,r02-t042-04169ab6,1789120104882464867,1789120106891515301,0.0,25,0,0.0,False,False,False,False
RFC_DROP_NATIVE,ATTACK_DIVERSE_MODERATE,2,r02-t043-a8c54275,1789120104892749159,1789120106901035694,0.0,25,0,0.0,False,False,False,False
RFC_DROP_NATIVE,ATTACK_DIVERSE_MODERATE,2,r02-t044-bdf26661,1789120104902330111,1789120106912652921,0.0,25,0,0.0,False,False,False,False
RFC_DROP_NATIVE,ATTACK_DIVERSE_MODERATE,2,r02-t045-d11087f3,1789120104912645710,1789120106933517957,0.0,25,0,0.0,False,False,False,False
RFC_DROP_NATIVE,ATTACK_DIVERSE_MODERATE,2,r02-t046-0b9ed95d,1789120104922436074,1789120106933667682,0.0,25,0,0.0,False,False,False,False
RFC_DROP_NATIVE,ATTACK_DIVERSE_MODERATE,2,r02-t047-d1b4760b,1789120104932598350,1789120106943418409,0.0,25,0,0.0,False,False,False,False
RFC_DROP_NATIVE,ATTACK_DIVERSE_MODERATE,2,r02-t048-62cd11a8,1789120104942460033,1789120106952691664,0.0,25,0,0.0,False,False,False,False
RFC_DROP_NATIVE,ATTACK_DIVERSE_MODERATE,2,r02-t049-c88f5181,1789120104953423447,1789120106964523558,0.0,26,0,0.0,False,False,False,False
B5_LOCKED_TC,ATTACK_DIVERSE_MODERATE,2,r02-t000-1d9251a7,1789120137563397342,1789120137701821369,0.0,24,0,0.0,False,False,False,False
B5_LOCKED_TC,ATTACK_DIVERSE_MODERATE,2,r02-t001-22d94119,1789120137712211794,1789120137991924931,0.0,25,0,0.0,False,False,False,False
B5_LOCKED_TC,ATTACK_DIVERSE_MODERATE,2,r02-t002-5ea0b51b,1789120138002316682,1789120138303829943,0.0,26,0,0.0,False,False,False,False
B5_LOCKED_TC,ATTACK_DIVERSE_MODERATE,2,r02-t003-3eea839b,1789120138314486873,1789120138645246059,0.0,27,0,0.0,False,False,False,False
B5_LOCKED_TC,ATTACK_DIVERSE_MODERATE,2,r02-t004-784faa17,1789120138655078541,1789120138956681111,0.0,28,0,0.0,False,False,False,False
B5_LOCKED_TC,ATTACK_DIVERSE_MODERATE,2,r02-t005-e21b5552,1789120138966803990,1789120139274288896,0.0,29,0,0.0,False,False,False,False
B5_LOCKED_TC,ATTACK_DIVERSE_MODERATE,2,r02-t006-8239553e,1789120139284036071,1789120139588186623,0.0,30,0,0.0,False,False,False,False
B5_LOCKED_TC,ATTACK_DIVERSE_MODERATE,2,r02-t007-2bfd5e90,1789120139598491028,1789120139921567011,0.0,31,0,0.0,False,False,False,False
B5_LOCKED_TC,ATTACK_DIVERSE_MODERATE,2,r02-t008-a1a5dd34,1789120139934343798,1789120140252519015,0.0,31,0,0.0,False,False,False,False
B5_LOCKED_TC,ATTACK_DIVERSE_MODERATE,2,r02-t009-23f8b3bb,1789120140262545756,1789120140606151869,0.0,31,0,0.0,False,False,False,False
B5_LOCKED_TC,ATTACK_DIVERSE_MODERATE,2,r02-t010-8cc0872e,1789120140616708283,1789120140916357558,0.0,31,0,0.0,False,False,False,False
B5_LOCKED_TC,ATTACK_DIVERSE_MODERATE,2,r02-t011-ada5f705,1789120140926358927,1789120141276378711,0.0,31,0,0.0,False,False,False,False
B5_LOCKED_TC,ATTACK_DIVERSE_MODERATE,2,r02-t012-7d2c0993,1789120141286389202,1789120141626412178,0.0,30,0,0.0,False,False,False,False
B5_LOCKED_TC,ATTACK_DIVERSE_MODERATE,2,r02-t013-ca5f8534,1789120141638035257,1789120141965140617,0.0,30,0,0.0,False,False,False,False
B5_LOCKED_TC,ATTACK_DIVERSE_MODERATE,2,r02-t014-bcd23e45,1789120141977221150,1789120142306975164,0.0,30,0,0.0,False,False,False,False
B5_LOCKED_TC,ATTACK_DIVERSE_MODERATE,2,r02-t015-45037dee,1789120142317593157,1789120142615647994,0.0,30,0,0.0,False,False,False,False
B5_LOCKED_TC,ATTACK_DIVERSE_MODERATE,2,r02-t016-f3a7a54e,1789120142625743533,1789120142980687647,0.0,30,0,0.0,False,False,False,False
B5_LOCKED_TC,ATTACK_DIVERSE_MODERATE,2,r02-t017-3813e57d,1789120142990937224,1789120143329645993,0.0,30,0,0.0,False,False,False,False
B5_LOCKED_TC,ATTACK_DIVERSE_MODERATE,2,r02-t018-bd485b46,1789120143340354543,1789120143674469671,0.0,30,0,0.0,False,False,False,False
B5_LOCKED_TC,ATTACK_DIVERSE_MODERATE,2,r02-t019-394aad00,1789120143685744195,1789120143992369123,0.0,30,0,0.0,False,False,False,False
B5_LOCKED_TC,ATTACK_DIVERSE_MODERATE,2,r02-t020-707312a8,1789120144002330392,1789120144342510541,0.0,30,0,0.0,False,False,False,False
B5_LOCKED_TC,ATTACK_DIVERSE_MODERATE,2,r02-t021-4c030776,1789120144354317494,1789120144696176177,0.0,30,0,0.0,False,False,False,False
B5_LOCKED_TC,ATTACK_DIVERSE_MODERATE,2,r02-t022-0a9ca1ac,1789120144706094209,1789120145023072481,0.0,30,0,0.0,False,False,False,False
B5_LOCKED_TC,ATTACK_DIVERSE_MODERATE,2,r02-t023-586d7940,1789120145033834721,1789120145323296662,0.0,30,0,0.0,False,False,False,False
B5_LOCKED_TC,ATTACK_DIVERSE_MODERATE,2,r02-t024-9608ef4b,1789120145334955376,1789120145636665190,0.0,30,0,0.0,False,False,False,False
B5_LOCKED_TC,ATTACK_DIVERSE_MODERATE,2,r02-t025-6ad4dd9d,1789120145647958340,1789120146006904085,0.0,31,0,0.0,False,False,False,False
B5_LOCKED_TC,ATTACK_DIVERSE_MODERATE,2,r02-t026-c3eb4a17,1789120146017307793,1789120146308207854,0.0,30,0,0.0,False,False,False,False
B5_LOCKED_TC,ATTACK_DIVERSE_MODERATE,2,r02-t027-287cde51,1789120146318856444,1789120146632035776,0.0,31,0,0.0,False,False,False,False
B5_LOCKED_TC,ATTACK_DIVERSE_MODERATE,2,r02-t028-83472b60,1789120146641519539,1789120146971997459,0.0,31,0,0.0,False,False,False,False
B5_LOCKED_TC,ATTACK_DIVERSE_MODERATE,2,r02-t029-5aa88b60,1789120146982246942,1789120147314180814,0.0,31,0,0.0,False,False,False,False
B5_LOCKED_TC,ATTACK_DIVERSE_MODERATE,2,r02-t030-4add7719,1789120147324087661,1789120147640659546,0.0,30,0,0.0,False,False,False,False
B5_LOCKED_TC,ATTACK_DIVERSE_MODERATE,2,r02-t031-9db1048e,1789120147653775867,1789120147976505812,0.0,30,0,0.0,False,False,False,False
B5_LOCKED_TC,ATTACK_DIVERSE_MODERATE,2,r02-t032-09665555,1789120147987077795,1789120148333938581,0.0,31,0,0.0,False,False,False,False
B5_LOCKED_TC,ATTACK_DIVERSE_MODERATE,2,r02-t033-a257c4ec,1789120148346298136,1789120148661381441,0.0,30,0,0.0,False,False,False,False
B5_LOCKED_TC,ATTACK_DIVERSE_MODERATE,2,r02-t034-3d1f8fc4,1789120148674897913,1789120149006247867,0.0,30,0,0.0,False,False,False,False
B5_LOCKED_TC,ATTACK_DIVERSE_MODERATE,2,r02-t035-5dc24f5a,1789120149016874619,1789120149320239883,0.0,30,0,0.0,False,False,False,False
B5_LOCKED_TC,ATTACK_DIVERSE_MODERATE,2,r02-t036-5eb3c56e,1789120149330612220,1789120149659507465,0.0,30,0,0.0,False,False,False,False
B5_LOCKED_TC,ATTACK_DIVERSE_MODERATE,2,r02-t037-dc124082,1789120150257478010,1789120150570042883,0.0,25,0,0.0,False,False,False,False
B5_LOCKED_TC,ATTACK_DIVERSE_MODERATE,2,r02-t038-501c6727,1789120151556128815,1789120151883106756,0.0,10,0,0.0,False,False,False,False
B5_LOCKED_TC,ATTACK_DIVERSE_MODERATE,2,r02-t039-57714c1d,1789120151893548912,1789120152230302539,0.0,7,0,0.0,False,False,False,False
B5_LOCKED_TC,ATTACK_DIVERSE_MODERATE,2,r02-t040-10b83d81,1789120152240753839,1789120152550585776,0.0,12,0,0.0,False,False,False,False
B5_LOCKED_TC,ATTACK_DIVERSE_MODERATE,2,r02-t041-2ef3b3bb,1789120152562505749,1789120152873098264,0.0,16,0,0.0,False,False,False,False
B5_LOCKED_TC,ATTACK_DIVERSE_MODERATE,2,r02-t042-04169ab6,1789120152883750734,1789120153215517219,0.0,18,0,0.0,False,False,False,False
B5_LOCKED_TC,ATTACK_DIVERSE_MODERATE,2,r02-t043-a8c54275,1789120153226267416,1789120153558376137,0.0,23,0,0.0,False,False,False,False
B5_LOCKED_TC,ATTACK_DIVERSE_MODERATE,2,r02-t044-bdf26661,1789120153569480191,1789120153878562886,0.0,28,0,0.0,False,False,False,False
B5_LOCKED_TC,ATTACK_DIVERSE_MODERATE,2,r02-t045-d11087f3,1789120153888514214,1789120154220267364,0.0,30,0,0.0,False,False,False,False
B5_LOCKED_TC,ATTACK_DIVERSE_MODERATE,2,r02-t046-0b9ed95d,1789120154231823193,1789120154543806846,0.0,30,0,0.0,False,False,False,False
B5_LOCKED_TC,ATTACK_DIVERSE_MODERATE,2,r02-t047-d1b4760b,1789120154555878172,1789120154871481452,0.0,30,0,0.0,False,False,False,False
B5_LOCKED_TC,ATTACK_DIVERSE_MODERATE,2,r02-t048-62cd11a8,1789120154882732001,1789120155199305981,0.0,30,0,0.0,False,False,False,False
B5_LOCKED_TC,ATTACK_DIVERSE_MODERATE,2,r02-t049-c88f5181,1789120155210029222,1789120155530908921,0.0,30,0,0.0,False,False,False,False
RFC_DROP_NATIVE,BENIGN_DIVERSE_MODERATE,2,r02-t000-1d9251a7,1789120166321723588,1789120168344538819,0.0,24,0,0.0,False,False,False,False
RFC_DROP_NATIVE,BENIGN_DIVERSE_MODERATE,2,r02-t001-22d94119,1789120166327378185,1789120168349522364,0.0,24,0,0.0,False,False,False,False
RFC_DROP_NATIVE,BENIGN_DIVERSE_MODERATE,2,r02-t002-5ea0b51b,1789120166336735711,1789120168357352470,0.0,24,0,0.0,False,False,False,False
RFC_DROP_NATIVE,BENIGN_DIVERSE_MODERATE,2,r02-t003-3eea839b,1789120166346782414,1789120168367827404,0.0,24,0,0.0,False,False,False,False
RFC_DROP_NATIVE,BENIGN_DIVERSE_MODERATE,2,r02-t004-784faa17,1789120166356958354,1789120168367007187,0.0,24,0,0.0,False,False,False,False
RFC_DROP_NATIVE,BENIGN_DIVERSE_MODERATE,2,r02-t005-e21b5552,1789120166367452739,1789120168377721050,0.0,24,0,0.0,False,False,False,False
RFC_DROP_NATIVE,BENIGN_DIVERSE_MODERATE,2,r02-t006-8239553e,1789120166377040655,1789120168386789167,0.0,24,0,0.0,False,False,False,False
RFC_DROP_NATIVE,BENIGN_DIVERSE_MODERATE,2,r02-t007-2bfd5e90,1789120166387213749,1789120168397896723,0.0,24,0,0.0,False,False,False,False
RFC_DROP_NATIVE,BENIGN_DIVERSE_MODERATE,2,r02-t008-a1a5dd34,1789120166399434917,1789120168410662077,0.0,24,0,0.0,False,False,False,False
RFC_DROP_NATIVE,BENIGN_DIVERSE_MODERATE,2,r02-t009-23f8b3bb,1789120166407126961,1789120168418075812,0.0,24,0,0.0,False,False,False,False
RFC_DROP_NATIVE,BENIGN_DIVERSE_MODERATE,2,r02-t010-8cc0872e,1789120166417180588,1789120168426872262,0.0,24,0,0.0,False,False,False,False
RFC_DROP_NATIVE,BENIGN_DIVERSE_MODERATE,2,r02-t011-ada5f705,1789120166427566043,1789120168438728109,0.0,24,0,0.0,False,False,False,False
RFC_DROP_NATIVE,BENIGN_DIVERSE_MODERATE,2,r02-t012-7d2c0993,1789120166437337948,1789120168457056587,0.0,24,0,0.0,False,False,False,False
RFC_DROP_NATIVE,BENIGN_DIVERSE_MODERATE,2,r02-t013-ca5f8534,1789120166447746935,1789120168458140593,0.0,24,0,0.0,False,False,False,False
RFC_DROP_NATIVE,BENIGN_DIVERSE_MODERATE,2,r02-t014-bcd23e45,1789120166457483731,1789120168466992744,0.0,24,0,0.0,False,False,False,False
RFC_DROP_NATIVE,BENIGN_DIVERSE_MODERATE,2,r02-t015-45037dee,1789120166466817725,1789120168477693133,0.0,24,0,0.0,False,False,False,False
RFC_DROP_NATIVE,BENIGN_DIVERSE_MODERATE,2,r02-t016-f3a7a54e,1789120166476783013,1789120168487091841,0.0,24,0,0.0,False,False,False,False
RFC_DROP_NATIVE,BENIGN_DIVERSE_MODERATE,2,r02-t017-3813e57d,1789120166486967587,1789120168497175643,0.0,24,0,0.0,False,False,False,False
RFC_DROP_NATIVE,BENIGN_DIVERSE_MODERATE,2,r02-t018-bd485b46,1789120166496650392,1789120168506917564,0.0,24,0,0.0,False,False,False,False
RFC_DROP_NATIVE,BENIGN_DIVERSE_MODERATE,2,r02-t019-394aad00,1789120166506752793,1789120168515328008,0.0,24,0,0.0,False,False,False,False
RFC_DROP_NATIVE,BENIGN_DIVERSE_MODERATE,2,r02-t020-707312a8,1789120166516891633,1789120168527052529,0.0,24,0,0.0,False,False,False,False
RFC_DROP_NATIVE,BENIGN_DIVERSE_MODERATE,2,r02-t021-4c030776,1789120166526729864,1789120168537090311,0.0,24,0,0.0,False,False,False,False
RFC_DROP_NATIVE,BENIGN_DIVERSE_MODERATE,2,r02-t022-0a9ca1ac,1789120166536773435,1789120168547241391,0.0,24,0,0.0,False,False,False,False
RFC_DROP_NATIVE,BENIGN_DIVERSE_MODERATE,2,r02-t023-586d7940,1789120166546796414,1789120168557546094,0.0,24,0,0.0,False,False,False,False
RFC_DROP_NATIVE,BENIGN_DIVERSE_MODERATE,2,r02-t024-9608ef4b,1789120166556404353,1789120168577210793,0.0,24,0,0.0,False,False,False,False
RFC_DROP_NATIVE,BENIGN_DIVERSE_MODERATE,2,r02-t025-6ad4dd9d,1789120166567120967,1789120168578817445,0.0,24,0,0.0,False,False,False,False
RFC_DROP_NATIVE,BENIGN_DIVERSE_MODERATE,2,r02-t026-c3eb4a17,1789120166577553011,1789120168597134725,0.0,24,0,0.0,False,False,False,False
RFC_DROP_NATIVE,BENIGN_DIVERSE_MODERATE,2,r02-t027-287cde51,1789120166586750177,1789120168597766589,0.0,24,0,0.0,False,False,False,False
RFC_DROP_NATIVE,BENIGN_DIVERSE_MODERATE,2,r02-t028-83472b60,1789120166596584897,1789120168627316202,0.0,24,0,0.0,False,False,False,False
RFC_DROP_NATIVE,BENIGN_DIVERSE_MODERATE,2,r02-t029-5aa88b60,1789120166615477962,1789120168626608430,0.0,24,0,0.0,False,False,False,False
RFC_DROP_NATIVE,BENIGN_DIVERSE_MODERATE,2,r02-t030-4add7719,1789120166618077242,1789120168639522282,0.0,24,0,0.0,False,False,False,False
RFC_DROP_NATIVE,BENIGN_DIVERSE_MODERATE,2,r02-t031-9db1048e,1789120166626823498,1789120168649428456,0.0,24,0,0.0,False,False,False,False
RFC_DROP_NATIVE,BENIGN_DIVERSE_MODERATE,2,r02-t032-09665555,1789120166637093283,1789120168657813090,0.0,24,0,0.0,False,False,False,False
RFC_DROP_NATIVE,BENIGN_DIVERSE_MODERATE,2,r02-t033-a257c4ec,1789120166647035892,1789120168658572293,0.0,24,0,0.0,False,False,False,False
RFC_DROP_NATIVE,BENIGN_DIVERSE_MODERATE,2,r02-t034-3d1f8fc4,1789120166656596764,1789120168677559201,0.0,24,0,0.0,False,False,False,False
RFC_DROP_NATIVE,BENIGN_DIVERSE_MODERATE,2,r02-t035-5dc24f5a,1789120166666700209,1789120168675022736,0.0,24,0,0.0,False,False,False,False
RFC_DROP_NATIVE,BENIGN_DIVERSE_MODERATE,2,r02-t036-5eb3c56e,1789120166676606097,1789120168696898811,0.0,24,0,0.0,False,False,False,False
RFC_DROP_NATIVE,BENIGN_DIVERSE_MODERATE,2,r02-t037-dc124082,1789120166686598903,1789120168694866869,0.0,24,0,0.0,False,False,False,False
RFC_DROP_NATIVE,BENIGN_DIVERSE_MODERATE,2,r02-t038-501c6727,1789120166696470534,1789120168706673562,0.0,24,0,0.0,False,False,False,False
RFC_DROP_NATIVE,BENIGN_DIVERSE_MODERATE,2,r02-t039-57714c1d,1789120166706647329,1789120168727578737,0.0,24,0,0.0,False,False,False,False
RFC_DROP_NATIVE,BENIGN_DIVERSE_MODERATE,2,r02-t040-10b83d81,1789120166716686250,1789120168727407843,0.0,24,0,0.0,False,False,False,False
RFC_DROP_NATIVE,BENIGN_DIVERSE_MODERATE,2,r02-t041-2ef3b3bb,1789120166726872439,1789120168738052913,0.0,25,0,0.0,False,False,False,False
RFC_DROP_NATIVE,BENIGN_DIVERSE_MODERATE,2,r02-t042-04169ab6,1789120166736556001,1789120168747655725,0.0,25,0,0.0,False,False,False,False
RFC_DROP_NATIVE,BENIGN_DIVERSE_MODERATE,2,r02-t043-a8c54275,1789120166746718847,1789120168758230007,0.0,25,0,0.0,False,False,False,False
RFC_DROP_NATIVE,BENIGN_DIVERSE_MODERATE,2,r02-t044-bdf26661,1789120166756571312,1789120168766952825,0.0,25,0,0.0,False,False,False,False
RFC_DROP_NATIVE,BENIGN_DIVERSE_MODERATE,2,r02-t045-d11087f3,1789120166766742034,1789120168776865734,0.0,25,0,0.0,False,False,False,False
RFC_DROP_NATIVE,BENIGN_DIVERSE_MODERATE,2,r02-t046-0b9ed95d,1789120166776606360,1789120168786853700,0.0,25,0,0.0,False,False,False,False
RFC_DROP_NATIVE,BENIGN_DIVERSE_MODERATE,2,r02-t047-d1b4760b,1789120166787294414,1789120168798400970,0.0,25,0,0.0,False,False,False,False
RFC_DROP_NATIVE,BENIGN_DIVERSE_MODERATE,2,r02-t048-62cd11a8,1789120166796973233,1789120168806570208,0.0,25,0,0.0,False,False,False,False
RFC_DROP_NATIVE,BENIGN_DIVERSE_MODERATE,2,r02-t049-c88f5181,1789120166806628044,1789120168818180766,0.0,25,0,0.0,False,False,False,False
B5_LOCKED_TC,BENIGN_DIVERSE_HIGH,2,r02-t000-15d05084,1789120200670686702,1789120201874430549,0.0,400,0,0.0,False,False,False,False
B5_LOCKED_TC,BENIGN_DIVERSE_HIGH,2,r02-t001-8acbe34f,1789120201885489403,1789120202299388124,0.0,403,0,0.0,False,False,False,False
B5_LOCKED_TC,BENIGN_DIVERSE_HIGH,2,r02-t002-c8d6a124,1789120202312578677,1789120202710033489,0.0,403,0,0.0,False,False,False,False
B5_LOCKED_TC,BENIGN_DIVERSE_HIGH,2,r02-t003-8d1feb67,1789120202721155866,1789120203107148433,0.0,405,0,0.0,False,False,False,False
B5_LOCKED_TC,BENIGN_DIVERSE_HIGH,2,r02-t004-d8a52d28,1789120203118706769,1789120203499792085,0.0,405,0,0.0,False,False,False,False
B5_LOCKED_TC,BENIGN_DIVERSE_HIGH,2,r02-t005-34a8d757,1789120203511405615,1789120203894584003,0.0,405,0,0.0,False,False,False,False
B5_LOCKED_TC,BENIGN_DIVERSE_HIGH,2,r02-t006-228a6fda,1789120203905636514,1789120204303295815,0.0,405,0,0.0,False,False,False,False
B5_LOCKED_TC,BENIGN_DIVERSE_HIGH,2,r02-t007-e68dc899,1789120204314690087,1789120204708962263,0.0,405,0,0.0,False,False,False,False
B5_LOCKED_TC,BENIGN_DIVERSE_HIGH,2,r02-t008-fd1e4f4e,1789120204720545497,1789120205110305293,0.0,405,0,0.0,False,False,False,False
B5_LOCKED_TC,BENIGN_DIVERSE_HIGH,2,r02-t009-01428e5f,1789120205122563529,1789120205513664712,0.0,404,0,0.0,False,False,False,False
B5_LOCKED_TC,BENIGN_DIVERSE_HIGH,2,r02-t010-b5f0d1f4,1789120205524971508,1789120205946648935,0.0,405,0,0.0,False,False,False,False
B5_LOCKED_TC,BENIGN_DIVERSE_HIGH,2,r02-t011-63efea24,1789120205958522524,1789120206352802085,0.0,405,0,0.0,False,False,False,False
B5_LOCKED_TC,BENIGN_DIVERSE_HIGH,2,r02-t012-99f1a193,1789120206364881492,1789120206754882805,0.0,405,0,0.0,False,False,False,False
B5_LOCKED_TC,BENIGN_DIVERSE_HIGH,2,r02-t013-bfc8f606,1789120206767106911,1789120207172033367,0.0,405,0,0.0,False,False,False,False
B5_LOCKED_TC,BENIGN_DIVERSE_HIGH,2,r02-t014-dd45cc99,1789120207184331939,1789120207559547786,0.0,405,0,0.0,False,False,False,False
B5_LOCKED_TC,BENIGN_DIVERSE_HIGH,2,r02-t015-9c756c26,1789120207573179624,1789120207985756085,0.0,405,0,0.0,False,False,False,False
B5_LOCKED_TC,BENIGN_DIVERSE_HIGH,2,r02-t016-9c554208,1789120208001445572,1789120208416179671,0.0,405,0,0.0,False,False,False,False
B5_LOCKED_TC,BENIGN_DIVERSE_HIGH,2,r02-t017-dba49f7c,1789120208427840988,1789120208810406307,0.0,405,0,0.0,False,False,False,False
B5_LOCKED_TC,BENIGN_DIVERSE_HIGH,2,r02-t018-1d3fa777,1789120208822847340,1789120209255347145,0.0,405,0,0.0,False,False,False,False
B5_LOCKED_TC,BENIGN_DIVERSE_HIGH,2,r02-t019-0a2b7d2b,1789120209266191803,1789120209654701052,0.0,405,0,0.0,False,False,False,False
B5_LOCKED_TC,BENIGN_DIVERSE_HIGH,2,r02-t020-dd5b7830,1789120209666525302,1789120210073810799,0.0,405,0,0.0,False,False,False,False
B5_LOCKED_TC,BENIGN_DIVERSE_HIGH,2,r02-t021-78073690,1789120210086551508,1789120210487285911,0.0,405,0,0.0,False,False,False,False
B5_LOCKED_TC,BENIGN_DIVERSE_HIGH,2,r02-t022-2ffd4739,1789120210499362132,1789120210893475830,0.0,405,0,0.0,False,False,False,False
B5_LOCKED_TC,BENIGN_DIVERSE_HIGH,2,r02-t023-ea5a5964,1789120210907868715,1789120211315634819,0.0,405,0,0.0,False,False,False,False
B5_LOCKED_TC,BENIGN_DIVERSE_HIGH,2,r02-t024-369b3486,1789120211330068081,1789120211764262057,0.0,405,0,0.0,False,False,False,False
B5_LOCKED_TC,BENIGN_DIVERSE_HIGH,2,r02-t025-f9371f7a,1789120211776186677,1789120212168234631,0.0,405,0,0.0,False,False,False,False
B5_LOCKED_TC,BENIGN_DIVERSE_HIGH,2,r02-t026-7d77240e,1789120212180306185,1789120212566685508,0.0,405,0,0.0,False,False,False,False
B5_LOCKED_TC,BENIGN_DIVERSE_HIGH,2,r02-t027-5cd2ad69,1789120212578622316,1789120212959690677,0.0,405,0,0.0,False,False,False,False
B5_LOCKED_TC,BENIGN_DIVERSE_HIGH,2,r02-t028-033a0ac8,1789120214569040426,1789120216578488251,0.0,146,0,0.0,False,False,False,False
B5_LOCKED_TC,BENIGN_DIVERSE_HIGH,2,r02-t029-f771b944,1789120216589575098,1789120217004634481,0.0,340,0,0.0,False,False,False,False
B5_LOCKED_TC,BENIGN_DIVERSE_HIGH,2,r02-t030-13416556,1789120217018457814,1789120217405285757,0.0,401,0,0.0,False,False,False,False
B5_LOCKED_TC,BENIGN_DIVERSE_HIGH,2,r02-t031-148f8760,1789120217415886341,1789120217818054155,0.0,401,0,0.0,False,False,False,False
B5_LOCKED_TC,BENIGN_DIVERSE_HIGH,2,r02-t032-7e24a9b8,1789120217829310342,1789120218225367237,0.0,403,0,0.0,False,False,False,False
B5_LOCKED_TC,BENIGN_DIVERSE_HIGH,2,r02-t033-a91cab09,1789120218237467272,1789120218635643329,0.0,404,0,0.0,False,False,False,False
B5_LOCKED_TC,BENIGN_DIVERSE_HIGH,2,r02-t034-f4e1c528,1789120218647480471,1789120219027109277,0.0,405,0,0.0,False,False,False,False
B5_LOCKED_TC,BENIGN_DIVERSE_HIGH,2,r02-t035-d5ac025a,1789120219039900520,1789120219428536338,0.0,405,0,0.0,False,False,False,False
B5_LOCKED_TC,BENIGN_DIVERSE_HIGH,2,r02-t036-b7a25f12,1789120219439954231,1789120219827772358,0.0,405,0,0.0,False,False,False,False
B5_LOCKED_TC,BENIGN_DIVERSE_HIGH,2,r02-t037-a0b38c23,1789120219839513089,1789120220297809585,0.0,405,0,0.0,False,False,False,False
B5_LOCKED_TC,BENIGN_DIVERSE_HIGH,2,r02-t038-c20b4c8d,1789120220309675366,1789120220692861406,0.0,405,0,0.0,False,False,False,False
B5_LOCKED_TC,BENIGN_DIVERSE_HIGH,2,r02-t039-fc15526f,1789120220704491978,1789120221109612300,0.0,405,0,0.0,False,False,False,False
B5_LOCKED_TC,BENIGN_DIVERSE_HIGH,2,r02-t040-abe4af8a,1789120221120154749,1789120221542108855,0.0,405,0,0.0,False,False,False,False
B5_LOCKED_TC,BENIGN_DIVERSE_HIGH,2,r02-t041-2893b024,1789120221553290205,1789120221983503984,0.0,405,0,0.0,False,False,False,False
B5_LOCKED_TC,BENIGN_DIVERSE_HIGH,2,r02-t042-40f5b15a,1789120221995725536,1789120222392024893,0.0,405,0,0.0,False,False,False,False
B5_LOCKED_TC,BENIGN_DIVERSE_HIGH,2,r02-t043-610374fb,1789120222403969617,1789120222808027208,0.0,405,0,0.0,False,False,False,False
B5_LOCKED_TC,BENIGN_DIVERSE_HIGH,2,r02-t044-d487f8a7,1789120222819951410,1789120223209462480,0.0,405,0,0.0,False,False,False,False
B5_LOCKED_TC,BENIGN_DIVERSE_HIGH,2,r02-t045-eb1b65f6,1789120223220887149,1789120223613373447,0.0,405,0,0.0,False,False,False,False
B5_LOCKED_TC,BENIGN_DIVERSE_HIGH,2,r02-t046-f99c9d09,1789120223624369218,1789120224025254556,0.0,405,0,0.0,False,False,False,False
B5_LOCKED_TC,BENIGN_DIVERSE_HIGH,2,r02-t047-64afe2c5,1789120224037739476,1789120224445336660,0.0,405,0,0.0,False,False,False,False
B5_LOCKED_TC,BENIGN_DIVERSE_HIGH,2,r02-t048-6d5b7c33,1789120224456915795,1789120224871663454,0.0,405,0,0.0,False,False,False,False
B5_LOCKED_TC,BENIGN_DIVERSE_HIGH,2,r02-t049-1eaf936e,1789120224883129119,1789120225285670879,0.0,405,0,0.0,False,False,False,False
B0_OFF,BENIGN_DIVERSE_MODERATE,2,r02-t000-1d9251a7,1789120237399471507,1789120237736508645,0.0,24,0,0.0,False,False,False,False
B0_OFF,BENIGN_DIVERSE_MODERATE,2,r02-t001-22d94119,1789120237747171852,1789120238089456169,0.0,25,0,0.0,False,False,False,False
B0_OFF,BENIGN_DIVERSE_MODERATE,2,r02-t002-5ea0b51b,1789120238099511708,1789120238436323397,0.0,26,0,0.0,False,False,False,False
B0_OFF,BENIGN_DIVERSE_MODERATE,2,r02-t003-3eea839b,1789120238446199811,1789120238779398975,0.0,27,0,0.0,False,False,False,False
B0_OFF,BENIGN_DIVERSE_MODERATE,2,r02-t004-784faa17,1789120238790874563,1789120239120529693,0.0,28,0,0.0,False,False,False,False
B0_OFF,BENIGN_DIVERSE_MODERATE,2,r02-t005-e21b5552,1789120239131148856,1789120239448501560,0.0,29,0,0.0,False,False,False,False
B0_OFF,BENIGN_DIVERSE_MODERATE,2,r02-t006-8239553e,1789120239458560998,1789120239777244047,0.0,30,0,0.0,False,False,False,False
B0_OFF,BENIGN_DIVERSE_MODERATE,2,r02-t007-2bfd5e90,1789120239787674671,1789120240136119510,0.0,30,0,0.0,False,False,False,False
B0_OFF,BENIGN_DIVERSE_MODERATE,2,r02-t008-a1a5dd34,1789120240149464937,1789120240469917017,0.0,30,0,0.0,False,False,False,False
B0_OFF,BENIGN_DIVERSE_MODERATE,2,r02-t009-23f8b3bb,1789120240482057469,1789120240828705140,0.0,30,0,0.0,False,False,False,False
B0_OFF,BENIGN_DIVERSE_MODERATE,2,r02-t010-8cc0872e,1789120240839982633,1789120241176077802,0.0,30,0,0.0,False,False,False,False
B0_OFF,BENIGN_DIVERSE_MODERATE,2,r02-t011-ada5f705,1789120241186530717,1789120241535309627,0.0,30,0,0.0,False,False,False,False
B0_OFF,BENIGN_DIVERSE_MODERATE,2,r02-t012-7d2c0993,1789120241546519040,1789120241866006758,0.0,30,0,0.0,False,False,False,False
B0_OFF,BENIGN_DIVERSE_MODERATE,2,r02-t013-ca5f8534,1789120241875991720,1789120242197594923,0.0,30,0,0.0,False,False,False,False
B0_OFF,BENIGN_DIVERSE_MODERATE,2,r02-t014-bcd23e45,1789120242208970665,1789120242541935670,0.0,30,0,0.0,False,False,False,False
B0_OFF,BENIGN_DIVERSE_MODERATE,2,r02-t015-45037dee,1789120242554456710,1789120242888309214,0.0,30,0,0.0,False,False,False,False
B0_OFF,BENIGN_DIVERSE_MODERATE,2,r02-t016-f3a7a54e,1789120242899319454,1789120243238534476,0.0,30,0,0.0,False,False,False,False
B0_OFF,BENIGN_DIVERSE_MODERATE,2,r02-t017-3813e57d,1789120243248905182,1789120243578066688,0.0,30,0,0.0,False,False,False,False
B0_OFF,BENIGN_DIVERSE_MODERATE,2,r02-t018-bd485b46,1789120243590213538,1789120243924403473,0.0,30,0,0.0,False,False,False,False
B0_OFF,BENIGN_DIVERSE_MODERATE,2,r02-t019-394aad00,1789120243934991111,1789120244268694378,0.0,30,0,0.0,False,False,False,False
B0_OFF,BENIGN_DIVERSE_MODERATE,2,r02-t020-707312a8,1789120244919193073,1789120245275567142,0.0,25,0,0.0,False,False,False,False
B0_OFF,BENIGN_DIVERSE_MODERATE,2,r02-t021-4c030776,1789120246271190868,1789120246609153079,0.0,8,0,0.0,False,False,False,False
B0_OFF,BENIGN_DIVERSE_MODERATE,2,r02-t022-0a9ca1ac,1789120246620692763,1789120246979211820,0.0,6,0,0.0,False,False,False,False
B0_OFF,BENIGN_DIVERSE_MODERATE,2,r02-t023-586d7940,1789120246989493346,1789120247323186873,0.0,11,0,0.0,False,False,False,False
B0_OFF,BENIGN_DIVERSE_MODERATE,2,r02-t024-9608ef4b,1789120247334728657,1789120247678536427,0.0,15,0,0.0,False,False,False,False
B0_OFF,BENIGN_DIVERSE_MODERATE,2,r02-t025-6ad4dd9d,1789120247691569630,1789120248047959835,0.0,19,0,0.0,False,False,False,False
B0_OFF,BENIGN_DIVERSE_MODERATE,2,r02-t026-c3eb4a17,1789120248057949094,1789120248405846807,0.0,24,0,0.0,False,False,False,False
B0_OFF,BENIGN_DIVERSE_MODERATE,2,r02-t027-287cde51,1789120248419264704,1789120248762902899,0.0,29,0,0.0,False,False,False,False
B0_OFF,BENIGN_DIVERSE_MODERATE,2,r02-t028-83472b60,1789120248775309457,1789120249115098800,0.0,30,0,0.0,False,False,False,False
B0_OFF,BENIGN_DIVERSE_MODERATE,2,r02-t029-5aa88b60,1789120249125391687,1789120249454393548,0.0,30,0,0.0,False,False,False,False
B0_OFF,BENIGN_DIVERSE_MODERATE,2,r02-t030-4add7719,1789120249467284006,1789120249809774014,0.0,30,0,0.0,False,False,False,False
B0_OFF,BENIGN_DIVERSE_MODERATE,2,r02-t031-9db1048e,1789120249821350862,1789120250149428689,0.0,30,0,0.0,False,False,False,False
B0_OFF,BENIGN_DIVERSE_MODERATE,2,r02-t032-09665555,1789120250160364575,1789120250491028730,0.0,30,0,0.0,False,False,False,False
B0_OFF,BENIGN_DIVERSE_MODERATE,2,r02-t033-a257c4ec,1789120250501370424,1789120250822222686,0.0,30,0,0.0,False,False,False,False
B0_OFF,BENIGN_DIVERSE_MODERATE,2,r02-t034-3d1f8fc4,1789120250833655511,1789120251170530112,0.0,30,0,0.0,False,False,False,False
B0_OFF,BENIGN_DIVERSE_MODERATE,2,r02-t035-5dc24f5a,1789120251181067075,1789120251531025247,0.0,30,0,0.0,False,False,False,False
B0_OFF,BENIGN_DIVERSE_MODERATE,2,r02-t036-5eb3c56e,1789120251542109253,1789120251903065035,0.0,30,0,0.0,False,False,False,False
B0_OFF,BENIGN_DIVERSE_MODERATE,2,r02-t037-dc124082,1789120251913593140,1789120252260501860,0.0,30,0,0.0,False,False,False,False
B0_OFF,BENIGN_DIVERSE_MODERATE,2,r02-t038-501c6727,1789120252273090589,1789120252608598871,0.0,30,0,0.0,False,False,False,False
B0_OFF,BENIGN_DIVERSE_MODERATE,2,r02-t039-57714c1d,1789120252618839024,1789120252959168952,0.0,30,0,0.0,False,False,False,False
B0_OFF,BENIGN_DIVERSE_MODERATE,2,r02-t040-10b83d81,1789120252969732682,1789120253320144452,0.0,30,0,0.0,False,False,False,False
B0_OFF,BENIGN_DIVERSE_MODERATE,2,r02-t041-2ef3b3bb,1789120253331708821,1789120253661168779,0.0,30,0,0.0,False,False,False,False
B0_OFF,BENIGN_DIVERSE_MODERATE,2,r02-t042-04169ab6,1789120253671918350,1789120254023961815,0.0,30,0,0.0,False,False,False,False
B0_OFF,BENIGN_DIVERSE_MODERATE,2,r02-t043-a8c54275,1789120254033868485,1789120254393217242,0.0,30,0,0.0,False,False,False,False
B0_OFF,BENIGN_DIVERSE_MODERATE,2,r02-t044-bdf26661,1789120254402707559,1789120254721809440,0.0,30,0,0.0,False,False,False,False
B0_OFF,BENIGN_DIVERSE_MODERATE,2,r02-t045-d11087f3,1789120254731965007,1789120255070013037,0.0,30,0,0.0,False,False,False,False
B0_OFF,BENIGN_DIVERSE_MODERATE,2,r02-t046-0b9ed95d,1789120255080807758,1789120255400790640,0.0,30,0,0.0,False,False,False,False
B0_OFF,BENIGN_DIVERSE_MODERATE,2,r02-t047-d1b4760b,1789120255410782943,1789120255772649447,0.0,30,0,0.0,False,False,False,False
B0_OFF,BENIGN_DIVERSE_MODERATE,2,r02-t048-62cd11a8,1789120255783661060,1789120256111756413,0.0,30,0,0.0,False,False,False,False
B0_OFF,BENIGN_DIVERSE_MODERATE,2,r02-t049-c88f5181,1789120256122787171,1789120256465757723,0.0,30,0,0.0,False,False,False,False
RFC_DROP_NATIVE,BENIGN_DIVERSE_HIGH,2,r02-t000-15d05084,1789120268397773987,1789120270409613945,0.0,400,0,0.0,False,False,False,False
RFC_DROP_NATIVE,BENIGN_DIVERSE_HIGH,2,r02-t001-8acbe34f,1789120268405731400,1789120270416127277,0.0,400,0,0.0,False,False,False,False
RFC_DROP_NATIVE,BENIGN_DIVERSE_HIGH,2,r02-t002-c8d6a124,1789120268415201237,1789120270426463181,0.0,400,0,0.0,False,False,False,False
RFC_DROP_NATIVE,BENIGN_DIVERSE_HIGH,2,r02-t003-8d1feb67,1789120268424592247,1789120270435120998,0.0,400,0,0.0,False,False,False,False
RFC_DROP_NATIVE,BENIGN_DIVERSE_HIGH,2,r02-t004-d8a52d28,1789120268434476435,1789120270444298778,0.0,400,0,0.0,False,False,False,False
RFC_DROP_NATIVE,BENIGN_DIVERSE_HIGH,2,r02-t005-34a8d757,1789120268444339940,1789120270456071901,0.0,400,0,0.0,False,False,False,False
RFC_DROP_NATIVE,BENIGN_DIVERSE_HIGH,2,r02-t006-228a6fda,1789120268454416293,1789120270474203845,0.0,400,0,0.0,False,False,False,False
RFC_DROP_NATIVE,BENIGN_DIVERSE_HIGH,2,r02-t007-e68dc899,1789120268464647633,1789120270474416883,0.0,400,0,0.0,False,False,False,False
RFC_DROP_NATIVE,BENIGN_DIVERSE_HIGH,2,r02-t008-fd1e4f4e,1789120268474992307,1789120270484342917,0.0,400,0,0.0,False,False,False,False
RFC_DROP_NATIVE,BENIGN_DIVERSE_HIGH,2,r02-t009-01428e5f,1789120268484553651,1789120270495213561,0.0,400,0,0.0,False,False,False,False
RFC_DROP_NATIVE,BENIGN_DIVERSE_HIGH,2,r02-t010-b5f0d1f4,1789120268495026054,1789120270504080412,0.0,400,0,0.0,False,False,False,False
RFC_DROP_NATIVE,BENIGN_DIVERSE_HIGH,2,r02-t011-63efea24,1789120268504823692,1789120270515897668,0.0,400,0,0.0,False,False,False,False
RFC_DROP_NATIVE,BENIGN_DIVERSE_HIGH,2,r02-t012-99f1a193,1789120268514856389,1789120270524414317,0.0,400,0,0.0,False,False,False,False
RFC_DROP_NATIVE,BENIGN_DIVERSE_HIGH,2,r02-t013-bfc8f606,1789120268524764217,1789120270535623629,0.0,400,0,0.0,False,False,False,False
RFC_DROP_NATIVE,BENIGN_DIVERSE_HIGH,2,r02-t014-dd45cc99,1789120268535206022,1789120270545950479,0.0,400,0,0.0,False,False,False,False
RFC_DROP_NATIVE,BENIGN_DIVERSE_HIGH,2,r02-t015-9c756c26,1789120268544620384,1789120270566149317,0.0,400,0,0.0,False,False,False,False
RFC_DROP_NATIVE,BENIGN_DIVERSE_HIGH,2,r02-t016-9c554208,1789120268554316509,1789120270563955458,0.0,400,0,0.0,False,False,False,False
RFC_DROP_NATIVE,BENIGN_DIVERSE_HIGH,2,r02-t017-dba49f7c,1789120268564418311,1789120270574827341,0.0,400,0,0.0,False,False,False,False
RFC_DROP_NATIVE,BENIGN_DIVERSE_HIGH,2,r02-t018-1d3fa777,1789120268574654417,1789120270583855662,0.0,400,0,0.0,False,False,False,False
RFC_DROP_NATIVE,BENIGN_DIVERSE_HIGH,2,r02-t019-0a2b7d2b,1789120268584237016,1789120270595035710,0.0,400,0,0.0,False,False,False,False
RFC_DROP_NATIVE,BENIGN_DIVERSE_HIGH,2,r02-t020-dd5b7830,1789120268594418219,1789120270604232746,0.0,400,0,0.0,False,False,False,False
RFC_DROP_NATIVE,BENIGN_DIVERSE_HIGH,2,r02-t021-78073690,1789120268604168677,1789120270615309280,0.0,400,0,0.0,False,False,False,False
RFC_DROP_NATIVE,BENIGN_DIVERSE_HIGH,2,r02-t022-2ffd4739,1789120268614422225,1789120270624039728,0.0,400,0,0.0,False,False,False,False
RFC_DROP_NATIVE,BENIGN_DIVERSE_HIGH,2,r02-t023-ea5a5964,1789120268624294119,1789120270634908276,0.0,400,0,0.0,False,False,False,False
RFC_DROP_NATIVE,BENIGN_DIVERSE_HIGH,2,r02-t024-369b3486,1789120268634329960,1789120270646073741,0.0,400,0,0.0,False,False,False,False
RFC_DROP_NATIVE,BENIGN_DIVERSE_HIGH,2,r02-t025-f9371f7a,1789120268644931519,1789120270655775013,0.0,400,0,0.0,False,False,False,False
RFC_DROP_NATIVE,BENIGN_DIVERSE_HIGH,2,r02-t026-7d77240e,1789120268654528417,1789120270666096907,0.0,400,0,0.0,False,False,False,False
RFC_DROP_NATIVE,BENIGN_DIVERSE_HIGH,2,r02-t027-5cd2ad69,1789120268664878049,1789120270675478957,0.0,400,0,0.0,False,False,False,False
RFC_DROP_NATIVE,BENIGN_DIVERSE_HIGH,2,r02-t028-033a0ac8,1789120268674364281,1789120270707834577,0.0,400,0,0.0,False,False,False,False
RFC_DROP_NATIVE,BENIGN_DIVERSE_HIGH,2,r02-t029-f771b944,1789120268696734008,1789120270707744024,0.0,400,0,0.0,False,False,False,False
RFC_DROP_NATIVE,BENIGN_DIVERSE_HIGH,2,r02-t030-13416556,1789120268699372435,1789120270711660964,0.0,400,0,0.0,False,False,False,False
RFC_DROP_NATIVE,BENIGN_DIVERSE_HIGH,2,r02-t031-148f8760,1789120268704477429,1789120270728292873,0.0,400,0,0.0,False,False,False,False
RFC_DROP_NATIVE,BENIGN_DIVERSE_HIGH,2,r02-t032-7e24a9b8,1789120268715194515,1789120270726466945,0.0,400,0,0.0,False,False,False,False
RFC_DROP_NATIVE,BENIGN_DIVERSE_HIGH,2,r02-t033-a91cab09,1789120268724595914,1789120270736040108,0.0,400,0,0.0,False,False,False,False
RFC_DROP_NATIVE,BENIGN_DIVERSE_HIGH,2,r02-t034-f4e1c528,1789120268734798467,1789120270746604301,0.0,400,0,0.0,False,False,False,False
RFC_DROP_NATIVE,BENIGN_DIVERSE_HIGH,2,r02-t035-d5ac025a,1789120268744432350,1789120270755792472,0.0,400,0,0.0,False,False,False,False
RFC_DROP_NATIVE,BENIGN_DIVERSE_HIGH,2,r02-t036-b7a25f12,1789120268754596396,1789120270764045183,0.0,400,0,0.0,False,False,False,False
RFC_DROP_NATIVE,BENIGN_DIVERSE_HIGH,2,r02-t037-a0b38c23,1789120268764856426,1789120270785432076,0.0,400,0,0.0,False,False,False,False
RFC_DROP_NATIVE,BENIGN_DIVERSE_HIGH,2,r02-t038-c20b4c8d,1789120268774666362,1789120270786233041,0.0,400,0,0.0,False,False,False,False
RFC_DROP_NATIVE,BENIGN_DIVERSE_HIGH,2,r02-t039-fc15526f,1789120268784712402,1789120270795714221,0.0,401,0,0.0,False,False,False,False
RFC_DROP_NATIVE,BENIGN_DIVERSE_HIGH,2,r02-t040-abe4af8a,1789120268794735090,1789120270805982831,0.0,401,0,0.0,False,False,False,False
RFC_DROP_NATIVE,BENIGN_DIVERSE_HIGH,2,r02-t041-2893b024,1789120268804217224,1789120270816087303,0.0,401,0,0.0,False,False,False,False
RFC_DROP_NATIVE,BENIGN_DIVERSE_HIGH,2,r02-t042-40f5b15a,1789120268814527107,1789120270824421988,0.0,401,0,0.0,False,False,False,False
RFC_DROP_NATIVE,BENIGN_DIVERSE_HIGH,2,r02-t043-610374fb,1789120268824668085,1789120270846182149,0.0,401,0,0.0,False,False,False,False
RFC_DROP_NATIVE,BENIGN_DIVERSE_HIGH,2,r02-t044-d487f8a7,1789120268834714697,1789120270844130696,0.0,401,0,0.0,False,False,False,False
RFC_DROP_NATIVE,BENIGN_DIVERSE_HIGH,2,r02-t045-eb1b65f6,1789120268844642829,1789120270855854063,0.0,401,0,0.0,False,False,False,False
RFC_DROP_NATIVE,BENIGN_DIVERSE_HIGH,2,r02-t046-f99c9d09,1789120268854403294,1789120270865933084,0.0,401,0,0.0,False,False,False,False
RFC_DROP_NATIVE,BENIGN_DIVERSE_HIGH,2,r02-t047-64afe2c5,1789120268865159651,1789120270875994757,0.0,401,0,0.0,False,False,False,False
RFC_DROP_NATIVE,BENIGN_DIVERSE_HIGH,2,r02-t048-6d5b7c33,1789120268874460965,1789120270884122600,0.0,401,0,0.0,False,False,False,False
RFC_DROP_NATIVE,BENIGN_DIVERSE_HIGH,2,r02-t049-1eaf936e,1789120268884807831,1789120270895568875,0.0,401,0,0.0,False,False,False,False
B5_LOCKED_TC,ATTACK_DIVERSE_HIGH,2,r02-t000-15d05084,1789120304691157952,1789120305002488480,0.0,400,0,0.0,False,False,False,False
B5_LOCKED_TC,ATTACK_DIVERSE_HIGH,2,r02-t001-8acbe34f,1789120305014707763,1789120305210079516,0.0,401,0,0.0,False,False,False,False
B5_LOCKED_TC,ATTACK_DIVERSE_HIGH,2,r02-t002-c8d6a124,1789120305222059484,1789120305570681879,0.0,402,0,0.0,False,False,False,False
B5_LOCKED_TC,ATTACK_DIVERSE_HIGH,2,r02-t003-8d1feb67,1789120305582381950,1789120305916647107,0.0,403,0,0.0,False,False,False,False
B5_LOCKED_TC,ATTACK_DIVERSE_HIGH,2,r02-t004-d8a52d28,1789120305927779116,1789120306273737026,0.0,404,0,0.0,False,False,False,False
B5_LOCKED_TC,ATTACK_DIVERSE_HIGH,2,r02-t005-34a8d757,1789120306286141259,1789120306631049247,0.0,405,0,0.0,False,False,False,False
B5_LOCKED_TC,ATTACK_DIVERSE_HIGH,2,r02-t006-228a6fda,1789120306642157400,1789120306976048284,0.0,406,0,0.0,False,False,False,False
B5_LOCKED_TC,ATTACK_DIVERSE_HIGH,2,r02-t007-e68dc899,1789120306987014922,1789120307341535451,0.0,406,0,0.0,False,False,False,False
B5_LOCKED_TC,ATTACK_DIVERSE_HIGH,2,r02-t008-fd1e4f4e,1789120307353676431,1789120307664418439,0.0,406,0,0.0,False,False,False,False
B5_LOCKED_TC,ATTACK_DIVERSE_HIGH,2,r02-t009-01428e5f,1789120308250961987,1789120308586128224,0.0,326,0,0.0,False,False,False,False
B5_LOCKED_TC,ATTACK_DIVERSE_HIGH,2,r02-t010-b5f0d1f4,1789120309576251590,1789120309918953112,0.0,111,0,0.0,False,False,False,False
B5_LOCKED_TC,ATTACK_DIVERSE_HIGH,2,r02-t011-63efea24,1789120309930778316,1789120310236004726,0.0,105,0,0.0,False,False,False,False
B5_LOCKED_TC,ATTACK_DIVERSE_HIGH,2,r02-t012-99f1a193,1789120310247340364,1789120310623967571,0.0,169,0,0.0,False,False,False,False
B5_LOCKED_TC,ATTACK_DIVERSE_HIGH,2,r02-t013-bfc8f606,1789120310634916012,1789120310972178024,0.0,207,0,0.0,False,False,False,False
B5_LOCKED_TC,ATTACK_DIVERSE_HIGH,2,r02-t014-dd45cc99,1789120310984295102,1789120311354593751,0.0,266,0,0.0,False,False,False,False
B5_LOCKED_TC,ATTACK_DIVERSE_HIGH,2,r02-t015-9c756c26,1789120311366416670,1789120311700987924,0.0,343,0,0.0,False,False,False,False
B5_LOCKED_TC,ATTACK_DIVERSE_HIGH,2,r02-t016-9c554208,1789120311712944828,1789120312032081932,0.0,406,0,0.0,False,False,False,False
B5_LOCKED_TC,ATTACK_DIVERSE_HIGH,2,r02-t017-dba49f7c,1789120312044594302,1789120312374714796,0.0,406,0,0.0,False,False,False,False
B5_LOCKED_TC,ATTACK_DIVERSE_HIGH,2,r02-t018-1d3fa777,1789120312386785974,1789120312709224914,0.0,406,0,0.0,False,False,False,False
B5_LOCKED_TC,ATTACK_DIVERSE_HIGH,2,r02-t019-0a2b7d2b,1789120312722614140,1789120313043198517,0.0,405,0,0.0,False,False,False,False
B5_LOCKED_TC,ATTACK_DIVERSE_HIGH,2,r02-t020-dd5b7830,1789120313053710338,1789120313416106123,0.0,406,0,0.0,False,False,False,False
B5_LOCKED_TC,ATTACK_DIVERSE_HIGH,2,r02-t021-78073690,1789120313427407003,1789120313751706028,0.0,406,0,0.0,False,False,False,False
B5_LOCKED_TC,ATTACK_DIVERSE_HIGH,2,r02-t022-2ffd4739,1789120313763249264,1789120314103652747,0.0,406,0,0.0,False,False,False,False
B5_LOCKED_TC,ATTACK_DIVERSE_HIGH,2,r02-t023-ea5a5964,1789120314114366928,1789120314495862754,0.0,406,0,0.0,False,False,False,False
B5_LOCKED_TC,ATTACK_DIVERSE_HIGH,2,r02-t024-369b3486,1789120314507335806,1789120314831425140,0.0,406,0,0.0,False,False,False,False
B5_LOCKED_TC,ATTACK_DIVERSE_HIGH,2,r02-t025-f9371f7a,1789120314842802773,1789120315219818414,0.0,406,0,0.0,False,False,False,False
B5_LOCKED_TC,ATTACK_DIVERSE_HIGH,2,r02-t026-7d77240e,1789120315231806934,1789120315543634444,0.0,406,0,0.0,False,False,False,False
B5_LOCKED_TC,ATTACK_DIVERSE_HIGH,2,r02-t027-5cd2ad69,1789120315554927229,1789120315905763971,0.0,406,0,0.0,False,False,False,False
B5_LOCKED_TC,ATTACK_DIVERSE_HIGH,2,r02-t028-033a0ac8,1789120315917050186,1789120316250564601,0.0,406,0,0.0,False,False,False,False
B5_LOCKED_TC,ATTACK_DIVERSE_HIGH,2,r02-t029-f771b944,1789120316262246583,1789120316617968419,0.0,406,0,0.0,False,False,False,False
B5_LOCKED_TC,ATTACK_DIVERSE_HIGH,2,r02-t030-13416556,1789120316628920667,1789120316944236691,0.0,406,0,0.0,False,False,False,False
B5_LOCKED_TC,ATTACK_DIVERSE_HIGH,2,r02-t031-148f8760,1789120316955181714,1789120317307618177,0.0,406,0,0.0,False,False,False,False
B5_LOCKED_TC,ATTACK_DIVERSE_HIGH,2,r02-t032-7e24a9b8,1789120317319095058,1789120317649562201,0.0,406,0,0.0,False,False,False,False
B5_LOCKED_TC,ATTACK_DIVERSE_HIGH,2,r02-t033-a91cab09,1789120317661343272,1789120317989017243,0.0,406,0,0.0,False,False,False,False
B5_LOCKED_TC,ATTACK_DIVERSE_HIGH,2,r02-t034-f4e1c528,1789120318000534802,1789120318335203226,0.0,406,0,0.0,False,False,False,False
B5_LOCKED_TC,ATTACK_DIVERSE_HIGH,2,r02-t035-d5ac025a,1789120318346342160,1789120318702903856,0.0,406,0,0.0,False,False,False,False
B5_LOCKED_TC,ATTACK_DIVERSE_HIGH,2,r02-t036-b7a25f12,1789120318714548571,1789120319063716992,0.0,406,0,0.0,False,False,False,False
B5_LOCKED_TC,ATTACK_DIVERSE_HIGH,2,r02-t037-a0b38c23,1789120319074522249,1789120319432115513,0.0,406,0,0.0,False,False,False,False
B5_LOCKED_TC,ATTACK_DIVERSE_HIGH,2,r02-t038-c20b4c8d,1789120319443596756,1789120319768666344,0.0,406,0,0.0,False,False,False,False
B5_LOCKED_TC,ATTACK_DIVERSE_HIGH,2,r02-t039-fc15526f,1789120319780473680,1789120320147671943,0.0,406,0,0.0,False,False,False,False
B5_LOCKED_TC,ATTACK_DIVERSE_HIGH,2,r02-t040-abe4af8a,1789120320158687799,1789120320439862842,0.0,406,0,0.0,False,False,False,False
B5_LOCKED_TC,ATTACK_DIVERSE_HIGH,2,r02-t041-2893b024,1789120320451148183,1789120320817770592,0.0,406,0,0.0,False,False,False,False
B5_LOCKED_TC,ATTACK_DIVERSE_HIGH,2,r02-t042-40f5b15a,1789120320828549487,1789120321221785220,0.0,406,0,0.0,False,False,False,False
B5_LOCKED_TC,ATTACK_DIVERSE_HIGH,2,r02-t043-610374fb,1789120321233862418,1789120321538225053,0.0,406,0,0.0,False,False,False,False
B5_LOCKED_TC,ATTACK_DIVERSE_HIGH,2,r02-t044-d487f8a7,1789120321549946102,1789120321885120876,0.0,406,0,0.0,False,False,False,False
B5_LOCKED_TC,ATTACK_DIVERSE_HIGH,2,r02-t045-eb1b65f6,1789120321896255543,1789120322216865272,0.0,406,0,0.0,False,False,False,False
B5_LOCKED_TC,ATTACK_DIVERSE_HIGH,2,r02-t046-f99c9d09,1789120322228581483,1789120322570003701,0.0,406,0,0.0,False,False,False,False
B5_LOCKED_TC,ATTACK_DIVERSE_HIGH,2,r02-t047-64afe2c5,1789120322581676579,1789120322923438261,0.0,406,0,0.0,False,False,False,False
B5_LOCKED_TC,ATTACK_DIVERSE_HIGH,2,r02-t048-6d5b7c33,1789120322935206056,1789120323267133080,0.0,406,0,0.0,False,False,False,False
B5_LOCKED_TC,ATTACK_DIVERSE_HIGH,2,r02-t049-1eaf936e,1789120323277859443,1789120323594431650,0.0,406,0,0.0,False,False,False,False
B1_RL2_TC,ATTACK_DIVERSE_MODERATE,2,r02-t000-1d9251a7,1789120335476383732,1789120335708864528,0.0,24,0,0.0,False,False,False,False
B1_RL2_TC,ATTACK_DIVERSE_MODERATE,2,r02-t001-22d94119,1789120335718719617,1789120335934864080,0.0,25,0,0.0,False,False,False,False
B1_RL2_TC,ATTACK_DIVERSE_MODERATE,2,r02-t002-5ea0b51b,1789120335945314224,1789120336286841080,0.0,26,0,0.0,False,False,False,False
B1_RL2_TC,ATTACK_DIVERSE_MODERATE,2,r02-t003-3eea839b,1789120336296935009,1789120336664382843,0.0,27,0,0.0,False,False,False,False
B1_RL2_TC,ATTACK_DIVERSE_MODERATE,2,r02-t004-784faa17,1789120336674584341,1789120336979839839,0.0,28,0,0.0,False,False,False,False
B1_RL2_TC,ATTACK_DIVERSE_MODERATE,2,r02-t005-e21b5552,1789120336990448098,1789120337317509934,0.0,29,0,0.0,False,False,False,False
B1_RL2_TC,ATTACK_DIVERSE_MODERATE,2,r02-t006-8239553e,1789120337327743226,1789120337672243163,0.0,30,0,0.0,False,False,False,False
B1_RL2_TC,ATTACK_DIVERSE_MODERATE,2,r02-t007-2bfd5e90,1789120337684204026,1789120338023737531,0.0,30,0,0.0,False,False,False,False
B1_RL2_TC,ATTACK_DIVERSE_MODERATE,2,r02-t008-a1a5dd34,1789120338033988245,1789120338340843088,0.0,30,0,0.0,False,False,False,False
B1_RL2_TC,ATTACK_DIVERSE_MODERATE,2,r02-t009-23f8b3bb,1789120338350784135,1789120338649364100,0.0,30,0,0.0,False,False,False,False
B1_RL2_TC,ATTACK_DIVERSE_MODERATE,2,r02-t010-8cc0872e,1789120338659517525,1789120338992857271,0.0,30,0,0.0,False,False,False,False
B1_RL2_TC,ATTACK_DIVERSE_MODERATE,2,r02-t011-ada5f705,1789120339003478859,1789120339351862878,0.0,30,0,0.0,False,False,False,False
B1_RL2_TC,ATTACK_DIVERSE_MODERATE,2,r02-t012-7d2c0993,1789120339974105148,1789120340261960050,0.0,21,0,0.0,False,False,False,False
B1_RL2_TC,ATTACK_DIVERSE_MODERATE,2,r02-t013-ca5f8534,1789120341256935195,1789120341620690856,0.0,7,0,0.0,False,False,False,False
B1_RL2_TC,ATTACK_DIVERSE_MODERATE,2,r02-t014-bcd23e45,1789120341630483879,1789120341920330133,0.0,9,0,0.0,False,False,False,False
B1_RL2_TC,ATTACK_DIVERSE_MODERATE,2,r02-t015-45037dee,1789120341930369706,1789120342258824888,0.0,14,0,0.0,False,False,False,False
B1_RL2_TC,ATTACK_DIVERSE_MODERATE,2,r02-t016-f3a7a54e,1789120342269807259,1789120342598918852,0.0,15,0,0.0,False,False,False,False
B1_RL2_TC,ATTACK_DIVERSE_MODERATE,2,r02-t017-3813e57d,1789120342608800764,1789120342903743238,0.0,20,0,0.0,False,False,False,False
B1_RL2_TC,ATTACK_DIVERSE_MODERATE,2,r02-t018-bd485b46,1789120342914096729,1789120343270169655,0.0,25,0,0.0,False,False,False,False
B1_RL2_TC,ATTACK_DIVERSE_MODERATE,2,r02-t019-394aad00,1789120343280794012,1789120343599179803,0.0,30,0,0.0,False,False,False,False
B1_RL2_TC,ATTACK_DIVERSE_MODERATE,2,r02-t020-707312a8,1789120343608604164,1789120343918443950,0.0,30,0,0.0,False,False,False,False
B1_RL2_TC,ATTACK_DIVERSE_MODERATE,2,r02-t021-4c030776,1789120343927869170,1789120344284903964,0.0,30,0,0.0,False,False,False,False
B1_RL2_TC,ATTACK_DIVERSE_MODERATE,2,r02-t022-0a9ca1ac,1789120344295191409,1789120344587954267,0.0,30,0,0.0,False,False,False,False
B1_RL2_TC,ATTACK_DIVERSE_MODERATE,2,r02-t023-586d7940,1789120344598479459,1789120344919362691,0.0,30,0,0.0,False,False,False,False
B1_RL2_TC,ATTACK_DIVERSE_MODERATE,2,r02-t024-9608ef4b,1789120344928662690,1789120345281873585,0.0,30,0,0.0,False,False,False,False
B1_RL2_TC,ATTACK_DIVERSE_MODERATE,2,r02-t025-6ad4dd9d,1789120345291664158,1789120345623883652,0.0,30,0,0.0,False,False,False,False
B1_RL2_TC,ATTACK_DIVERSE_MODERATE,2,r02-t026-c3eb4a17,1789120345635073886,1789120345955976111,0.0,30,0,0.0,False,False,False,False
B1_RL2_TC,ATTACK_DIVERSE_MODERATE,2,r02-t027-287cde51,1789120345966147308,1789120346328577840,0.0,30,0,0.0,False,False,False,False
B1_RL2_TC,ATTACK_DIVERSE_MODERATE,2,r02-t028-83472b60,1789120346339106278,1789120346619449221,0.0,30,0,0.0,False,False,False,False
B1_RL2_TC,ATTACK_DIVERSE_MODERATE,2,r02-t029-5aa88b60,1789120346629987203,1789120346952855635,0.0,30,0,0.0,False,False,False,False
B1_RL2_TC,ATTACK_DIVERSE_MODERATE,2,r02-t030-4add7719,1789120346962367707,1789120347345192458,0.0,30,0,0.0,False,False,False,False
B1_RL2_TC,ATTACK_DIVERSE_MODERATE,2,r02-t031-9db1048e,1789120347354528343,1789120347651118631,0.0,30,0,0.0,False,False,False,False
B1_RL2_TC,ATTACK_DIVERSE_MODERATE,2,r02-t032-09665555,1789120347662637188,1789120348031502157,0.0,30,0,0.0,False,False,False,False
B1_RL2_TC,ATTACK_DIVERSE_MODERATE,2,r02-t033-a257c4ec,1789120348041343123,1789120348327461284,0.0,30,0,0.0,False,False,False,False
B1_RL2_TC,ATTACK_DIVERSE_MODERATE,2,r02-t034-3d1f8fc4,1789120348337339951,1789120348639354514,0.0,30,0,0.0,False,False,False,False
B1_RL2_TC,ATTACK_DIVERSE_MODERATE,2,r02-t035-5dc24f5a,1789120348649387891,1789120348987773247,0.0,30,0,0.0,False,False,False,False
B1_RL2_TC,ATTACK_DIVERSE_MODERATE,2,r02-t036-5eb3c56e,1789120348997840221,1789120349325681296,0.0,30,0,0.0,False,False,False,False
B1_RL2_TC,ATTACK_DIVERSE_MODERATE,2,r02-t037-dc124082,1789120349335682224,1789120349655218191,0.0,30,0,0.0,False,False,False,False
B1_RL2_TC,ATTACK_DIVERSE_MODERATE,2,r02-t038-501c6727,1789120349666962088,1789120349983150414,0.0,30,0,0.0,False,False,False,False
B1_RL2_TC,ATTACK_DIVERSE_MODERATE,2,r02-t039-57714c1d,1789120349993684196,1789120350326270187,0.0,30,0,0.0,False,False,False,False
B1_RL2_TC,ATTACK_DIVERSE_MODERATE,2,r02-t040-10b83d81,1789120350336325418,1789120350676523313,0.0,30,0,0.0,False,False,False,False
B1_RL2_TC,ATTACK_DIVERSE_MODERATE,2,r02-t041-2ef3b3bb,1789120350687158806,1789120351023840712,0.0,30,0,0.0,False,False,False,False
B1_RL2_TC,ATTACK_DIVERSE_MODERATE,2,r02-t042-04169ab6,1789120351033116810,1789120351378228728,0.0,30,0,0.0,False,False,False,False
B1_RL2_TC,ATTACK_DIVERSE_MODERATE,2,r02-t043-a8c54275,1789120351387455986,1789120351709724823,0.0,30,0,0.0,False,False,False,False
B1_RL2_TC,ATTACK_DIVERSE_MODERATE,2,r02-t044-bdf26661,1789120351719770420,1789120352034146649,0.0,30,0,0.0,False,False,False,False
B1_RL2_TC,ATTACK_DIVERSE_MODERATE,2,r02-t045-d11087f3,1789120352044502802,1789120352381043819,0.0,30,0,0.0,False,False,False,False
B1_RL2_TC,ATTACK_DIVERSE_MODERATE,2,r02-t046-0b9ed95d,1789120352391564391,1789120352743053256,0.0,30,0,0.0,False,False,False,False
B1_RL2_TC,ATTACK_DIVERSE_MODERATE,2,r02-t047-d1b4760b,1789120352753547299,1789120353033649860,0.0,30,0,0.0,False,False,False,False
B1_RL2_TC,ATTACK_DIVERSE_MODERATE,2,r02-t048-62cd11a8,1789120353043409649,1789120353383162058,0.0,30,0,0.0,False,False,False,False
B1_RL2_TC,ATTACK_DIVERSE_MODERATE,2,r02-t049-c88f5181,1789120353392958873,1789120353736353873,0.0,30,0,0.0,False,False,False,False
B0_OFF,BENIGN_DIVERSE_HIGH,2,r02-t000-15d05084,1789120365169554309,1789120365919975571,0.0,400,0,0.0,False,False,False,False
B0_OFF,BENIGN_DIVERSE_HIGH,2,r02-t001-8acbe34f,1789120365930886991,1789120366285083136,0.0,402,0,0.0,False,False,False,False
B0_OFF,BENIGN_DIVERSE_HIGH,2,r02-t002-c8d6a124,1789120366296597912,1789120366644449153,0.0,403,0,0.0,False,False,False,False
B0_OFF,BENIGN_DIVERSE_HIGH,2,r02-t003-8d1feb67,1789120366655300441,1789120366993122483,0.0,404,0,0.0,False,False,False,False
B0_OFF,BENIGN_DIVERSE_HIGH,2,r02-t004-d8a52d28,1789120367005390087,1789120367330149415,0.0,405,0,0.0,False,False,False,False
B0_OFF,BENIGN_DIVERSE_HIGH,2,r02-t005-34a8d757,1789120367341890652,1789120367672546637,0.0,406,0,0.0,False,False,False,False
B0_OFF,BENIGN_DIVERSE_HIGH,2,r02-t006-228a6fda,1789120367684253949,1789120368032033720,0.0,406,0,0.0,False,False,False,False
B0_OFF,BENIGN_DIVERSE_HIGH,2,r02-t007-e68dc899,1789120368043839196,1789120368409889945,0.0,406,0,0.0,False,False,False,False
B0_OFF,BENIGN_DIVERSE_HIGH,2,r02-t008-fd1e4f4e,1789120368420518961,1789120368760091440,0.0,406,0,0.0,False,False,False,False
B0_OFF,BENIGN_DIVERSE_HIGH,2,r02-t009-01428e5f,1789120368772462531,1789120369112339484,0.0,406,0,0.0,False,False,False,False
B0_OFF,BENIGN_DIVERSE_HIGH,2,r02-t010-b5f0d1f4,1789120369124283988,1789120369469627211,0.0,406,0,0.0,False,False,False,False
B0_OFF,BENIGN_DIVERSE_HIGH,2,r02-t011-63efea24,1789120369481013704,1789120369814696749,0.0,406,0,0.0,False,False,False,False
B0_OFF,BENIGN_DIVERSE_HIGH,2,r02-t012-99f1a193,1789120369826952854,1789120370180016628,0.0,406,0,0.0,False,False,False,False
B0_OFF,BENIGN_DIVERSE_HIGH,2,r02-t013-bfc8f606,1789120370191646586,1789120370519828771,0.0,406,0,0.0,False,False,False,False
B0_OFF,BENIGN_DIVERSE_HIGH,2,r02-t014-dd45cc99,1789120370530761405,1789120370890513144,0.0,406,0,0.0,False,False,False,False
B0_OFF,BENIGN_DIVERSE_HIGH,2,r02-t015-9c756c26,1789120371591110380,1789120371912137625,0.0,289,0,0.0,False,False,False,False
B0_OFF,BENIGN_DIVERSE_HIGH,2,r02-t016-9c554208,1789120372904801961,1789120373242570121,0.0,73,0,0.0,False,False,False,False
B0_OFF,BENIGN_DIVERSE_HIGH,2,r02-t017-dba49f7c,1789120373254482601,1789120373591695505,0.0,116,0,0.0,False,False,False,False
B0_OFF,BENIGN_DIVERSE_HIGH,2,r02-t018-1d3fa777,1789120373604214463,1789120373943207549,0.0,187,0,0.0,False,False,False,False
B0_OFF,BENIGN_DIVERSE_HIGH,2,r02-t019-0a2b7d2b,1789120373955126014,1789120374283816796,0.0,207,0,0.0,False,False,False,False
B0_OFF,BENIGN_DIVERSE_HIGH,2,r02-t020-dd5b7830,1789120374295087448,1789120374670464743,0.0,276,0,0.0,False,False,False,False
B0_OFF,BENIGN_DIVERSE_HIGH,2,r02-t021-78073690,1789120374682186594,1789120375023111053,0.0,355,0,0.0,False,False,False,False
B0_OFF,BENIGN_DIVERSE_HIGH,2,r02-t022-2ffd4739,1789120375034857802,1789120375370766811,0.0,406,0,0.0,False,False,False,False
B0_OFF,BENIGN_DIVERSE_HIGH,2,r02-t023-ea5a5964,1789120375382438487,1789120375740051689,0.0,406,0,0.0,False,False,False,False
B0_OFF,BENIGN_DIVERSE_HIGH,2,r02-t024-369b3486,1789120375752265506,1789120376080087625,0.0,406,0,0.0,False,False,False,False
B0_OFF,BENIGN_DIVERSE_HIGH,2,r02-t025-f9371f7a,1789120376090899572,1789120376423167431,0.0,406,0,0.0,False,False,False,False
B0_OFF,BENIGN_DIVERSE_HIGH,2,r02-t026-7d77240e,1789120376434559805,1789120376773406213,0.0,406,0,0.0,False,False,False,False
B0_OFF,BENIGN_DIVERSE_HIGH,2,r02-t027-5cd2ad69,1789120376784327712,1789120377106599652,0.0,406,0,0.0,False,False,False,False
B0_OFF,BENIGN_DIVERSE_HIGH,2,r02-t028-033a0ac8,1789120377118467656,1789120377451056051,0.0,406,0,0.0,False,False,False,False
B0_OFF,BENIGN_DIVERSE_HIGH,2,r02-t029-f771b944,1789120377462286489,1789120377821379371,0.0,406,0,0.0,False,False,False,False
B0_OFF,BENIGN_DIVERSE_HIGH,2,r02-t030-13416556,1789120377834272420,1789120378175494692,0.0,406,0,0.0,False,False,False,False
B0_OFF,BENIGN_DIVERSE_HIGH,2,r02-t031-148f8760,1789120378186832010,1789120378519982944,0.0,406,0,0.0,False,False,False,False
B0_OFF,BENIGN_DIVERSE_HIGH,2,r02-t032-7e24a9b8,1789120378531297346,1789120378867360724,0.0,406,0,0.0,False,False,False,False
B0_OFF,BENIGN_DIVERSE_HIGH,2,r02-t033-a91cab09,1789120378880189590,1789120379239804790,0.0,406,0,0.0,False,False,False,False
B0_OFF,BENIGN_DIVERSE_HIGH,2,r02-t034-f4e1c528,1789120379251312789,1789120379574924611,0.0,406,0,0.0,False,False,False,False
B0_OFF,BENIGN_DIVERSE_HIGH,2,r02-t035-d5ac025a,1789120379586373373,1789120379927724678,0.0,406,0,0.0,False,False,False,False
B0_OFF,BENIGN_DIVERSE_HIGH,2,r02-t036-b7a25f12,1789120379939659622,1789120380300011562,0.0,406,0,0.0,False,False,False,False
B0_OFF,BENIGN_DIVERSE_HIGH,2,r02-t037-a0b38c23,1789120380311135504,1789120380630007389,0.0,406,0,0.0,False,False,False,False
B0_OFF,BENIGN_DIVERSE_HIGH,2,r02-t038-c20b4c8d,1789120380641256941,1789120381001865237,0.0,406,0,0.0,False,False,False,False
B0_OFF,BENIGN_DIVERSE_HIGH,2,r02-t039-fc15526f,1789120381014354162,1789120381346502206,0.0,406,0,0.0,False,False,False,False
B0_OFF,BENIGN_DIVERSE_HIGH,2,r02-t040-abe4af8a,1789120381359026029,1789120381690758539,0.0,406,0,0.0,False,False,False,False
B0_OFF,BENIGN_DIVERSE_HIGH,2,r02-t041-2893b024,1789120381702245715,1789120382064089487,0.0,406,0,0.0,False,False,False,False
B0_OFF,BENIGN_DIVERSE_HIGH,2,r02-t042-40f5b15a,1789120382075874669,1789120382410964633,0.0,406,0,0.0,False,False,False,False
B0_OFF,BENIGN_DIVERSE_HIGH,2,r02-t043-610374fb,1789120382422390763,1789120382755235990,0.0,406,0,0.0,False,False,False,False
B0_OFF,BENIGN_DIVERSE_HIGH,2,r02-t044-d487f8a7,1789120382766856385,1789120383097103433,0.0,406,0,0.0,False,False,False,False
B0_OFF,BENIGN_DIVERSE_HIGH,2,r02-t045-eb1b65f6,1789120383111444290,1789120383442678349,0.0,406,0,0.0,False,False,False,False
B0_OFF,BENIGN_DIVERSE_HIGH,2,r02-t046-f99c9d09,1789120383454382990,1789120383782440642,0.0,406,0,0.0,False,False,False,False
B0_OFF,BENIGN_DIVERSE_HIGH,2,r02-t047-64afe2c5,1789120383794508805,1789120384135306795,0.0,406,0,0.0,False,False,False,False
B0_OFF,BENIGN_DIVERSE_HIGH,2,r02-t048-6d5b7c33,1789120384147882536,1789120384490404042,0.0,406,0,0.0,False,False,False,False
B0_OFF,BENIGN_DIVERSE_HIGH,2,r02-t049-1eaf936e,1789120384501858194,1789120384827143125,0.0,406,0,0.0,False,False,False,False
RFC_DROP_NATIVE,ATTACK_DIVERSE_HIGH,2,r02-t000-15d05084,1789120397898389290,1789120399909957941,0.0,399,0,0.0,False,False,False,False
RFC_DROP_NATIVE,ATTACK_DIVERSE_HIGH,2,r02-t001-8acbe34f,1789120397905377586,1789120399916898551,0.0,400,0,0.0,False,False,False,False
RFC_DROP_NATIVE,ATTACK_DIVERSE_HIGH,2,r02-t002-c8d6a124,1789120397915223008,1789120399925636882,0.0,400,0,0.0,False,False,False,False
RFC_DROP_NATIVE,ATTACK_DIVERSE_HIGH,2,r02-t003-8d1feb67,1789120397924624665,1789120399932963617,0.0,400,0,0.0,False,False,False,False
RFC_DROP_NATIVE,ATTACK_DIVERSE_HIGH,2,r02-t004-d8a52d28,1789120397935194753,1789120399945321567,0.0,400,0,0.0,False,False,False,False
RFC_DROP_NATIVE,ATTACK_DIVERSE_HIGH,2,r02-t005-34a8d757,1789120397944924802,1789120399955674083,0.0,400,0,0.0,False,False,False,False
RFC_DROP_NATIVE,ATTACK_DIVERSE_HIGH,2,r02-t006-228a6fda,1789120397955028371,1789120399965147506,0.0,400,0,0.0,False,False,False,False
RFC_DROP_NATIVE,ATTACK_DIVERSE_HIGH,2,r02-t007-e68dc899,1789120397965444404,1789120399988295954,0.0,400,0,0.0,False,False,False,False
RFC_DROP_NATIVE,ATTACK_DIVERSE_HIGH,2,r02-t008-fd1e4f4e,1789120397974794205,1789120399985299941,0.0,400,0,0.0,False,False,False,False
RFC_DROP_NATIVE,ATTACK_DIVERSE_HIGH,2,r02-t009-01428e5f,1789120397985379365,1789120399997171368,0.0,400,0,0.0,False,False,False,False
RFC_DROP_NATIVE,ATTACK_DIVERSE_HIGH,2,r02-t010-b5f0d1f4,1789120397994946451,1789120400004962726,0.0,400,0,0.0,False,False,False,False
RFC_DROP_NATIVE,ATTACK_DIVERSE_HIGH,2,r02-t011-63efea24,1789120398004864208,1789120400015399617,0.0,400,0,0.0,False,False,False,False
RFC_DROP_NATIVE,ATTACK_DIVERSE_HIGH,2,r02-t012-99f1a193,1789120398014774760,1789120400024931626,0.0,400,0,0.0,False,False,False,False
RFC_DROP_NATIVE,ATTACK_DIVERSE_HIGH,2,r02-t013-bfc8f606,1789120398025032570,1789120400035686101,0.0,400,0,0.0,False,False,False,False
RFC_DROP_NATIVE,ATTACK_DIVERSE_HIGH,2,r02-t014-dd45cc99,1789120398034627907,1789120400045415014,0.0,400,0,0.0,False,False,False,False
RFC_DROP_NATIVE,ATTACK_DIVERSE_HIGH,2,r02-t015-9c756c26,1789120398044880408,1789120400056670989,0.0,400,0,0.0,False,False,False,False
RFC_DROP_NATIVE,ATTACK_DIVERSE_HIGH,2,r02-t016-9c554208,1789120398054702889,1789120400065451506,0.0,400,0,0.0,False,False,False,False
RFC_DROP_NATIVE,ATTACK_DIVERSE_HIGH,2,r02-t017-dba49f7c,1789120398065431673,1789120400076769861,0.0,401,0,0.0,False,False,False,False
RFC_DROP_NATIVE,ATTACK_DIVERSE_HIGH,2,r02-t018-1d3fa777,1789120398074598698,1789120400084936730,0.0,401,0,0.0,False,False,False,False
RFC_DROP_NATIVE,ATTACK_DIVERSE_HIGH,2,r02-t019-0a2b7d2b,1789120398084564423,1789120400095512029,0.0,401,0,0.0,False,False,False,False
RFC_DROP_NATIVE,ATTACK_DIVERSE_HIGH,2,r02-t020-dd5b7830,1789120398094474217,1789120400115678495,0.0,401,0,0.0,False,False,False,False
RFC_DROP_NATIVE,ATTACK_DIVERSE_HIGH,2,r02-t021-78073690,1789120398104469807,1789120400113030120,0.0,401,0,0.0,False,False,False,False
RFC_DROP_NATIVE,ATTACK_DIVERSE_HIGH,2,r02-t022-2ffd4739,1789120398114292856,1789120400135387164,0.0,401,0,0.0,False,False,False,False
RFC_DROP_NATIVE,ATTACK_DIVERSE_HIGH,2,r02-t023-ea5a5964,1789120398124657034,1789120400134906047,0.0,401,0,0.0,False,False,False,False
RFC_DROP_NATIVE,ATTACK_DIVERSE_HIGH,2,r02-t024-369b3486,1789120398134577824,1789120400145532255,0.0,401,0,0.0,False,False,False,False
RFC_DROP_NATIVE,ATTACK_DIVERSE_HIGH,2,r02-t025-f9371f7a,1789120398144880664,1789120400156726799,0.0,401,0,0.0,False,False,False,False
RFC_DROP_NATIVE,ATTACK_DIVERSE_HIGH,2,r02-t026-7d77240e,1789120398154941477,1789120400165084502,0.0,401,0,0.0,False,False,False,False
RFC_DROP_NATIVE,ATTACK_DIVERSE_HIGH,2,r02-t027-5cd2ad69,1789120398164875445,1789120400176553496,0.0,401,0,0.0,False,False,False,False
RFC_DROP_NATIVE,ATTACK_DIVERSE_HIGH,2,r02-t028-033a0ac8,1789120398175191369,1789120400196230976,0.0,401,0,0.0,False,False,False,False
RFC_DROP_NATIVE,ATTACK_DIVERSE_HIGH,2,r02-t029-f771b944,1789120398186160948,1789120400207029440,0.0,401,0,0.0,False,False,False,False
RFC_DROP_NATIVE,ATTACK_DIVERSE_HIGH,2,r02-t030-13416556,1789120398194915869,1789120400215151181,0.0,401,0,0.0,False,False,False,False
RFC_DROP_NATIVE,ATTACK_DIVERSE_HIGH,2,r02-t031-148f8760,1789120398205074043,1789120400215558638,0.0,401,0,0.0,False,False,False,False
RFC_DROP_NATIVE,ATTACK_DIVERSE_HIGH,2,r02-t032-7e24a9b8,1789120398214659236,1789120400225484643,0.0,401,0,0.0,False,False,False,False
RFC_DROP_NATIVE,ATTACK_DIVERSE_HIGH,2,r02-t033-a91cab09,1789120398225345646,1789120400237954189,0.0,401,0,0.0,False,False,False,False
RFC_DROP_NATIVE,ATTACK_DIVERSE_HIGH,2,r02-t034-f4e1c528,1789120398234512859,1789120400244960674,0.0,401,0,0.0,False,False,False,False
RFC_DROP_NATIVE,ATTACK_DIVERSE_HIGH,2,r02-t035-d5ac025a,1789120398244730188,1789120400256726070,0.0,401,0,0.0,False,False,False,False
RFC_DROP_NATIVE,ATTACK_DIVERSE_HIGH,2,r02-t036-b7a25f12,1789120398254839918,1789120400265207090,0.0,401,0,0.0,False,False,False,False
RFC_DROP_NATIVE,ATTACK_DIVERSE_HIGH,2,r02-t037-a0b38c23,1789120398264697810,1789120400274700967,0.0,401,0,0.0,False,False,False,False
RFC_DROP_NATIVE,ATTACK_DIVERSE_HIGH,2,r02-t038-c20b4c8d,1789120398274555413,1789120400283892888,0.0,401,0,0.0,False,False,False,False
RFC_DROP_NATIVE,ATTACK_DIVERSE_HIGH,2,r02-t039-fc15526f,1789120398284682586,1789120400296395789,0.0,401,0,0.0,False,False,False,False
RFC_DROP_NATIVE,ATTACK_DIVERSE_HIGH,2,r02-t040-abe4af8a,1789120398294735815,1789120400305276156,0.0,401,0,0.0,False,False,False,False
RFC_DROP_NATIVE,ATTACK_DIVERSE_HIGH,2,r02-t041-2893b024,1789120398305049273,1789120400316568474,0.0,401,0,0.0,False,False,False,False
RFC_DROP_NATIVE,ATTACK_DIVERSE_HIGH,2,r02-t042-40f5b15a,1789120398314755244,1789120400325281520,0.0,401,0,0.0,False,False,False,False
RFC_DROP_NATIVE,ATTACK_DIVERSE_HIGH,2,r02-t043-610374fb,1789120398324763820,1789120400336409556,0.0,401,0,0.0,False,False,False,False
RFC_DROP_NATIVE,ATTACK_DIVERSE_HIGH,2,r02-t044-d487f8a7,1789120398334783584,1789120400345477673,0.0,401,0,0.0,False,False,False,False
RFC_DROP_NATIVE,ATTACK_DIVERSE_HIGH,2,r02-t045-eb1b65f6,1789120398344598671,1789120400355855853,0.0,401,0,0.0,False,False,False,False
RFC_DROP_NATIVE,ATTACK_DIVERSE_HIGH,2,r02-t046-f99c9d09,1789120398354706695,1789120400365366263,0.0,401,0,0.0,False,False,False,False
RFC_DROP_NATIVE,ATTACK_DIVERSE_HIGH,2,r02-t047-64afe2c5,1789120398364849605,1789120400376247071,0.0,401,0,0.0,False,False,False,False
RFC_DROP_NATIVE,ATTACK_DIVERSE_HIGH,2,r02-t048-6d5b7c33,1789120398374710386,1789120400385453529,0.0,402,0,0.0,False,False,False,False
RFC_DROP_NATIVE,ATTACK_DIVERSE_HIGH,2,r02-t049-1eaf936e,1789120398384671752,1789120400395320055,0.0,402,0,0.0,False,False,False,False
B0_OFF,ATTACK_DIVERSE_HIGH,2,r02-t000-15d05084,1789120433916962448,1789120434136189288,0.0,400,0,0.0,False,False,False,False
B0_OFF,ATTACK_DIVERSE_HIGH,2,r02-t001-8acbe34f,1789120434738415329,1789120435017109865,0.0,310,0,0.0,False,False,False,False
B0_OFF,ATTACK_DIVERSE_HIGH,2,r02-t002-c8d6a124,1789120436006484430,1789120436339440861,0.0,106,0,0.0,False,False,False,False
B0_OFF,ATTACK_DIVERSE_HIGH,2,r02-t003-8d1feb67,1789120436351541700,1789120436682398798,0.0,102,0,0.0,False,False,False,False
B0_OFF,ATTACK_DIVERSE_HIGH,2,r02-t004-d8a52d28,1789120436693430727,1789120437032784378,0.0,171,0,0.0,False,False,False,False
B0_OFF,ATTACK_DIVERSE_HIGH,2,r02-t005-34a8d757,1789120437044086123,1789120437362046899,0.0,208,0,0.0,False,False,False,False
B0_OFF,ATTACK_DIVERSE_HIGH,2,r02-t006-228a6fda,1789120437373186983,1789120437741423496,0.0,259,0,0.0,False,False,False,False
B0_OFF,ATTACK_DIVERSE_HIGH,2,r02-t007-e68dc899,1789120437755759385,1789120438044139326,0.0,337,0,0.0,False,False,False,False
B0_OFF,ATTACK_DIVERSE_HIGH,2,r02-t008-fd1e4f4e,1789120438055692072,1789120438394302512,0.0,398,0,0.0,False,False,False,False
B0_OFF,ATTACK_DIVERSE_HIGH,2,r02-t009-01428e5f,1789120438405764210,1789120438774438951,0.0,406,0,0.0,False,False,False,False
B0_OFF,ATTACK_DIVERSE_HIGH,2,r02-t010-b5f0d1f4,1789120438786015362,1789120439112532090,0.0,406,0,0.0,False,False,False,False
B0_OFF,ATTACK_DIVERSE_HIGH,2,r02-t011-63efea24,1789120439123501577,1789120439462208578,0.0,406,0,0.0,False,False,False,False
B0_OFF,ATTACK_DIVERSE_HIGH,2,r02-t012-99f1a193,1789120439473800955,1789120439818574913,0.0,407,0,0.0,False,False,False,False
B0_OFF,ATTACK_DIVERSE_HIGH,2,r02-t013-bfc8f606,1789120439830945380,1789120440158460691,0.0,406,0,0.0,False,False,False,False
B0_OFF,ATTACK_DIVERSE_HIGH,2,r02-t014-dd45cc99,1789120440169998516,1789120440538575842,0.0,406,0,0.0,False,False,False,False
B0_OFF,ATTACK_DIVERSE_HIGH,2,r02-t015-9c756c26,1789120440550871798,1789120440881619505,0.0,406,0,0.0,False,False,False,False
B0_OFF,ATTACK_DIVERSE_HIGH,2,r02-t016-9c554208,1789120440892523415,1789120441238497534,0.0,406,0,0.0,False,False,False,False
B0_OFF,ATTACK_DIVERSE_HIGH,2,r02-t017-dba49f7c,1789120441250291966,1789120441594258086,0.0,406,0,0.0,False,False,False,False
B0_OFF,ATTACK_DIVERSE_HIGH,2,r02-t018-1d3fa777,1789120441605980669,1789120441963158168,0.0,406,0,0.0,False,False,False,False
B0_OFF,ATTACK_DIVERSE_HIGH,2,r02-t019-0a2b7d2b,1789120441974312601,1789120442302311094,0.0,406,0,0.0,False,False,False,False
B0_OFF,ATTACK_DIVERSE_HIGH,2,r02-t020-dd5b7830,1789120442313729263,1789120442634070214,0.0,405,0,0.0,False,False,False,False
B0_OFF,ATTACK_DIVERSE_HIGH,2,r02-t021-78073690,1789120442645837560,1789120442955050592,0.0,406,0,0.0,False,False,False,False
B0_OFF,ATTACK_DIVERSE_HIGH,2,r02-t022-2ffd4739,1789120442968196679,1789120443293034816,0.0,406,0,0.0,False,False,False,False
B0_OFF,ATTACK_DIVERSE_HIGH,2,r02-t023-ea5a5964,1789120443305047364,1789120443652109436,0.0,406,0,0.0,False,False,False,False
B0_OFF,ATTACK_DIVERSE_HIGH,2,r02-t024-369b3486,1789120443663441536,1789120443966808912,0.0,406,0,0.0,False,False,False,False
B0_OFF,ATTACK_DIVERSE_HIGH,2,r02-t025-f9371f7a,1789120443978935298,1789120444332733137,0.0,406,0,0.0,False,False,False,False
B0_OFF,ATTACK_DIVERSE_HIGH,2,r02-t026-7d77240e,1789120444344115961,1789120444662089181,0.0,406,0,0.0,False,False,False,False
B0_OFF,ATTACK_DIVERSE_HIGH,2,r02-t027-5cd2ad69,1789120444673812439,1789120445028007611,0.0,405,0,0.0,False,False,False,False
B0_OFF,ATTACK_DIVERSE_HIGH,2,r02-t028-033a0ac8,1789120445039154486,1789120445379152926,0.0,406,0,0.0,False,False,False,False
B0_OFF,ATTACK_DIVERSE_HIGH,2,r02-t029-f771b944,1789120445390363442,1789120445721950076,0.0,406,0,0.0,False,False,False,False
B0_OFF,ATTACK_DIVERSE_HIGH,2,r02-t030-13416556,1789120445733044993,1789120446072912920,0.0,406,0,0.0,False,False,False,False
B0_OFF,ATTACK_DIVERSE_HIGH,2,r02-t031-148f8760,1789120446083992923,1789120446422150221,0.0,405,0,0.0,False,False,False,False
B0_OFF,ATTACK_DIVERSE_HIGH,2,r02-t032-7e24a9b8,1789120446433160218,1789120446754397492,0.0,406,0,0.0,False,False,False,False
B0_OFF,ATTACK_DIVERSE_HIGH,2,r02-t033-a91cab09,1789120446765495354,1789120447118182125,0.0,406,0,0.0,False,False,False,False
B0_OFF,ATTACK_DIVERSE_HIGH,2,r02-t034-f4e1c528,1789120447129415438,1789120447478416410,0.0,406,0,0.0,False,False,False,False
B0_OFF,ATTACK_DIVERSE_HIGH,2,r02-t035-d5ac025a,1789120447489770073,1789120447798067584,0.0,406,0,0.0,False,False,False,False
B0_OFF,ATTACK_DIVERSE_HIGH,2,r02-t036-b7a25f12,1789120447809457626,1789120448168649044,0.0,406,0,0.0,False,False,False,False
B0_OFF,ATTACK_DIVERSE_HIGH,2,r02-t037-a0b38c23,1789120448180545560,1789120448502779443,0.0,406,0,0.0,False,False,False,False
B0_OFF,ATTACK_DIVERSE_HIGH,2,r02-t038-c20b4c8d,1789120448515293092,1789120448881718661,0.0,406,0,0.0,False,False,False,False
B0_OFF,ATTACK_DIVERSE_HIGH,2,r02-t039-fc15526f,1789120448893147459,1789120449214468607,0.0,406,0,0.0,False,False,False,False
B0_OFF,ATTACK_DIVERSE_HIGH,2,r02-t040-abe4af8a,1789120449226278114,1789120449623801441,0.0,406,0,0.0,False,False,False,False
B0_OFF,ATTACK_DIVERSE_HIGH,2,r02-t041-2893b024,1789120449636081517,1789120449943541998,0.0,406,0,0.0,False,False,False,False
B0_OFF,ATTACK_DIVERSE_HIGH,2,r02-t042-40f5b15a,1789120449955028168,1789120450306877149,0.0,406,0,0.0,False,False,False,False
B0_OFF,ATTACK_DIVERSE_HIGH,2,r02-t043-610374fb,1789120450318197471,1789120450664305125,0.0,406,0,0.0,False,False,False,False
B0_OFF,ATTACK_DIVERSE_HIGH,2,r02-t044-d487f8a7,1789120450676169915,1789120450997026004,0.0,406,0,0.0,False,False,False,False
B0_OFF,ATTACK_DIVERSE_HIGH,2,r02-t045-eb1b65f6,1789120451008400089,1789120451342508071,0.0,406,0,0.0,False,False,False,False
B0_OFF,ATTACK_DIVERSE_HIGH,2,r02-t046-f99c9d09,1789120451353975052,1789120451678417582,0.0,406,0,0.0,False,False,False,False
B0_OFF,ATTACK_DIVERSE_HIGH,2,r02-t047-64afe2c5,1789120451696698985,1789120452016596726,0.0,406,0,0.0,False,False,False,False
B0_OFF,ATTACK_DIVERSE_HIGH,2,r02-t048-6d5b7c33,1789120452029090132,1789120452349887449,0.0,406,0,0.0,False,False,False,False
B0_OFF,ATTACK_DIVERSE_HIGH,2,r02-t049-1eaf936e,1789120452361923713,1789120452718531420,0.0,406,0,0.0,False,False,False,False
B1_RL2_TC,BENIGN_DIVERSE_MODERATE,2,r02-t000-1d9251a7,1789120465339666876,1789120466476175802,0.0,25,0,0.0,False,False,False,False
B1_RL2_TC,BENIGN_DIVERSE_MODERATE,2,r02-t001-22d94119,1789120467469447177,1789120467879261012,0.0,10,0,0.0,False,False,False,False
B1_RL2_TC,BENIGN_DIVERSE_MODERATE,2,r02-t002-5ea0b51b,1789120467890348099,1789120468275836103,0.0,6,0,0.0,False,False,False,False
B1_RL2_TC,BENIGN_DIVERSE_MODERATE,2,r02-t003-3eea839b,1789120468285653756,1789120468668652752,0.0,12,0,0.0,False,False,False,False
B1_RL2_TC,BENIGN_DIVERSE_MODERATE,2,r02-t004-784faa17,1789120468679244545,1789120469101798287,0.0,15,0,0.0,False,False,False,False
B1_RL2_TC,BENIGN_DIVERSE_MODERATE,2,r02-t005-e21b5552,1789120469115004067,1789120469498812562,0.0,21,0,0.0,False,False,False,False
B1_RL2_TC,BENIGN_DIVERSE_MODERATE,2,r02-t006-8239553e,1789120469509131664,1789120469874656352,0.0,27,0,0.0,False,False,False,False
B1_RL2_TC,BENIGN_DIVERSE_MODERATE,2,r02-t007-2bfd5e90,1789120469884317280,1789120470271217781,0.0,29,0,0.0,False,False,False,False
B1_RL2_TC,BENIGN_DIVERSE_MODERATE,2,r02-t008-a1a5dd34,1789120470281169647,1789120470647071073,0.0,29,0,0.0,False,False,False,False
B1_RL2_TC,BENIGN_DIVERSE_MODERATE,2,r02-t009-23f8b3bb,1789120470657679213,1789120471031592661,0.0,29,0,0.0,False,False,False,False
B1_RL2_TC,BENIGN_DIVERSE_MODERATE,2,r02-t010-8cc0872e,1789120471041777887,1789120471401529981,0.0,30,0,0.0,False,False,False,False
B1_RL2_TC,BENIGN_DIVERSE_MODERATE,2,r02-t011-ada5f705,1789120471412827557,1789120471778577052,0.0,30,0,0.0,False,False,False,False
B1_RL2_TC,BENIGN_DIVERSE_MODERATE,2,r02-t012-7d2c0993,1789120471788493477,1789120472175895662,0.0,30,0,0.0,False,False,False,False
B1_RL2_TC,BENIGN_DIVERSE_MODERATE,2,r02-t013-ca5f8534,1789120472185867006,1789120472563538047,0.0,30,0,0.0,False,False,False,False
B1_RL2_TC,BENIGN_DIVERSE_MODERATE,2,r02-t014-bcd23e45,1789120472574136401,1789120472993827921,0.0,30,0,0.0,False,False,False,False
B1_RL2_TC,BENIGN_DIVERSE_MODERATE,2,r02-t015-45037dee,1789120473004418864,1789120473445408094,0.0,29,0,0.0,False,False,False,False
B1_RL2_TC,BENIGN_DIVERSE_MODERATE,2,r02-t016-f3a7a54e,1789120473455010492,1789120473827019252,0.0,29,0,0.0,False,False,False,False
B1_RL2_TC,BENIGN_DIVERSE_MODERATE,2,r02-t017-3813e57d,1789120473836471810,1789120474201599901,0.0,29,0,0.0,False,False,False,False
B1_RL2_TC,BENIGN_DIVERSE_MODERATE,2,r02-t018-bd485b46,1789120474211216267,1789120474567236233,0.0,29,0,0.0,False,False,False,False
B1_RL2_TC,BENIGN_DIVERSE_MODERATE,2,r02-t019-394aad00,1789120474577622701,1789120474932383517,0.0,29,0,0.0,False,False,False,False
B1_RL2_TC,BENIGN_DIVERSE_MODERATE,2,r02-t020-707312a8,1789120474942379091,1789120475339569525,0.0,29,0,0.0,False,False,False,False
B1_RL2_TC,BENIGN_DIVERSE_MODERATE,2,r02-t021-4c030776,1789120475351031383,1789120475759441004,0.0,30,0,0.0,False,False,False,False
B1_RL2_TC,BENIGN_DIVERSE_MODERATE,2,r02-t022-0a9ca1ac,1789120475769553543,1789120476161242558,0.0,30,0,0.0,False,False,False,False
B1_RL2_TC,BENIGN_DIVERSE_MODERATE,2,r02-t023-586d7940,1789120476171503416,1789120476567488953,0.0,29,0,0.0,False,False,False,False
B1_RL2_TC,BENIGN_DIVERSE_MODERATE,2,r02-t024-9608ef4b,1789120476577791903,1789120476946586657,0.0,29,0,0.0,False,False,False,False
B1_RL2_TC,BENIGN_DIVERSE_MODERATE,2,r02-t025-6ad4dd9d,1789120476956487783,1789120477324448545,0.0,29,0,0.0,False,False,False,False
B1_RL2_TC,BENIGN_DIVERSE_MODERATE,2,r02-t026-c3eb4a17,1789120477336139667,1789120477755294946,0.0,29,0,0.0,False,False,False,False
B1_RL2_TC,BENIGN_DIVERSE_MODERATE,2,r02-t027-287cde51,1789120477765918344,1789120478139768035,0.0,29,0,0.0,False,False,False,False
B1_RL2_TC,BENIGN_DIVERSE_MODERATE,2,r02-t028-83472b60,1789120478150256426,1789120478535731727,0.0,29,0,0.0,False,False,False,False
B1_RL2_TC,BENIGN_DIVERSE_MODERATE,2,r02-t029-5aa88b60,1789120478547198818,1789120478898771438,0.0,29,0,0.0,False,False,False,False
B1_RL2_TC,BENIGN_DIVERSE_MODERATE,2,r02-t030-4add7719,1789120478909654799,1789120479300314092,0.0,29,0,0.0,False,False,False,False
B1_RL2_TC,BENIGN_DIVERSE_MODERATE,2,r02-t031-9db1048e,1789120479309987611,1789120479682371574,0.0,29,0,0.0,False,False,False,False
B1_RL2_TC,BENIGN_DIVERSE_MODERATE,2,r02-t032-09665555,1789120479692093919,1789120480073232619,0.0,29,0,0.0,False,False,False,False
B1_RL2_TC,BENIGN_DIVERSE_MODERATE,2,r02-t033-a257c4ec,1789120480082819864,1789120480433219523,0.0,30,0,0.0,False,False,False,False
B1_RL2_TC,BENIGN_DIVERSE_MODERATE,2,r02-t034-3d1f8fc4,1789120480442558085,1789120480814439757,0.0,30,0,0.0,False,False,False,False
B1_RL2_TC,BENIGN_DIVERSE_MODERATE,2,r02-t035-5dc24f5a,1789120480824265158,1789120481190671303,0.0,30,0,0.0,False,False,False,False
B1_RL2_TC,BENIGN_DIVERSE_MODERATE,2,r02-t036-5eb3c56e,1789120481201143008,1789120481567793378,0.0,30,0,0.0,False,False,False,False
B1_RL2_TC,BENIGN_DIVERSE_MODERATE,2,r02-t037-dc124082,1789120481578208104,1789120481947200321,0.0,30,0,0.0,False,False,False,False
B1_RL2_TC,BENIGN_DIVERSE_MODERATE,2,r02-t038-501c6727,1789120481957646711,1789120482311269928,0.0,30,0,0.0,False,False,False,False
B1_RL2_TC,BENIGN_DIVERSE_MODERATE,2,r02-t039-57714c1d,1789120482322269712,1789120482699670901,0.0,30,0,0.0,False,False,False,False
B1_RL2_TC,BENIGN_DIVERSE_MODERATE,2,r02-t040-10b83d81,1789120482709890893,1789120483067056696,0.0,30,0,0.0,False,False,False,False
B1_RL2_TC,BENIGN_DIVERSE_MODERATE,2,r02-t041-2ef3b3bb,1789120483077730721,1789120483461262084,0.0,30,0,0.0,False,False,False,False
B1_RL2_TC,BENIGN_DIVERSE_MODERATE,2,r02-t042-04169ab6,1789120483471001968,1789120483847101447,0.0,30,0,0.0,False,False,False,False
B1_RL2_TC,BENIGN_DIVERSE_MODERATE,2,r02-t043-a8c54275,1789120483857224165,1789120484255070834,0.0,30,0,0.0,False,False,False,False
B1_RL2_TC,BENIGN_DIVERSE_MODERATE,2,r02-t044-bdf26661,1789120484265039488,1789120484642670775,0.0,30,0,0.0,False,False,False,False
B1_RL2_TC,BENIGN_DIVERSE_MODERATE,2,r02-t045-d11087f3,1789120484653471653,1789120485038225847,0.0,29,0,0.0,False,False,False,False
B1_RL2_TC,BENIGN_DIVERSE_MODERATE,2,r02-t046-0b9ed95d,1789120485048889253,1789120485421115624,0.0,29,0,0.0,False,False,False,False
B1_RL2_TC,BENIGN_DIVERSE_MODERATE,2,r02-t047-d1b4760b,1789120485431333412,1789120485812396205,0.0,29,0,0.0,False,False,False,False
B1_RL2_TC,BENIGN_DIVERSE_MODERATE,2,r02-t048-62cd11a8,1789120485822952854,1789120486189898526,0.0,29,0,0.0,False,False,False,False
B1_RL2_TC,BENIGN_DIVERSE_MODERATE,2,r02-t049-c88f5181,1789120486201703671,1789120486958728510,0.0,29,0,0.0,False,False,False,False
B0_OFF,ATTACK_DIVERSE_MODERATE,2,r02-t000-1d9251a7,1789120499557176079,1789120499685525339,0.0,6,0,0.0,False,False,False,False
B0_OFF,ATTACK_DIVERSE_MODERATE,2,r02-t001-22d94119,1789120499696071320,1789120500011896094,0.0,8,0,0.0,False,False,False,False
B0_OFF,ATTACK_DIVERSE_MODERATE,2,r02-t002-5ea0b51b,1789120500022014791,1789120500325011535,0.0,13,0,0.0,False,False,False,False
B0_OFF,ATTACK_DIVERSE_MODERATE,2,r02-t003-3eea839b,1789120500335006170,1789120500664177451,0.0,15,0,0.0,False,False,False,False
B0_OFF,ATTACK_DIVERSE_MODERATE,2,r02-t004-784faa17,1789120500674413371,1789120501034455899,0.0,20,0,0.0,False,False,False,False
B0_OFF,ATTACK_DIVERSE_MODERATE,2,r02-t005-e21b5552,1789120501046239371,1789120501359802140,0.0,25,0,0.0,False,False,False,False
B0_OFF,ATTACK_DIVERSE_MODERATE,2,r02-t006-8239553e,1789120501370666353,1789120501677145207,0.0,30,0,0.0,False,False,False,False
B0_OFF,ATTACK_DIVERSE_MODERATE,2,r02-t007-2bfd5e90,1789120501688162931,1789120502006109212,0.0,30,0,0.0,False,False,False,False
B0_OFF,ATTACK_DIVERSE_MODERATE,2,r02-t008-a1a5dd34,1789120502017936951,1789120502304891059,0.0,30,0,0.0,False,False,False,False
B0_OFF,ATTACK_DIVERSE_MODERATE,2,r02-t009-23f8b3bb,1789120502315088031,1789120502647250208,0.0,31,0,0.0,False,False,False,False
B0_OFF,ATTACK_DIVERSE_MODERATE,2,r02-t010-8cc0872e,1789120502657317609,1789120502984505367,0.0,30,0,0.0,False,False,False,False
B0_OFF,ATTACK_DIVERSE_MODERATE,2,r02-t011-ada5f705,1789120502994880216,1789120503319750470,0.0,31,0,0.0,False,False,False,False
B0_OFF,ATTACK_DIVERSE_MODERATE,2,r02-t012-7d2c0993,1789120503330114767,1789120503631815130,0.0,31,0,0.0,False,False,False,False
B0_OFF,ATTACK_DIVERSE_MODERATE,2,r02-t013-ca5f8534,1789120503643001843,1789120503967666659,0.0,31,0,0.0,False,False,False,False
B0_OFF,ATTACK_DIVERSE_MODERATE,2,r02-t014-bcd23e45,1789120503979455237,1789120504311385289,0.0,31,0,0.0,False,False,False,False
B0_OFF,ATTACK_DIVERSE_MODERATE,2,r02-t015-45037dee,1789120504322545194,1789120504655536470,0.0,30,0,0.0,False,False,False,False
B0_OFF,ATTACK_DIVERSE_MODERATE,2,r02-t016-f3a7a54e,1789120504666051162,1789120504995728528,0.0,30,0,0.0,False,False,False,False
B0_OFF,ATTACK_DIVERSE_MODERATE,2,r02-t017-3813e57d,1789120505006170399,1789120505332379849,0.0,30,0,0.0,False,False,False,False
B0_OFF,ATTACK_DIVERSE_MODERATE,2,r02-t018-bd485b46,1789120505344441837,1789120505655059305,0.0,30,0,0.0,False,False,False,False
B0_OFF,ATTACK_DIVERSE_MODERATE,2,r02-t019-394aad00,1789120505665817936,1789120505987422764,0.0,30,0,0.0,False,False,False,False
B0_OFF,ATTACK_DIVERSE_MODERATE,2,r02-t020-707312a8,1789120505997594076,1789120506353878354,0.0,30,0,0.0,False,False,False,False
B0_OFF,ATTACK_DIVERSE_MODERATE,2,r02-t021-4c030776,1789120506364298930,1789120506698906424,0.0,30,0,0.0,False,False,False,False
B0_OFF,ATTACK_DIVERSE_MODERATE,2,r02-t022-0a9ca1ac,1789120506709593851,1789120506991644715,0.0,30,0,0.0,False,False,False,False
B0_OFF,ATTACK_DIVERSE_MODERATE,2,r02-t023-586d7940,1789120507001965852,1789120507345993732,0.0,30,0,0.0,False,False,False,False
B0_OFF,ATTACK_DIVERSE_MODERATE,2,r02-t024-9608ef4b,1789120507356199934,1789120507676400635,0.0,30,0,0.0,False,False,False,False
B0_OFF,ATTACK_DIVERSE_MODERATE,2,r02-t025-6ad4dd9d,1789120507686982539,1789120508009761528,0.0,30,0,0.0,False,False,False,False
B0_OFF,ATTACK_DIVERSE_MODERATE,2,r02-t026-c3eb4a17,1789120508020496394,1789120508342464089,0.0,30,0,0.0,False,False,False,False
B0_OFF,ATTACK_DIVERSE_MODERATE,2,r02-t027-287cde51,1789120508355284989,1789120508651982498,0.0,30,0,0.0,False,False,False,False
B0_OFF,ATTACK_DIVERSE_MODERATE,2,r02-t028-83472b60,1789120508664216744,1789120508959552336,0.0,31,0,0.0,False,False,False,False
B0_OFF,ATTACK_DIVERSE_MODERATE,2,r02-t029-5aa88b60,1789120508970432937,1789120509288906002,0.0,31,0,0.0,False,False,False,False
B0_OFF,ATTACK_DIVERSE_MODERATE,2,r02-t030-4add7719,1789120509299373256,1789120509596473845,0.0,31,0,0.0,False,False,False,False
B0_OFF,ATTACK_DIVERSE_MODERATE,2,r02-t031-9db1048e,1789120509606583651,1789120509943115854,0.0,31,0,0.0,False,False,False,False
B0_OFF,ATTACK_DIVERSE_MODERATE,2,r02-t032-09665555,1789120509953249900,1789120510279960348,0.0,31,0,0.0,False,False,False,False
B0_OFF,ATTACK_DIVERSE_MODERATE,2,r02-t033-a257c4ec,1789120510290930216,1789120510598491119,0.0,31,0,0.0,False,False,False,False
B0_OFF,ATTACK_DIVERSE_MODERATE,2,r02-t034-3d1f8fc4,1789120510609550444,1789120510912181881,0.0,31,0,0.0,False,False,False,False
B0_OFF,ATTACK_DIVERSE_MODERATE,2,r02-t035-5dc24f5a,1789120510924839056,1789120511224804823,0.0,31,0,0.0,False,False,False,False
B0_OFF,ATTACK_DIVERSE_MODERATE,2,r02-t036-5eb3c56e,1789120511235485379,1789120511536952270,0.0,31,0,0.0,False,False,False,False
B0_OFF,ATTACK_DIVERSE_MODERATE,2,r02-t037-dc124082,1789120511547231868,1789120511871436951,0.0,31,0,0.0,False,False,False,False
B0_OFF,ATTACK_DIVERSE_MODERATE,2,r02-t038-501c6727,1789120511881830349,1789120512216490567,0.0,31,0,0.0,False,False,False,False
B0_OFF,ATTACK_DIVERSE_MODERATE,2,r02-t039-57714c1d,1789120512227310908,1789120512512033764,0.0,31,0,0.0,False,False,False,False
B0_OFF,ATTACK_DIVERSE_MODERATE,2,r02-t040-10b83d81,1789120512523163073,1789120512842047508,0.0,31,0,0.0,False,False,False,False
B0_OFF,ATTACK_DIVERSE_MODERATE,2,r02-t041-2ef3b3bb,1789120512852853623,1789120513186175358,0.0,31,0,0.0,False,False,False,False
B0_OFF,ATTACK_DIVERSE_MODERATE,2,r02-t042-04169ab6,1789120513196993990,1789120513478321987,0.0,31,0,0.0,False,False,False,False
B0_OFF,ATTACK_DIVERSE_MODERATE,2,r02-t043-a8c54275,1789120513488287117,1789120513819989850,0.0,31,0,0.0,False,False,False,False
B0_OFF,ATTACK_DIVERSE_MODERATE,2,r02-t044-bdf26661,1789120513830074661,1789120514187658945,0.0,31,0,0.0,False,False,False,False
B0_OFF,ATTACK_DIVERSE_MODERATE,2,r02-t045-d11087f3,1789120514199779646,1789120514511488107,0.0,31,0,0.0,False,False,False,False
B0_OFF,ATTACK_DIVERSE_MODERATE,2,r02-t046-0b9ed95d,1789120514521428200,1789120514828695028,0.0,30,0,0.0,False,False,False,False
B0_OFF,ATTACK_DIVERSE_MODERATE,2,r02-t047-d1b4760b,1789120514839291276,1789120515147623845,0.0,30,0,0.0,False,False,False,False
B0_OFF,ATTACK_DIVERSE_MODERATE,2,r02-t048-62cd11a8,1789120515157843698,1789120515450636526,0.0,31,0,0.0,False,False,False,False
B0_OFF,ATTACK_DIVERSE_MODERATE,2,r02-t049-c88f5181,1789120515460843956,1789120515772255113,0.0,31,0,0.0,False,False,False,False
B5_LOCKED_TC,BENIGN_DIVERSE_MODERATE,2,r02-t000-1d9251a7,1789120526681697603,1789120527025247155,0.0,24,0,0.0,False,False,False,False
B5_LOCKED_TC,BENIGN_DIVERSE_MODERATE,2,r02-t001-22d94119,1789120527035149153,1789120527381014739,0.0,25,0,0.0,False,False,False,False
B5_LOCKED_TC,BENIGN_DIVERSE_MODERATE,2,r02-t002-5ea0b51b,1789120527392667423,1789120527727652591,0.0,26,0,0.0,False,False,False,False
B5_LOCKED_TC,BENIGN_DIVERSE_MODERATE,2,r02-t003-3eea839b,1789120527738116047,1789120528092002983,0.0,27,0,0.0,False,False,False,False
B5_LOCKED_TC,BENIGN_DIVERSE_MODERATE,2,r02-t004-784faa17,1789120528103718558,1789120528426263765,0.0,28,0,0.0,False,False,False,False
B5_LOCKED_TC,BENIGN_DIVERSE_MODERATE,2,r02-t005-e21b5552,1789120528440508088,1789120528801734738,0.0,29,0,0.0,False,False,False,False
B5_LOCKED_TC,BENIGN_DIVERSE_MODERATE,2,r02-t006-8239553e,1789120529439535266,1789120529787563463,0.0,23,0,0.0,False,False,False,False
B5_LOCKED_TC,BENIGN_DIVERSE_MODERATE,2,r02-t007-2bfd5e90,1789120530774464877,1789120531100294664,0.0,8,0,0.0,False,False,False,False
B5_LOCKED_TC,BENIGN_DIVERSE_MODERATE,2,r02-t008-a1a5dd34,1789120531111219257,1789120531448207815,0.0,7,0,0.0,False,False,False,False
B5_LOCKED_TC,BENIGN_DIVERSE_MODERATE,2,r02-t009-23f8b3bb,1789120531459745547,1789120531794665259,0.0,13,0,0.0,False,False,False,False
B5_LOCKED_TC,BENIGN_DIVERSE_MODERATE,2,r02-t010-8cc0872e,1789120531805055090,1789120532122378734,0.0,15,0,0.0,False,False,False,False
B5_LOCKED_TC,BENIGN_DIVERSE_MODERATE,2,r02-t011-ada5f705,1789120532132614472,1789120532492612184,0.0,19,0,0.0,False,False,False,False
B5_LOCKED_TC,BENIGN_DIVERSE_MODERATE,2,r02-t012-7d2c0993,1789120532504098425,1789120532842842040,0.0,24,0,0.0,False,False,False,False
B5_LOCKED_TC,BENIGN_DIVERSE_MODERATE,2,r02-t013-ca5f8534,1789120532853192349,1789120533201344429,0.0,29,0,0.0,False,False,False,False
B5_LOCKED_TC,BENIGN_DIVERSE_MODERATE,2,r02-t014-bcd23e45,1789120533211389974,1789120533543481114,0.0,30,0,0.0,False,False,False,False
B5_LOCKED_TC,BENIGN_DIVERSE_MODERATE,2,r02-t015-45037dee,1789120533557783768,1789120533903415555,0.0,30,0,0.0,False,False,False,False
B5_LOCKED_TC,BENIGN_DIVERSE_MODERATE,2,r02-t016-f3a7a54e,1789120533914258447,1789120534243036602,0.0,30,0,0.0,False,False,False,False
B5_LOCKED_TC,BENIGN_DIVERSE_MODERATE,2,r02-t017-3813e57d,1789120534253470038,1789120534588801676,0.0,30,0,0.0,False,False,False,False
B5_LOCKED_TC,BENIGN_DIVERSE_MODERATE,2,r02-t018-bd485b46,1789120534600429185,1789120534973101606,0.0,30,0,0.0,False,False,False,False
B5_LOCKED_TC,BENIGN_DIVERSE_MODERATE,2,r02-t019-394aad00,1789120534984464536,1789120535324323847,0.0,30,0,0.0,False,False,False,False
B5_LOCKED_TC,BENIGN_DIVERSE_MODERATE,2,r02-t020-707312a8,1789120535334529279,1789120535667010210,0.0,30,0,0.0,False,False,False,False
B5_LOCKED_TC,BENIGN_DIVERSE_MODERATE,2,r02-t021-4c030776,1789120535677265613,1789120536019721788,0.0,30,0,0.0,False,False,False,False
B5_LOCKED_TC,BENIGN_DIVERSE_MODERATE,2,r02-t022-0a9ca1ac,1789120536029951541,1789120536378118353,0.0,30,0,0.0,False,False,False,False
B5_LOCKED_TC,BENIGN_DIVERSE_MODERATE,2,r02-t023-586d7940,1789120536389621513,1789120536735766010,0.0,30,0,0.0,False,False,False,False
B5_LOCKED_TC,BENIGN_DIVERSE_MODERATE,2,r02-t024-9608ef4b,1789120536745908732,1789120537079100715,0.0,30,0,0.0,False,False,False,False
B5_LOCKED_TC,BENIGN_DIVERSE_MODERATE,2,r02-t025-6ad4dd9d,1789120537089553029,1789120537446649139,0.0,30,0,0.0,False,False,False,False
B5_LOCKED_TC,BENIGN_DIVERSE_MODERATE,2,r02-t026-c3eb4a17,1789120537459331294,1789120537794264934,0.0,30,0,0.0,False,False,False,False
B5_LOCKED_TC,BENIGN_DIVERSE_MODERATE,2,r02-t027-287cde51,1789120537805163159,1789120538137384569,0.0,30,0,0.0,False,False,False,False
B5_LOCKED_TC,BENIGN_DIVERSE_MODERATE,2,r02-t028-83472b60,1789120538149407071,1789120538496615428,0.0,30,0,0.0,False,False,False,False
B5_LOCKED_TC,BENIGN_DIVERSE_MODERATE,2,r02-t029-5aa88b60,1789120538506893045,1789120538854657413,0.0,30,0,0.0,False,False,False,False
B5_LOCKED_TC,BENIGN_DIVERSE_MODERATE,2,r02-t030-4add7719,1789120538865298009,1789120539210140776,0.0,30,0,0.0,False,False,False,False
B5_LOCKED_TC,BENIGN_DIVERSE_MODERATE,2,r02-t031-9db1048e,1789120539220209497,1789120539581588786,0.0,30,0,0.0,False,False,False,False
B5_LOCKED_TC,BENIGN_DIVERSE_MODERATE,2,r02-t032-09665555,1789120539591791545,1789120539917330366,0.0,30,0,0.0,False,False,False,False
B5_LOCKED_TC,BENIGN_DIVERSE_MODERATE,2,r02-t033-a257c4ec,1789120539927904845,1789120540243886025,0.0,30,0,0.0,False,False,False,False
B5_LOCKED_TC,BENIGN_DIVERSE_MODERATE,2,r02-t034-3d1f8fc4,1789120540254246193,1789120540593229037,0.0,30,0,0.0,False,False,False,False
B5_LOCKED_TC,BENIGN_DIVERSE_MODERATE,2,r02-t035-5dc24f5a,1789120540603872863,1789120540947329923,0.0,30,0,0.0,False,False,False,False
B5_LOCKED_TC,BENIGN_DIVERSE_MODERATE,2,r02-t036-5eb3c56e,1789120540957983534,1789120541290725521,0.0,30,0,0.0,False,False,False,False
B5_LOCKED_TC,BENIGN_DIVERSE_MODERATE,2,r02-t037-dc124082,1789120541300969889,1789120541626714851,0.0,30,0,0.0,False,False,False,False
B5_LOCKED_TC,BENIGN_DIVERSE_MODERATE,2,r02-t038-501c6727,1789120541637382046,1789120541987260741,0.0,30,0,0.0,False,False,False,False
B5_LOCKED_TC,BENIGN_DIVERSE_MODERATE,2,r02-t039-57714c1d,1789120541998189649,1789120542342069062,0.0,30,0,0.0,False,False,False,False
B5_LOCKED_TC,BENIGN_DIVERSE_MODERATE,2,r02-t040-10b83d81,1789120542352955413,1789120542681986192,0.0,30,0,0.0,False,False,False,False
B5_LOCKED_TC,BENIGN_DIVERSE_MODERATE,2,r02-t041-2ef3b3bb,1789120542693049900,1789120543017917764,0.0,30,0,0.0,False,False,False,False
B5_LOCKED_TC,BENIGN_DIVERSE_MODERATE,2,r02-t042-04169ab6,1789120543033812874,1789120543364709279,0.0,30,0,0.0,False,False,False,False
B5_LOCKED_TC,BENIGN_DIVERSE_MODERATE,2,r02-t043-a8c54275,1789120543375298672,1789120543726200948,0.0,30,0,0.0,False,False,False,False
B5_LOCKED_TC,BENIGN_DIVERSE_MODERATE,2,r02-t044-bdf26661,1789120543739844558,1789120544079891927,0.0,30,0,0.0,False,False,False,False
B5_LOCKED_TC,BENIGN_DIVERSE_MODERATE,2,r02-t045-d11087f3,1789120544092260120,1789120544444898744,0.0,30,0,0.0,False,False,False,False
B5_LOCKED_TC,BENIGN_DIVERSE_MODERATE,2,r02-t046-0b9ed95d,1789120544455840810,1789120544776846037,0.0,30,0,0.0,False,False,False,False
B5_LOCKED_TC,BENIGN_DIVERSE_MODERATE,2,r02-t047-d1b4760b,1789120544788207247,1789120545120404374,0.0,30,0,0.0,False,False,False,False
B5_LOCKED_TC,BENIGN_DIVERSE_MODERATE,2,r02-t048-62cd11a8,1789120545131303519,1789120545469183293,0.0,30,0,0.0,False,False,False,False
B5_LOCKED_TC,BENIGN_DIVERSE_MODERATE,2,r02-t049-c88f5181,1789120545480427704,1789120545823571836,0.0,30,0,0.0,False,False,False,False
B1_RL2_TC,BENIGN_DIVERSE_HIGH,2,r02-t000-15d05084,1789120557856024674,1789120559068061207,0.0,400,0,0.0,False,False,False,False
B1_RL2_TC,BENIGN_DIVERSE_HIGH,2,r02-t001-8acbe34f,1789120559079809907,1789120559452052188,0.0,403,0,0.0,False,False,False,False
B1_RL2_TC,BENIGN_DIVERSE_HIGH,2,r02-t002-c8d6a124,1789120559463395477,1789120559870252956,0.0,404,0,0.0,False,False,False,False
B1_RL2_TC,BENIGN_DIVERSE_HIGH,2,r02-t003-8d1feb67,1789120559881039403,1789120560272581627,0.0,405,0,0.0,False,False,False,False
B1_RL2_TC,BENIGN_DIVERSE_HIGH,2,r02-t004-d8a52d28,1789120560899293553,1789120561352878498,0.0,359,0,0.0,False,False,False,False
B1_RL2_TC,BENIGN_DIVERSE_HIGH,2,r02-t005-34a8d757,1789120562348589173,1789120562762284922,0.0,116,0,0.0,False,False,False,False
B1_RL2_TC,BENIGN_DIVERSE_HIGH,2,r02-t006-228a6fda,1789120562773876308,1789120563189122992,0.0,102,0,0.0,False,False,False,False
B1_RL2_TC,BENIGN_DIVERSE_HIGH,2,r02-t007-e68dc899,1789120563201417110,1789120563603875406,0.0,189,0,0.0,False,False,False,False
B1_RL2_TC,BENIGN_DIVERSE_HIGH,2,r02-t008-fd1e4f4e,1789120563615651121,1789120564011420533,0.0,222,0,0.0,False,False,False,False
B1_RL2_TC,BENIGN_DIVERSE_HIGH,2,r02-t009-01428e5f,1789120564022887164,1789120564424011160,0.0,304,0,0.0,False,False,False,False
B1_RL2_TC,BENIGN_DIVERSE_HIGH,2,r02-t010-b5f0d1f4,1789120564436782161,1789120564832166476,0.0,388,0,0.0,False,False,False,False
B1_RL2_TC,BENIGN_DIVERSE_HIGH,2,r02-t011-63efea24,1789120564843708453,1789120565257498363,0.0,405,0,0.0,False,False,False,False
B1_RL2_TC,BENIGN_DIVERSE_HIGH,2,r02-t012-99f1a193,1789120565269696611,1789120565673750022,0.0,405,0,0.0,False,False,False,False
B1_RL2_TC,BENIGN_DIVERSE_HIGH,2,r02-t013-bfc8f606,1789120565686577367,1789120566075195170,0.0,405,0,0.0,False,False,False,False
B1_RL2_TC,BENIGN_DIVERSE_HIGH,2,r02-t014-dd45cc99,1789120566088141379,1789120566498262654,0.0,405,0,0.0,False,False,False,False
B1_RL2_TC,BENIGN_DIVERSE_HIGH,2,r02-t015-9c756c26,1789120566510573591,1789120566934646526,0.0,405,0,0.0,False,False,False,False
B1_RL2_TC,BENIGN_DIVERSE_HIGH,2,r02-t016-9c554208,1789120566946451981,1789120567345159265,0.0,406,0,0.0,False,False,False,False
B1_RL2_TC,BENIGN_DIVERSE_HIGH,2,r02-t017-dba49f7c,1789120567355760592,1789120567761438575,0.0,405,0,0.0,False,False,False,False
B1_RL2_TC,BENIGN_DIVERSE_HIGH,2,r02-t018-1d3fa777,1789120567775698558,1789120568220886543,0.0,405,0,0.0,False,False,False,False
B1_RL2_TC,BENIGN_DIVERSE_HIGH,2,r02-t019-0a2b7d2b,1789120568232002948,1789120568634042606,0.0,405,0,0.0,False,False,False,False
B1_RL2_TC,BENIGN_DIVERSE_HIGH,2,r02-t020-dd5b7830,1789120568659301841,1789120569065496422,0.0,403,0,0.0,False,False,False,False
B1_RL2_TC,BENIGN_DIVERSE_HIGH,2,r02-t021-78073690,1789120569076474959,1789120569491722498,0.0,405,0,0.0,False,False,False,False
B1_RL2_TC,BENIGN_DIVERSE_HIGH,2,r02-t022-2ffd4739,1789120569503452796,1789120569907749636,0.0,405,0,0.0,False,False,False,False
B1_RL2_TC,BENIGN_DIVERSE_HIGH,2,r02-t023-ea5a5964,1789120569918585271,1789120570322567756,0.0,405,0,0.0,False,False,False,False
B1_RL2_TC,BENIGN_DIVERSE_HIGH,2,r02-t024-369b3486,1789120570333433402,1789120570737264132,0.0,405,0,0.0,False,False,False,False
B1_RL2_TC,BENIGN_DIVERSE_HIGH,2,r02-t025-f9371f7a,1789120570748339709,1789120571162251951,0.0,405,0,0.0,False,False,False,False
B1_RL2_TC,BENIGN_DIVERSE_HIGH,2,r02-t026-7d77240e,1789120571173342326,1789120571555882020,0.0,405,0,0.0,False,False,False,False
B1_RL2_TC,BENIGN_DIVERSE_HIGH,2,r02-t027-5cd2ad69,1789120571566818908,1789120571953820365,0.0,405,0,0.0,False,False,False,False
B1_RL2_TC,BENIGN_DIVERSE_HIGH,2,r02-t028-033a0ac8,1789120571966038940,1789120572364745671,0.0,405,0,0.0,False,False,False,False
B1_RL2_TC,BENIGN_DIVERSE_HIGH,2,r02-t029-f771b944,1789120572376403135,1789120572771501676,0.0,405,0,0.0,False,False,False,False
B1_RL2_TC,BENIGN_DIVERSE_HIGH,2,r02-t030-13416556,1789120572782384208,1789120573187515692,0.0,405,0,0.0,False,False,False,False
B1_RL2_TC,BENIGN_DIVERSE_HIGH,2,r02-t031-148f8760,1789120573198931066,1789120573622319693,0.0,405,0,0.0,False,False,False,False
B1_RL2_TC,BENIGN_DIVERSE_HIGH,2,r02-t032-7e24a9b8,1789120573633507018,1789120574039552218,0.0,405,0,0.0,False,False,False,False
B1_RL2_TC,BENIGN_DIVERSE_HIGH,2,r02-t033-a91cab09,1789120574052363874,1789120574481121434,0.0,405,0,0.0,False,False,False,False
B1_RL2_TC,BENIGN_DIVERSE_HIGH,2,r02-t034-f4e1c528,1789120574492489851,1789120574930809363,0.0,405,0,0.0,False,False,False,False
B1_RL2_TC,BENIGN_DIVERSE_HIGH,2,r02-t035-d5ac025a,1789120574942347299,1789120575327232943,0.0,405,0,0.0,False,False,False,False
B1_RL2_TC,BENIGN_DIVERSE_HIGH,2,r02-t036-b7a25f12,1789120575339734589,1789120575724694890,0.0,405,0,0.0,False,False,False,False
B1_RL2_TC,BENIGN_DIVERSE_HIGH,2,r02-t037-a0b38c23,1789120575737735543,1789120576118700424,0.0,405,0,0.0,False,False,False,False
B1_RL2_TC,BENIGN_DIVERSE_HIGH,2,r02-t038-c20b4c8d,1789120576133905746,1789120576548406326,0.0,405,0,0.0,False,False,False,False
B1_RL2_TC,BENIGN_DIVERSE_HIGH,2,r02-t039-fc15526f,1789120576559153963,1789120576960864705,0.0,405,0,0.0,False,False,False,False
B1_RL2_TC,BENIGN_DIVERSE_HIGH,2,r02-t040-abe4af8a,1789120576971652090,1789120577368359025,0.0,405,0,0.0,False,False,False,False
B1_RL2_TC,BENIGN_DIVERSE_HIGH,2,r02-t041-2893b024,1789120577381798006,1789120577812765483,0.0,405,0,0.0,False,False,False,False
B1_RL2_TC,BENIGN_DIVERSE_HIGH,2,r02-t042-40f5b15a,1789120577825158699,1789120578206714689,0.0,405,0,0.0,False,False,False,False
B1_RL2_TC,BENIGN_DIVERSE_HIGH,2,r02-t043-610374fb,1789120578218769558,1789120578623300406,0.0,405,0,0.0,False,False,False,False
B1_RL2_TC,BENIGN_DIVERSE_HIGH,2,r02-t044-d487f8a7,1789120578639224144,1789120579031381332,0.0,405,0,0.0,False,False,False,False
B1_RL2_TC,BENIGN_DIVERSE_HIGH,2,r02-t045-eb1b65f6,1789120579042271088,1789120579463671914,0.0,405,0,0.0,False,False,False,False
B1_RL2_TC,BENIGN_DIVERSE_HIGH,2,r02-t046-f99c9d09,1789120579475984581,1789120579859062663,0.0,405,0,0.0,False,False,False,False
B1_RL2_TC,BENIGN_DIVERSE_HIGH,2,r02-t047-64afe2c5,1789120579869720476,1789120580280403537,0.0,405,0,0.0,False,False,False,False
B1_RL2_TC,BENIGN_DIVERSE_HIGH,2,r02-t048-6d5b7c33,1789120580291462160,1789120580678926035,0.0,405,0,0.0,False,False,False,False
B1_RL2_TC,BENIGN_DIVERSE_HIGH,2,r02-t049-1eaf936e,1789120580690456498,1789120581085465758,0.0,405,0,0.0,False,False,False,False
B1_RL2_TC,ATTACK_DIVERSE_HIGH,2,r02-t000-15d05084,1789120595876930217,1789120596200178075,0.0,347,0,0.0,False,False,False,False
B1_RL2_TC,ATTACK_DIVERSE_HIGH,2,r02-t001-8acbe34f,1789120596212709386,1789120596431445031,0.0,401,0,0.0,False,False,False,False
B1_RL2_TC,ATTACK_DIVERSE_HIGH,2,r02-t002-c8d6a124,1789120596442478931,1789120596787070683,0.0,402,0,0.0,False,False,False,False
B1_RL2_TC,ATTACK_DIVERSE_HIGH,2,r02-t003-8d1feb67,1789120596799126928,1789120597134683860,0.0,403,0,0.0,False,False,False,False
B1_RL2_TC,ATTACK_DIVERSE_HIGH,2,r02-t004-d8a52d28,1789120597146264371,1789120597513666643,0.0,404,0,0.0,False,False,False,False
B1_RL2_TC,ATTACK_DIVERSE_HIGH,2,r02-t005-34a8d757,1789120597525394330,1789120597833285656,0.0,405,0,0.0,False,False,False,False
B1_RL2_TC,ATTACK_DIVERSE_HIGH,2,r02-t006-228a6fda,1789120597845985710,1789120598191521039,0.0,406,0,0.0,False,False,False,False
B1_RL2_TC,ATTACK_DIVERSE_HIGH,2,r02-t007-e68dc899,1789120598202462207,1789120598558882360,0.0,406,0,0.0,False,False,False,False
B1_RL2_TC,ATTACK_DIVERSE_HIGH,2,r02-t008-fd1e4f4e,1789120598570597982,1789120598901656983,0.0,406,0,0.0,False,False,False,False
B1_RL2_TC,ATTACK_DIVERSE_HIGH,2,r02-t009-01428e5f,1789120598914940513,1789120599232637881,0.0,406,0,0.0,False,False,False,False
B1_RL2_TC,ATTACK_DIVERSE_HIGH,2,r02-t010-b5f0d1f4,1789120599246038754,1789120599582564632,0.0,406,0,0.0,False,False,False,False
B1_RL2_TC,ATTACK_DIVERSE_HIGH,2,r02-t011-63efea24,1789120599593609744,1789120599952664618,0.0,406,0,0.0,False,False,False,False
B1_RL2_TC,ATTACK_DIVERSE_HIGH,2,r02-t012-99f1a193,1789120599964823666,1789120600260836518,0.0,406,0,0.0,False,False,False,False
B1_RL2_TC,ATTACK_DIVERSE_HIGH,2,r02-t013-bfc8f606,1789120600272436888,1789120600605520433,0.0,406,0,0.0,False,False,False,False
B1_RL2_TC,ATTACK_DIVERSE_HIGH,2,r02-t014-dd45cc99,1789120600616717186,1789120600980851948,0.0,406,0,0.0,False,False,False,False
B1_RL2_TC,ATTACK_DIVERSE_HIGH,2,r02-t015-9c756c26,1789120600992703628,1789120601332297678,0.0,406,0,0.0,False,False,False,False
B1_RL2_TC,ATTACK_DIVERSE_HIGH,2,r02-t016-9c554208,1789120601345549189,1789120601666831506,0.0,406,0,0.0,False,False,False,False
B1_RL2_TC,ATTACK_DIVERSE_HIGH,2,r02-t017-dba49f7c,1789120601677950444,1789120602030914107,0.0,406,0,0.0,False,False,False,False
B1_RL2_TC,ATTACK_DIVERSE_HIGH,2,r02-t018-1d3fa777,1789120602041745058,1789120602407785978,0.0,406,0,0.0,False,False,False,False
B1_RL2_TC,ATTACK_DIVERSE_HIGH,2,r02-t019-0a2b7d2b,1789120602420265507,1789120602745201182,0.0,406,0,0.0,False,False,False,False
B1_RL2_TC,ATTACK_DIVERSE_HIGH,2,r02-t020-dd5b7830,1789120602756631098,1789120603094697713,0.0,406,0,0.0,False,False,False,False
B1_RL2_TC,ATTACK_DIVERSE_HIGH,2,r02-t021-78073690,1789120603105968101,1789120603461134173,0.0,406,0,0.0,False,False,False,False
B1_RL2_TC,ATTACK_DIVERSE_HIGH,2,r02-t022-2ffd4739,1789120603472441710,1789120603784479060,0.0,406,0,0.0,False,False,False,False
B1_RL2_TC,ATTACK_DIVERSE_HIGH,2,r02-t023-ea5a5964,1789120603795734125,1789120604151433424,0.0,406,0,0.0,False,False,False,False
B1_RL2_TC,ATTACK_DIVERSE_HIGH,2,r02-t024-369b3486,1789120604162130928,1789120604512360337,0.0,406,0,0.0,False,False,False,False
B1_RL2_TC,ATTACK_DIVERSE_HIGH,2,r02-t025-f9371f7a,1789120604523821177,1789120604837875944,0.0,406,0,0.0,False,False,False,False
B1_RL2_TC,ATTACK_DIVERSE_HIGH,2,r02-t026-7d77240e,1789120604851101576,1789120605207406192,0.0,406,0,0.0,False,False,False,False
B1_RL2_TC,ATTACK_DIVERSE_HIGH,2,r02-t027-5cd2ad69,1789120605218657095,1789120605601496289,0.0,406,0,0.0,False,False,False,False
B1_RL2_TC,ATTACK_DIVERSE_HIGH,2,r02-t028-033a0ac8,1789120605612895094,1789120605940715371,0.0,406,0,0.0,False,False,False,False
B1_RL2_TC,ATTACK_DIVERSE_HIGH,2,r02-t029-f771b944,1789120605951586118,1789120606314217110,0.0,406,0,0.0,False,False,False,False
B1_RL2_TC,ATTACK_DIVERSE_HIGH,2,r02-t030-13416556,1789120606325752374,1789120606685661187,0.0,406,0,0.0,False,False,False,False
B1_RL2_TC,ATTACK_DIVERSE_HIGH,2,r02-t031-148f8760,1789120606697181227,1789120607022481885,0.0,406,0,0.0,False,False,False,False
B1_RL2_TC,ATTACK_DIVERSE_HIGH,2,r02-t032-7e24a9b8,1789120607033152342,1789120607366301984,0.0,406,0,0.0,False,False,False,False
B1_RL2_TC,ATTACK_DIVERSE_HIGH,2,r02-t033-a91cab09,1789120607377124219,1789120607717286975,0.0,406,0,0.0,False,False,False,False
B1_RL2_TC,ATTACK_DIVERSE_HIGH,2,r02-t034-f4e1c528,1789120607730205173,1789120608057166317,0.0,406,0,0.0,False,False,False,False
B1_RL2_TC,ATTACK_DIVERSE_HIGH,2,r02-t035-d5ac025a,1789120608068426110,1789120608442418553,0.0,406,0,0.0,False,False,False,False
B1_RL2_TC,ATTACK_DIVERSE_HIGH,2,r02-t036-b7a25f12,1789120608454552894,1789120608806056486,0.0,406,0,0.0,False,False,False,False
B1_RL2_TC,ATTACK_DIVERSE_HIGH,2,r02-t037-a0b38c23,1789120608817871664,1789120609116703469,0.0,406,0,0.0,False,False,False,False
B1_RL2_TC,ATTACK_DIVERSE_HIGH,2,r02-t038-c20b4c8d,1789120609128049317,1789120609445122444,0.0,406,0,0.0,False,False,False,False
B1_RL2_TC,ATTACK_DIVERSE_HIGH,2,r02-t039-fc15526f,1789120609456159628,1789120609818618415,0.0,406,0,0.0,False,False,False,False
B1_RL2_TC,ATTACK_DIVERSE_HIGH,2,r02-t040-abe4af8a,1789120609832027978,1789120610154904719,0.0,406,0,0.0,False,False,False,False
B1_RL2_TC,ATTACK_DIVERSE_HIGH,2,r02-t041-2893b024,1789120610166234017,1789120610478151875,0.0,406,0,0.0,False,False,False,False
B1_RL2_TC,ATTACK_DIVERSE_HIGH,2,r02-t042-40f5b15a,1789120610490465418,1789120610804528034,0.0,406,0,0.0,False,False,False,False
B1_RL2_TC,ATTACK_DIVERSE_HIGH,2,r02-t043-610374fb,1789120610816179614,1789120611206167151,0.0,406,0,0.0,False,False,False,False
B1_RL2_TC,ATTACK_DIVERSE_HIGH,2,r02-t044-d487f8a7,1789120611217802276,1789120611521931672,0.0,406,0,0.0,False,False,False,False
B1_RL2_TC,ATTACK_DIVERSE_HIGH,2,r02-t045-eb1b65f6,1789120611533320073,1789120611851271032,0.0,406,0,0.0,False,False,False,False
B1_RL2_TC,ATTACK_DIVERSE_HIGH,2,r02-t046-f99c9d09,1789120611862192155,1789120612196443095,0.0,406,0,0.0,False,False,False,False
B1_RL2_TC,ATTACK_DIVERSE_HIGH,2,r02-t047-64afe2c5,1789120612207922636,1789120612512888303,0.0,406,0,0.0,False,False,False,False
B1_RL2_TC,ATTACK_DIVERSE_HIGH,2,r02-t048-6d5b7c33,1789120612524243846,1789120612902834496,0.0,406,0,0.0,False,False,False,False
B1_RL2_TC,ATTACK_DIVERSE_HIGH,2,r02-t049-1eaf936e,1789120612914381750,1789120613233095196,0.0,406,0,0.0,False,False,False,False
B0_OFF,ATTACK_DIVERSE_HIGH,3,r03-t000-667f0984,1789120628193513949,1789120628353244114,0.0,400,0,0.0,False,False,False,False
B0_OFF,ATTACK_DIVERSE_HIGH,3,r03-t001-a047eb49,1789120628364865105,1789120628671504848,0.0,401,0,0.0,False,False,False,False
B0_OFF,ATTACK_DIVERSE_HIGH,3,r03-t002-da8532bb,1789120628685360677,1789120629018464410,0.0,402,0,0.0,False,False,False,False
B0_OFF,ATTACK_DIVERSE_HIGH,3,r03-t003-1ea6d0ae,1789120629029907366,1789120629384310833,0.0,403,0,0.0,False,False,False,False
B0_OFF,ATTACK_DIVERSE_HIGH,3,r03-t004-d7a56a1d,1789120629395648812,1789120629708528585,0.0,404,0,0.0,False,False,False,False
B0_OFF,ATTACK_DIVERSE_HIGH,3,r03-t005-6a2ca0d5,1789120629720441846,1789120630069470540,0.0,404,0,0.0,False,False,False,False
B0_OFF,ATTACK_DIVERSE_HIGH,3,r03-t006-76131d95,1789120630082036028,1789120630409591195,0.0,406,0,0.0,False,False,False,False
B0_OFF,ATTACK_DIVERSE_HIGH,3,r03-t007-1cbabdc5,1789120630421087529,1789120630791213290,0.0,406,0,0.0,False,False,False,False
B0_OFF,ATTACK_DIVERSE_HIGH,3,r03-t008-5ef748ce,1789120630804425211,1789120631155011422,0.0,406,0,0.0,False,False,False,False
B0_OFF,ATTACK_DIVERSE_HIGH,3,r03-t009-0ba30ddd,1789120631167633432,1789120631514836536,0.0,406,0,0.0,False,False,False,False
B0_OFF,ATTACK_DIVERSE_HIGH,3,r03-t010-613878bf,1789120631527869298,1789120631856678858,0.0,406,0,0.0,False,False,False,False
B0_OFF,ATTACK_DIVERSE_HIGH,3,r03-t011-b062ffc4,1789120631868118385,1789120632210530005,0.0,406,0,0.0,False,False,False,False
B0_OFF,ATTACK_DIVERSE_HIGH,3,r03-t012-ad583d3d,1789120632222163129,1789120632564042689,0.0,406,0,0.0,False,False,False,False
B0_OFF,ATTACK_DIVERSE_HIGH,3,r03-t013-5df95a3e,1789120632575927452,1789120632938688917,0.0,406,0,0.0,False,False,False,False
B0_OFF,ATTACK_DIVERSE_HIGH,3,r03-t014-cd322141,1789120632950851347,1789120633270404715,0.0,406,0,0.0,False,False,False,False
B0_OFF,ATTACK_DIVERSE_HIGH,3,r03-t015-92282fcd,1789120633282653399,1789120633618488887,0.0,406,0,0.0,False,False,False,False
B0_OFF,ATTACK_DIVERSE_HIGH,3,r03-t016-d087fa38,1789120633629653122,1789120633968561467,0.0,406,0,0.0,False,False,False,False
B0_OFF,ATTACK_DIVERSE_HIGH,3,r03-t017-617a46c1,1789120633979779754,1789120634308379187,0.0,406,0,0.0,False,False,False,False
B0_OFF,ATTACK_DIVERSE_HIGH,3,r03-t018-972a23dd,1789120634319340706,1789120634664370258,0.0,406,0,0.0,False,False,False,False
B0_OFF,ATTACK_DIVERSE_HIGH,3,r03-t019-a9f3a215,1789120634677437123,1789120635010786814,0.0,406,0,0.0,False,False,False,False
B0_OFF,ATTACK_DIVERSE_HIGH,3,r03-t020-c7271698,1789120635022740733,1789120635343158829,0.0,406,0,0.0,False,False,False,False
B0_OFF,ATTACK_DIVERSE_HIGH,3,r03-t021-24179771,1789120635354990206,1789120635723787574,0.0,406,0,0.0,False,False,False,False
B0_OFF,ATTACK_DIVERSE_HIGH,3,r03-t022-ce758a8c,1789120635734697511,1789120636069446935,0.0,406,0,0.0,False,False,False,False
B0_OFF,ATTACK_DIVERSE_HIGH,3,r03-t023-5670dafd,1789120636081139051,1789120636414357460,0.0,406,0,0.0,False,False,False,False
B0_OFF,ATTACK_DIVERSE_HIGH,3,r03-t024-814b9fc0,1789120636425321449,1789120636778570715,0.0,406,0,0.0,False,False,False,False
B0_OFF,ATTACK_DIVERSE_HIGH,3,r03-t025-416cefc1,1789120636790113311,1789120637129192929,0.0,406,0,0.0,False,False,False,False
B0_OFF,ATTACK_DIVERSE_HIGH,3,r03-t026-d8c25de1,1789120637141543161,1789120637449249068,0.0,406,0,0.0,False,False,False,False
B0_OFF,ATTACK_DIVERSE_HIGH,3,r03-t027-3b6af86d,1789120637460509995,1789120637818639979,0.0,405,0,0.0,False,False,False,False
B0_OFF,ATTACK_DIVERSE_HIGH,3,r03-t028-caf8b744,1789120637829662296,1789120638150584977,0.0,406,0,0.0,False,False,False,False
B0_OFF,ATTACK_DIVERSE_HIGH,3,r03-t029-e07b778c,1789120638162309940,1789120638504608384,0.0,406,0,0.0,False,False,False,False
B0_OFF,ATTACK_DIVERSE_HIGH,3,r03-t030-1a9eeebe,1789120638515996823,1789120638903652825,0.0,406,0,0.0,False,False,False,False
B0_OFF,ATTACK_DIVERSE_HIGH,3,r03-t031-d07206c7,1789120638914978173,1789120639268553484,0.0,406,0,0.0,False,False,False,False
B0_OFF,ATTACK_DIVERSE_HIGH,3,r03-t032-62dc835f,1789120639279091367,1789120639648985592,0.0,406,0,0.0,False,False,False,False
B0_OFF,ATTACK_DIVERSE_HIGH,3,r03-t033-ec68915e,1789120639661971257,1789120639974392930,0.0,406,0,0.0,False,False,False,False
B0_OFF,ATTACK_DIVERSE_HIGH,3,r03-t034-c15f38ba,1789120639985661258,1789120640334395561,0.0,406,0,0.0,False,False,False,False
B0_OFF,ATTACK_DIVERSE_HIGH,3,r03-t035-8babfcca,1789120640346445091,1789120640690402902,0.0,406,0,0.0,False,False,False,False
B0_OFF,ATTACK_DIVERSE_HIGH,3,r03-t036-445493f4,1789120640702686205,1789120641034664030,0.0,406,0,0.0,False,False,False,False
B0_OFF,ATTACK_DIVERSE_HIGH,3,r03-t037-24c7485c,1789120641047307574,1789120641354412440,0.0,406,0,0.0,False,False,False,False
B0_OFF,ATTACK_DIVERSE_HIGH,3,r03-t038-11f1caf1,1789120641365657524,1789120641691418081,0.0,406,0,0.0,False,False,False,False
B0_OFF,ATTACK_DIVERSE_HIGH,3,r03-t039-ab668802,1789120641702487266,1789120642040203617,0.0,406,0,0.0,False,False,False,False
B0_OFF,ATTACK_DIVERSE_HIGH,3,r03-t040-42ac5410,1789120642051473557,1789120642399168882,0.0,406,0,0.0,False,False,False,False
B0_OFF,ATTACK_DIVERSE_HIGH,3,r03-t041-27eb45e0,1789120642410201730,1789120642751399432,0.0,406,0,0.0,False,False,False,False
B0_OFF,ATTACK_DIVERSE_HIGH,3,r03-t042-377269e8,1789120642763196878,1789120643089300789,0.0,406,0,0.0,False,False,False,False
B0_OFF,ATTACK_DIVERSE_HIGH,3,r03-t043-96b35bf1,1789120643100109067,1789120643412183117,0.0,406,0,0.0,False,False,False,False
B0_OFF,ATTACK_DIVERSE_HIGH,3,r03-t044-8c473936,1789120643423913677,1789120643737784854,0.0,406,0,0.0,False,False,False,False
B0_OFF,ATTACK_DIVERSE_HIGH,3,r03-t045-f872a5d2,1789120643751169374,1789120644071181632,0.0,406,0,0.0,False,False,False,False
B0_OFF,ATTACK_DIVERSE_HIGH,3,r03-t046-4e0bc35c,1789120644082749385,1789120644438497528,0.0,406,0,0.0,False,False,False,False
B0_OFF,ATTACK_DIVERSE_HIGH,3,r03-t047-d5a00556,1789120644449895267,1789120644791831287,0.0,406,0,0.0,False,False,False,False
B0_OFF,ATTACK_DIVERSE_HIGH,3,r03-t048-9824eba8,1789120644804105860,1789120645134211512,0.0,406,0,0.0,False,False,False,False
B0_OFF,ATTACK_DIVERSE_HIGH,3,r03-t049-cd703da3,1789120645145261818,1789120645490150233,0.0,406,0,0.0,False,False,False,False
B5_LOCKED_TC,ATTACK_DIVERSE_MODERATE,3,r03-t000-07331687,1789120659105440113,1789120659245253043,0.0,21,0,0.0,False,False,False,False
B5_LOCKED_TC,ATTACK_DIVERSE_MODERATE,3,r03-t001-e0da6d9c,1789120659255039838,1789120659563221322,0.0,23,0,0.0,False,False,False,False
B5_LOCKED_TC,ATTACK_DIVERSE_MODERATE,3,r03-t002-9b402bca,1789120659574702974,1789120659864231928,0.0,26,0,0.0,False,False,False,False
B5_LOCKED_TC,ATTACK_DIVERSE_MODERATE,3,r03-t003-cd6f42a0,1789120659874446952,1789120660227495261,0.0,27,0,0.0,False,False,False,False
B5_LOCKED_TC,ATTACK_DIVERSE_MODERATE,3,r03-t004-30503f46,1789120660238803133,1789120660558369830,0.0,28,0,0.0,False,False,False,False
B5_LOCKED_TC,ATTACK_DIVERSE_MODERATE,3,r03-t005-5bb27b03,1789120660569731289,1789120660886631805,0.0,29,0,0.0,False,False,False,False
B5_LOCKED_TC,ATTACK_DIVERSE_MODERATE,3,r03-t006-d572a41d,1789120660898186713,1789120661263791945,0.0,30,0,0.0,False,False,False,False
B5_LOCKED_TC,ATTACK_DIVERSE_MODERATE,3,r03-t007-df2b3cbf,1789120661277191354,1789120661608785558,0.0,30,0,0.0,False,False,False,False
B5_LOCKED_TC,ATTACK_DIVERSE_MODERATE,3,r03-t008-66029a6b,1789120661618788226,1789120661936926106,0.0,30,0,0.0,False,False,False,False
B5_LOCKED_TC,ATTACK_DIVERSE_MODERATE,3,r03-t009-b2b6f104,1789120661947532111,1789120662264361082,0.0,30,0,0.0,False,False,False,False
B5_LOCKED_TC,ATTACK_DIVERSE_MODERATE,3,r03-t010-c1417ce7,1789120662276338041,1789120662583677988,0.0,30,0,0.0,False,False,False,False
B5_LOCKED_TC,ATTACK_DIVERSE_MODERATE,3,r03-t011-01e0d130,1789120662595941413,1789120662931863207,0.0,30,0,0.0,False,False,False,False
B5_LOCKED_TC,ATTACK_DIVERSE_MODERATE,3,r03-t012-4a4c39b7,1789120662942200609,1789120663279077058,0.0,30,0,0.0,False,False,False,False
B5_LOCKED_TC,ATTACK_DIVERSE_MODERATE,3,r03-t013-8e0006cd,1789120663289393509,1789120663662163361,0.0,30,0,0.0,False,False,False,False
B5_LOCKED_TC,ATTACK_DIVERSE_MODERATE,3,r03-t014-df2c3be5,1789120663673383098,1789120663991732014,0.0,30,0,0.0,False,False,False,False
B5_LOCKED_TC,ATTACK_DIVERSE_MODERATE,3,r03-t015-331265da,1789120664001602712,1789120664335757626,0.0,30,0,0.0,False,False,False,False
B5_LOCKED_TC,ATTACK_DIVERSE_MODERATE,3,r03-t016-b550bcb1,1789120664346145138,1789120664676689091,0.0,30,0,0.0,False,False,False,False
B5_LOCKED_TC,ATTACK_DIVERSE_MODERATE,3,r03-t017-9bc72395,1789120664687422698,1789120665020066878,0.0,30,0,0.0,False,False,False,False
B5_LOCKED_TC,ATTACK_DIVERSE_MODERATE,3,r03-t018-d6a267d9,1789120665030020323,1789120665359644268,0.0,30,0,0.0,False,False,False,False
B5_LOCKED_TC,ATTACK_DIVERSE_MODERATE,3,r03-t019-66760590,1789120665369472499,1789120665704177859,0.0,30,0,0.0,False,False,False,False
B5_LOCKED_TC,ATTACK_DIVERSE_MODERATE,3,r03-t020-54f2ce1c,1789120665713806964,1789120666045538072,0.0,30,0,0.0,False,False,False,False
B5_LOCKED_TC,ATTACK_DIVERSE_MODERATE,3,r03-t021-f47d8c6b,1789120666055593074,1789120666384274496,0.0,30,0,0.0,False,False,False,False
B5_LOCKED_TC,ATTACK_DIVERSE_MODERATE,3,r03-t022-fa35c96d,1789120666394858665,1789120666689818838,0.0,30,0,0.0,False,False,False,False
B5_LOCKED_TC,ATTACK_DIVERSE_MODERATE,3,r03-t023-b254c3d5,1789120666700462099,1789120667001254210,0.0,30,0,0.0,False,False,False,False
B5_LOCKED_TC,ATTACK_DIVERSE_MODERATE,3,r03-t024-3779b240,1789120667011674973,1789120667343453962,0.0,31,0,0.0,False,False,False,False
B5_LOCKED_TC,ATTACK_DIVERSE_MODERATE,3,r03-t025-bf5d1aa9,1789120667356528914,1789120667671950604,0.0,30,0,0.0,False,False,False,False
B5_LOCKED_TC,ATTACK_DIVERSE_MODERATE,3,r03-t026-734d2abc,1789120667681935399,1789120668014281840,0.0,31,0,0.0,False,False,False,False
B5_LOCKED_TC,ATTACK_DIVERSE_MODERATE,3,r03-t027-1dd17a42,1789120668026394034,1789120668344614031,0.0,31,0,0.0,False,False,False,False
B5_LOCKED_TC,ATTACK_DIVERSE_MODERATE,3,r03-t028-8a12b07c,1789120668356314387,1789120668691303616,0.0,31,0,0.0,False,False,False,False
B5_LOCKED_TC,ATTACK_DIVERSE_MODERATE,3,r03-t029-9556dd1a,1789120668702630042,1789120669020154808,0.0,30,0,0.0,False,False,False,False
B5_LOCKED_TC,ATTACK_DIVERSE_MODERATE,3,r03-t030-ac99f539,1789120669030186535,1789120669388253848,0.0,30,0,0.0,False,False,False,False
B5_LOCKED_TC,ATTACK_DIVERSE_MODERATE,3,r03-t031-101c0f7f,1789120669398235983,1789120669723784687,0.0,30,0,0.0,False,False,False,False
B5_LOCKED_TC,ATTACK_DIVERSE_MODERATE,3,r03-t032-aee80d11,1789120669736333704,1789120670040110994,0.0,30,0,0.0,False,False,False,False
B5_LOCKED_TC,ATTACK_DIVERSE_MODERATE,3,r03-t033-2a5d11d1,1789120670051076693,1789120670385608674,0.0,30,0,0.0,False,False,False,False
B5_LOCKED_TC,ATTACK_DIVERSE_MODERATE,3,r03-t034-c86bf82b,1789120670395884843,1789120670725776886,0.0,30,0,0.0,False,False,False,False
B5_LOCKED_TC,ATTACK_DIVERSE_MODERATE,3,r03-t035-3273263e,1789120670737459382,1789120671041922776,0.0,30,0,0.0,False,False,False,False
B5_LOCKED_TC,ATTACK_DIVERSE_MODERATE,3,r03-t036-cdb5c289,1789120671053831931,1789120671373968534,0.0,30,0,0.0,False,False,False,False
B5_LOCKED_TC,ATTACK_DIVERSE_MODERATE,3,r03-t037-05feed33,1789120671385061287,1789120671699880117,0.0,30,0,0.0,False,False,False,False
B5_LOCKED_TC,ATTACK_DIVERSE_MODERATE,3,r03-t038-4f65b252,1789120671709996695,1789120672015020196,0.0,30,0,0.0,False,False,False,False
B5_LOCKED_TC,ATTACK_DIVERSE_MODERATE,3,r03-t039-c87e2092,1789120672026765027,1789120672312090565,0.0,31,0,0.0,False,False,False,False
B5_LOCKED_TC,ATTACK_DIVERSE_MODERATE,3,r03-t040-1ec83f18,1789120672322635601,1789120672625565198,0.0,31,0,0.0,False,False,False,False
B5_LOCKED_TC,ATTACK_DIVERSE_MODERATE,3,r03-t041-1404eaf7,1789120672637206994,1789120672940410498,0.0,31,0,0.0,False,False,False,False
B5_LOCKED_TC,ATTACK_DIVERSE_MODERATE,3,r03-t042-96eaf864,1789120672950148333,1789120673273382717,0.0,31,0,0.0,False,False,False,False
B5_LOCKED_TC,ATTACK_DIVERSE_MODERATE,3,r03-t043-b04c12db,1789120673283053285,1789120673596636836,0.0,31,0,0.0,False,False,False,False
B5_LOCKED_TC,ATTACK_DIVERSE_MODERATE,3,r03-t044-c357b896,1789120673607403975,1789120673927841903,0.0,31,0,0.0,False,False,False,False
B5_LOCKED_TC,ATTACK_DIVERSE_MODERATE,3,r03-t045-47898d0c,1789120673940308167,1789120674263692360,0.0,31,0,0.0,False,False,False,False
B5_LOCKED_TC,ATTACK_DIVERSE_MODERATE,3,r03-t046-4de6822e,1789120674273803245,1789120674611623508,0.0,31,0,0.0,False,False,False,False
B5_LOCKED_TC,ATTACK_DIVERSE_MODERATE,3,r03-t047-a95805f7,1789120674621397491,1789120674964636001,0.0,30,0,0.0,False,False,False,False
B5_LOCKED_TC,ATTACK_DIVERSE_MODERATE,3,r03-t048-5aebda8d,1789120674975462438,1789120675303907197,0.0,30,0,0.0,False,False,False,False
B5_LOCKED_TC,ATTACK_DIVERSE_MODERATE,3,r03-t049-08945d81,1789120675314346351,1789120675610931052,0.0,30,0,0.0,False,False,False,False
RFC_DROP_NATIVE,BENIGN_DIVERSE_MODERATE,3,r03-t000-07331687,1789120687872292758,1789120689894433016,0.0,18,0,0.0,False,False,False,False
RFC_DROP_NATIVE,BENIGN_DIVERSE_MODERATE,3,r03-t001-e0da6d9c,1789120687877961684,1789120689899788230,0.0,18,0,0.0,False,False,False,False
RFC_DROP_NATIVE,BENIGN_DIVERSE_MODERATE,3,r03-t002-9b402bca,1789120687887081685,1789120689897587882,0.0,18,0,0.0,False,False,False,False
RFC_DROP_NATIVE,BENIGN_DIVERSE_MODERATE,3,r03-t003-cd6f42a0,1789120687896899663,1789120689906890193,0.0,19,0,0.0,False,False,False,False
RFC_DROP_NATIVE,BENIGN_DIVERSE_MODERATE,3,r03-t004-30503f46,1789120687906841752,1789120689917182082,0.0,19,0,0.0,False,False,False,False
RFC_DROP_NATIVE,BENIGN_DIVERSE_MODERATE,3,r03-t005-5bb27b03,1789120687916568639,1789120689926963933,0.0,19,0,0.0,False,False,False,False
RFC_DROP_NATIVE,BENIGN_DIVERSE_MODERATE,3,r03-t006-d572a41d,1789120687927241250,1789120689937330883,0.0,19,0,0.0,False,False,False,False
RFC_DROP_NATIVE,BENIGN_DIVERSE_MODERATE,3,r03-t007-df2b3cbf,1789120687936824197,1789120689946834150,0.0,19,0,0.0,False,False,False,False
RFC_DROP_NATIVE,BENIGN_DIVERSE_MODERATE,3,r03-t008-66029a6b,1789120687947116412,1789120689965022324,0.0,18,0,0.0,False,False,False,False
RFC_DROP_NATIVE,BENIGN_DIVERSE_MODERATE,3,r03-t009-b2b6f104,1789120687956578096,1789120689966802424,0.0,18,0,0.0,False,False,False,False
RFC_DROP_NATIVE,BENIGN_DIVERSE_MODERATE,3,r03-t010-c1417ce7,1789120687967202409,1789120689979383405,0.0,19,0,0.0,False,False,False,False
RFC_DROP_NATIVE,BENIGN_DIVERSE_MODERATE,3,r03-t011-01e0d130,1789120687976925407,1789120689986758915,0.0,20,0,0.0,False,False,False,False
RFC_DROP_NATIVE,BENIGN_DIVERSE_MODERATE,3,r03-t012-4a4c39b7,1789120687986716248,1789120689997142968,0.0,20,0,0.0,False,False,False,False
RFC_DROP_NATIVE,BENIGN_DIVERSE_MODERATE,3,r03-t013-8e0006cd,1789120687996588690,1789120690006971565,0.0,20,0,0.0,False,False,False,False
RFC_DROP_NATIVE,BENIGN_DIVERSE_MODERATE,3,r03-t014-df2c3be5,1789120688006433805,1789120690025169431,0.0,20,0,0.0,False,False,False,False
RFC_DROP_NATIVE,BENIGN_DIVERSE_MODERATE,3,r03-t015-331265da,1789120688016369916,1789120690026353788,0.0,20,0,0.0,False,False,False,False
RFC_DROP_NATIVE,BENIGN_DIVERSE_MODERATE,3,r03-t016-b550bcb1,1789120688026549217,1789120690035657145,0.0,19,0,0.0,False,False,False,False
RFC_DROP_NATIVE,BENIGN_DIVERSE_MODERATE,3,r03-t017-9bc72395,1789120688036279426,1789120690046287951,0.0,19,0,0.0,False,False,False,False
RFC_DROP_NATIVE,BENIGN_DIVERSE_MODERATE,3,r03-t018-d6a267d9,1789120688046466223,1789120690055032622,0.0,19,0,0.0,False,False,False,False
RFC_DROP_NATIVE,BENIGN_DIVERSE_MODERATE,3,r03-t019-66760590,1789120688056266932,1789120690066097739,0.0,19,0,0.0,False,False,False,False
RFC_DROP_NATIVE,BENIGN_DIVERSE_MODERATE,3,r03-t020-54f2ce1c,1789120688066434278,1789120690075211542,0.0,19,0,0.0,False,False,False,False
RFC_DROP_NATIVE,BENIGN_DIVERSE_MODERATE,3,r03-t021-f47d8c6b,1789120688076272372,1789120690086199793,0.0,19,0,0.0,False,False,False,False
RFC_DROP_NATIVE,BENIGN_DIVERSE_MODERATE,3,r03-t022-fa35c96d,1789120688086490197,1789120690094906648,0.0,19,0,0.0,False,False,False,False
RFC_DROP_NATIVE,BENIGN_DIVERSE_MODERATE,3,r03-t023-b254c3d5,1789120688096282651,1789120690106045497,0.0,19,0,0.0,False,False,False,False
RFC_DROP_NATIVE,BENIGN_DIVERSE_MODERATE,3,r03-t024-3779b240,1789120688106508826,1789120690124896683,0.0,18,0,0.0,False,False,False,False
RFC_DROP_NATIVE,BENIGN_DIVERSE_MODERATE,3,r03-t025-bf5d1aa9,1789120688116878753,1789120690127323453,0.0,18,0,0.0,False,False,False,False
RFC_DROP_NATIVE,BENIGN_DIVERSE_MODERATE,3,r03-t026-734d2abc,1789120688126560854,1789120690136054345,0.0,18,0,0.0,False,False,False,False
RFC_DROP_NATIVE,BENIGN_DIVERSE_MODERATE,3,r03-t027-1dd17a42,1789120688136526948,1789120690146369703,0.0,18,0,0.0,False,False,False,False
RFC_DROP_NATIVE,BENIGN_DIVERSE_MODERATE,3,r03-t028-8a12b07c,1789120688146379275,1789120690185518198,0.0,18,0,0.0,False,False,False,False
RFC_DROP_NATIVE,BENIGN_DIVERSE_MODERATE,3,r03-t029-9556dd1a,1789120688167531309,1789120690188956967,0.0,18,0,0.0,False,False,False,False
RFC_DROP_NATIVE,BENIGN_DIVERSE_MODERATE,3,r03-t030-ac99f539,1789120688169558060,1789120690189070889,0.0,18,0,0.0,False,False,False,False
RFC_DROP_NATIVE,BENIGN_DIVERSE_MODERATE,3,r03-t031-101c0f7f,1789120688176879509,1789120690195802770,0.0,18,0,0.0,False,False,False,False
RFC_DROP_NATIVE,BENIGN_DIVERSE_MODERATE,3,r03-t032-aee80d11,1789120688186773206,1789120690197923972,0.0,18,0,0.0,False,False,False,False
RFC_DROP_NATIVE,BENIGN_DIVERSE_MODERATE,3,r03-t033-2a5d11d1,1789120688196979645,1789120690206818005,0.0,17,0,0.0,False,False,False,False
RFC_DROP_NATIVE,BENIGN_DIVERSE_MODERATE,3,r03-t034-c86bf82b,1789120688207353651,1789120690218583191,0.0,17,0,0.0,False,False,False,False
RFC_DROP_NATIVE,BENIGN_DIVERSE_MODERATE,3,r03-t035-3273263e,1789120688217301242,1789120690226805281,0.0,17,0,0.0,False,False,False,False
RFC_DROP_NATIVE,BENIGN_DIVERSE_MODERATE,3,r03-t036-cdb5c289,1789120688227209172,1789120690237207672,0.0,17,0,0.0,False,False,False,False
RFC_DROP_NATIVE,BENIGN_DIVERSE_MODERATE,3,r03-t037-05feed33,1789120688236842787,1789120690246724527,0.0,17,0,0.0,False,False,False,False
RFC_DROP_NATIVE,BENIGN_DIVERSE_MODERATE,3,r03-t038-4f65b252,1789120688246776715,1789120690257365975,0.0,17,0,0.0,False,False,False,False
RFC_DROP_NATIVE,BENIGN_DIVERSE_MODERATE,3,r03-t039-c87e2092,1789120688257140000,1789120690266737932,0.0,17,0,0.0,False,False,False,False
RFC_DROP_NATIVE,BENIGN_DIVERSE_MODERATE,3,r03-t040-1ec83f18,1789120688266555569,1789120690277136332,0.0,17,0,0.0,False,False,False,False
RFC_DROP_NATIVE,BENIGN_DIVERSE_MODERATE,3,r03-t041-1404eaf7,1789120688276840573,1789120690287075432,0.0,16,0,0.0,False,False,False,False
RFC_DROP_NATIVE,BENIGN_DIVERSE_MODERATE,3,r03-t042-96eaf864,1789120688287153378,1789120690297668232,0.0,16,0,0.0,False,False,False,False
RFC_DROP_NATIVE,BENIGN_DIVERSE_MODERATE,3,r03-t043-b04c12db,1789120688296884821,1789120690317668715,0.0,16,0,0.0,False,False,False,False
RFC_DROP_NATIVE,BENIGN_DIVERSE_MODERATE,3,r03-t044-c357b896,1789120688306777759,1789120690317326187,0.0,16,0,0.0,False,False,False,False
RFC_DROP_NATIVE,BENIGN_DIVERSE_MODERATE,3,r03-t045-47898d0c,1789120688316529506,1789120690326029811,0.0,16,0,0.0,False,False,False,False
RFC_DROP_NATIVE,BENIGN_DIVERSE_MODERATE,3,r03-t046-4de6822e,1789120688326444552,1789120690334730015,0.0,16,0,0.0,False,False,False,False
RFC_DROP_NATIVE,BENIGN_DIVERSE_MODERATE,3,r03-t047-a95805f7,1789120688336379049,1789120690346298331,0.0,16,0,0.0,False,False,False,False
RFC_DROP_NATIVE,BENIGN_DIVERSE_MODERATE,3,r03-t048-5aebda8d,1789120688346468589,1789120690355023618,0.0,16,0,0.0,False,False,False,False
RFC_DROP_NATIVE,BENIGN_DIVERSE_MODERATE,3,r03-t049-08945d81,1789120688356365037,1789120690366737401,0.0,15,0,0.0,False,False,False,False
B0_OFF,BENIGN_DIVERSE_HIGH,3,r03-t000-667f0984,1789120721953831099,1789120722683570322,0.0,258,0,0.0,False,False,False,False
B0_OFF,BENIGN_DIVERSE_HIGH,3,r03-t001-a047eb49,1789120722694860482,1789120723031650729,0.0,402,0,0.0,False,False,False,False
B0_OFF,BENIGN_DIVERSE_HIGH,3,r03-t002-da8532bb,1789120723043860216,1789120723372972463,0.0,403,0,0.0,False,False,False,False
B0_OFF,BENIGN_DIVERSE_HIGH,3,r03-t003-1ea6d0ae,1789120723385172643,1789120723725519776,0.0,404,0,0.0,False,False,False,False
B0_OFF,BENIGN_DIVERSE_HIGH,3,r03-t004-d7a56a1d,1789120723737643029,1789120724075484044,0.0,405,0,0.0,False,False,False,False
B0_OFF,BENIGN_DIVERSE_HIGH,3,r03-t005-6a2ca0d5,1789120724087705783,1789120724416385053,0.0,406,0,0.0,False,False,False,False
B0_OFF,BENIGN_DIVERSE_HIGH,3,r03-t006-76131d95,1789120724428523691,1789120724751596868,0.0,406,0,0.0,False,False,False,False
B0_OFF,BENIGN_DIVERSE_HIGH,3,r03-t007-1cbabdc5,1789120724763794199,1789120725098716444,0.0,406,0,0.0,False,False,False,False
B0_OFF,BENIGN_DIVERSE_HIGH,3,r03-t008-5ef748ce,1789120725110127028,1789120725468320418,0.0,406,0,0.0,False,False,False,False
B0_OFF,BENIGN_DIVERSE_HIGH,3,r03-t009-0ba30ddd,1789120725480920335,1789120725829229433,0.0,406,0,0.0,False,False,False,False
B0_OFF,BENIGN_DIVERSE_HIGH,3,r03-t010-613878bf,1789120725840274945,1789120726175315906,0.0,406,0,0.0,False,False,False,False
B0_OFF,BENIGN_DIVERSE_HIGH,3,r03-t011-b062ffc4,1789120726187308096,1789120726551783875,0.0,406,0,0.0,False,False,False,False
B0_OFF,BENIGN_DIVERSE_HIGH,3,r03-t012-ad583d3d,1789120726563959933,1789120726909013776,0.0,406,0,0.0,False,False,False,False
B0_OFF,BENIGN_DIVERSE_HIGH,3,r03-t013-5df95a3e,1789120726921897373,1789120727259542842,0.0,406,0,0.0,False,False,False,False
B0_OFF,BENIGN_DIVERSE_HIGH,3,r03-t014-cd322141,1789120727271124565,1789120727601294799,0.0,405,0,0.0,False,False,False,False
B0_OFF,BENIGN_DIVERSE_HIGH,3,r03-t015-92282fcd,1789120727614180295,1789120727951179481,0.0,406,0,0.0,False,False,False,False
B0_OFF,BENIGN_DIVERSE_HIGH,3,r03-t016-d087fa38,1789120727962723310,1789120728291355854,0.0,406,0,0.0,False,False,False,False
B0_OFF,BENIGN_DIVERSE_HIGH,3,r03-t017-617a46c1,1789120728304499485,1789120728636384910,0.0,406,0,0.0,False,False,False,False
B0_OFF,BENIGN_DIVERSE_HIGH,3,r03-t018-972a23dd,1789120728648169303,1789120728999497272,0.0,406,0,0.0,False,False,False,False
B0_OFF,BENIGN_DIVERSE_HIGH,3,r03-t019-a9f3a215,1789120729010911465,1789120729344778288,0.0,406,0,0.0,False,False,False,False
B0_OFF,BENIGN_DIVERSE_HIGH,3,r03-t020-c7271698,1789120729356100264,1789120729684432507,0.0,405,0,0.0,False,False,False,False
B0_OFF,BENIGN_DIVERSE_HIGH,3,r03-t021-24179771,1789120729697126160,1789120730044142787,0.0,406,0,0.0,False,False,False,False
B0_OFF,BENIGN_DIVERSE_HIGH,3,r03-t022-ce758a8c,1789120730055301030,1789120730411314292,0.0,406,0,0.0,False,False,False,False
B0_OFF,BENIGN_DIVERSE_HIGH,3,r03-t023-5670dafd,1789120730423076285,1789120730775638669,0.0,406,0,0.0,False,False,False,False
B0_OFF,BENIGN_DIVERSE_HIGH,3,r03-t024-814b9fc0,1789120730788115265,1789120731118965456,0.0,406,0,0.0,False,False,False,False
B0_OFF,BENIGN_DIVERSE_HIGH,3,r03-t025-416cefc1,1789120731130224295,1789120731471158064,0.0,406,0,0.0,False,False,False,False
B0_OFF,BENIGN_DIVERSE_HIGH,3,r03-t026-d8c25de1,1789120731482690108,1789120731819924497,0.0,406,0,0.0,False,False,False,False
B0_OFF,BENIGN_DIVERSE_HIGH,3,r03-t027-3b6af86d,1789120731832278057,1789120732164146224,0.0,406,0,0.0,False,False,False,False
B0_OFF,BENIGN_DIVERSE_HIGH,3,r03-t028-caf8b744,1789120732175741067,1789120732511236234,0.0,406,0,0.0,False,False,False,False
B0_OFF,BENIGN_DIVERSE_HIGH,3,r03-t029-e07b778c,1789120732523153424,1789120732879769217,0.0,406,0,0.0,False,False,False,False
B0_OFF,BENIGN_DIVERSE_HIGH,3,r03-t030-1a9eeebe,1789120732891761917,1789120733234981225,0.0,406,0,0.0,False,False,False,False
B0_OFF,BENIGN_DIVERSE_HIGH,3,r03-t031-d07206c7,1789120733246513649,1789120733598187829,0.0,406,0,0.0,False,False,False,False
B0_OFF,BENIGN_DIVERSE_HIGH,3,r03-t032-62dc835f,1789120733609756586,1789120733952653169,0.0,406,0,0.0,False,False,False,False
B0_OFF,BENIGN_DIVERSE_HIGH,3,r03-t033-ec68915e,1789120733966322669,1789120734319254261,0.0,406,0,0.0,False,False,False,False
B0_OFF,BENIGN_DIVERSE_HIGH,3,r03-t034-c15f38ba,1789120734331000792,1789120734691553313,0.0,405,0,0.0,False,False,False,False
B0_OFF,BENIGN_DIVERSE_HIGH,3,r03-t035-8babfcca,1789120734703445742,1789120735048129737,0.0,406,0,0.0,False,False,False,False
B0_OFF,BENIGN_DIVERSE_HIGH,3,r03-t036-445493f4,1789120735060700819,1789120735379110271,0.0,406,0,0.0,False,False,False,False
B0_OFF,BENIGN_DIVERSE_HIGH,3,r03-t037-24c7485c,1789120735390590330,1789120735711664394,0.0,406,0,0.0,False,False,False,False
B0_OFF,BENIGN_DIVERSE_HIGH,3,r03-t038-11f1caf1,1789120735723284945,1789120736047746574,0.0,406,0,0.0,False,False,False,False
B0_OFF,BENIGN_DIVERSE_HIGH,3,r03-t039-ab668802,1789120736059566339,1789120736394875384,0.0,406,0,0.0,False,False,False,False
B0_OFF,BENIGN_DIVERSE_HIGH,3,r03-t040-42ac5410,1789120736406712319,1789120736759321375,0.0,406,0,0.0,False,False,False,False
B0_OFF,BENIGN_DIVERSE_HIGH,3,r03-t041-27eb45e0,1789120736770262043,1789120737112235607,0.0,406,0,0.0,False,False,False,False
B0_OFF,BENIGN_DIVERSE_HIGH,3,r03-t042-377269e8,1789120737123920002,1789120737484650676,0.0,406,0,0.0,False,False,False,False
B0_OFF,BENIGN_DIVERSE_HIGH,3,r03-t043-96b35bf1,1789120737495594757,1789120737828036942,0.0,406,0,0.0,False,False,False,False
B0_OFF,BENIGN_DIVERSE_HIGH,3,r03-t044-8c473936,1789120737839140964,1789120738163819356,0.0,406,0,0.0,False,False,False,False
B0_OFF,BENIGN_DIVERSE_HIGH,3,r03-t045-f872a5d2,1789120738175447496,1789120738518827300,0.0,406,0,0.0,False,False,False,False
B0_OFF,BENIGN_DIVERSE_HIGH,3,r03-t046-4e0bc35c,1789120738530184317,1789120738871845173,0.0,406,0,0.0,False,False,False,False
B0_OFF,BENIGN_DIVERSE_HIGH,3,r03-t047-d5a00556,1789120738884608978,1789120739224430009,0.0,406,0,0.0,False,False,False,False
B0_OFF,BENIGN_DIVERSE_HIGH,3,r03-t048-9824eba8,1789120739235892796,1789120739583908661,0.0,406,0,0.0,False,False,False,False
B0_OFF,BENIGN_DIVERSE_HIGH,3,r03-t049-cd703da3,1789120739595536127,1789120739947507877,0.0,406,0,0.0,False,False,False,False
B0_OFF,BENIGN_DIVERSE_MODERATE,3,r03-t000-07331687,1789120753461166385,1789120753847792834,0.0,15,0,0.0,False,False,False,False
B0_OFF,BENIGN_DIVERSE_MODERATE,3,r03-t001-e0da6d9c,1789120753857639401,1789120754187332480,0.0,20,0,0.0,False,False,False,False
B0_OFF,BENIGN_DIVERSE_MODERATE,3,r03-t002-9b402bca,1789120754198791088,1789120754530478661,0.0,25,0,0.0,False,False,False,False
B0_OFF,BENIGN_DIVERSE_MODERATE,3,r03-t003-cd6f42a0,1789120754541656978,1789120754905716764,0.0,27,0,0.0,False,False,False,False
B0_OFF,BENIGN_DIVERSE_MODERATE,3,r03-t004-30503f46,1789120754916218858,1789120755271351561,0.0,28,0,0.0,False,False,False,False
B0_OFF,BENIGN_DIVERSE_MODERATE,3,r03-t005-5bb27b03,1789120755281432556,1789120755634697331,0.0,29,0,0.0,False,False,False,False
B0_OFF,BENIGN_DIVERSE_MODERATE,3,r03-t006-d572a41d,1789120755644479617,1789120755997527884,0.0,30,0,0.0,False,False,False,False
B0_OFF,BENIGN_DIVERSE_MODERATE,3,r03-t007-df2b3cbf,1789120756007370571,1789120756344347591,0.0,30,0,0.0,False,False,False,False
B0_OFF,BENIGN_DIVERSE_MODERATE,3,r03-t008-66029a6b,1789120756354342102,1789120756714573847,0.0,30,0,0.0,False,False,False,False
B0_OFF,BENIGN_DIVERSE_MODERATE,3,r03-t009-b2b6f104,1789120756725782005,1789120757068461901,0.0,30,0,0.0,False,False,False,False
B0_OFF,BENIGN_DIVERSE_MODERATE,3,r03-t010-c1417ce7,1789120757078556108,1789120757424276296,0.0,30,0,0.0,False,False,False,False
B0_OFF,BENIGN_DIVERSE_MODERATE,3,r03-t011-01e0d130,1789120757433986812,1789120757775454578,0.0,30,0,0.0,False,False,False,False
B0_OFF,BENIGN_DIVERSE_MODERATE,3,r03-t012-4a4c39b7,1789120757786934673,1789120758103591297,0.0,30,0,0.0,False,False,False,False
B0_OFF,BENIGN_DIVERSE_MODERATE,3,r03-t013-8e0006cd,1789120758114913681,1789120758449211977,0.0,30,0,0.0,False,False,False,False
B0_OFF,BENIGN_DIVERSE_MODERATE,3,r03-t014-df2c3be5,1789120758460392506,1789120758795986867,0.0,30,0,0.0,False,False,False,False
B0_OFF,BENIGN_DIVERSE_MODERATE,3,r03-t015-331265da,1789120758806018788,1789120759133371032,0.0,30,0,0.0,False,False,False,False
B0_OFF,BENIGN_DIVERSE_MODERATE,3,r03-t016-b550bcb1,1789120759144068456,1789120759485809488,0.0,30,0,0.0,False,False,False,False
B0_OFF,BENIGN_DIVERSE_MODERATE,3,r03-t017-9bc72395,1789120759497798134,1789120759839706942,0.0,30,0,0.0,False,False,False,False
B0_OFF,BENIGN_DIVERSE_MODERATE,3,r03-t018-d6a267d9,1789120759849850808,1789120760202757556,0.0,30,0,0.0,False,False,False,False
B0_OFF,BENIGN_DIVERSE_MODERATE,3,r03-t019-66760590,1789120760213818638,1789120760566157776,0.0,30,0,0.0,False,False,False,False
B0_OFF,BENIGN_DIVERSE_MODERATE,3,r03-t020-54f2ce1c,1789120760576481857,1789120760902653781,0.0,30,0,0.0,False,False,False,False
B0_OFF,BENIGN_DIVERSE_MODERATE,3,r03-t021-f47d8c6b,1789120760914390335,1789120761260930035,0.0,30,0,0.0,False,False,False,False
B0_OFF,BENIGN_DIVERSE_MODERATE,3,r03-t022-fa35c96d,1789120761272904343,1789120761611640594,0.0,30,0,0.0,False,False,False,False
B0_OFF,BENIGN_DIVERSE_MODERATE,3,r03-t023-b254c3d5,1789120761622176412,1789120761936368519,0.0,30,0,0.0,False,False,False,False
B0_OFF,BENIGN_DIVERSE_MODERATE,3,r03-t024-3779b240,1789120761946162402,1789120762275440228,0.0,30,0,0.0,False,False,False,False
B0_OFF,BENIGN_DIVERSE_MODERATE,3,r03-t025-bf5d1aa9,1789120762285713796,1789120762629189655,0.0,30,0,0.0,False,False,False,False
B0_OFF,BENIGN_DIVERSE_MODERATE,3,r03-t026-734d2abc,1789120762639250821,1789120762967722713,0.0,30,0,0.0,False,False,False,False
B0_OFF,BENIGN_DIVERSE_MODERATE,3,r03-t027-1dd17a42,1789120762977568056,1789120763343189911,0.0,30,0,0.0,False,False,False,False
B0_OFF,BENIGN_DIVERSE_MODERATE,3,r03-t028-8a12b07c,1789120763354440704,1789120763672197417,0.0,30,0,0.0,False,False,False,False
B0_OFF,BENIGN_DIVERSE_MODERATE,3,r03-t029-9556dd1a,1789120763683200102,1789120764020713753,0.0,30,0,0.0,False,False,False,False
B0_OFF,BENIGN_DIVERSE_MODERATE,3,r03-t030-ac99f539,1789120764031062165,1789120764383569247,0.0,30,0,0.0,False,False,False,False
B0_OFF,BENIGN_DIVERSE_MODERATE,3,r03-t031-101c0f7f,1789120764393544943,1789120764758172492,0.0,30,0,0.0,False,False,False,False
B0_OFF,BENIGN_DIVERSE_MODERATE,3,r03-t032-aee80d11,1789120764770073515,1789120765089196972,0.0,30,0,0.0,False,False,False,False
B0_OFF,BENIGN_DIVERSE_MODERATE,3,r03-t033-2a5d11d1,1789120765099112527,1789120765450958069,0.0,30,0,0.0,False,False,False,False
B0_OFF,BENIGN_DIVERSE_MODERATE,3,r03-t034-c86bf82b,1789120765463582280,1789120765796059733,0.0,30,0,0.0,False,False,False,False
B0_OFF,BENIGN_DIVERSE_MODERATE,3,r03-t035-3273263e,1789120765805915337,1789120766137061227,0.0,30,0,0.0,False,False,False,False
B0_OFF,BENIGN_DIVERSE_MODERATE,3,r03-t036-cdb5c289,1789120766146697291,1789120766499765334,0.0,30,0,0.0,False,False,False,False
B0_OFF,BENIGN_DIVERSE_MODERATE,3,r03-t037-05feed33,1789120766509902974,1789120766851782719,0.0,30,0,0.0,False,False,False,False
B0_OFF,BENIGN_DIVERSE_MODERATE,3,r03-t038-4f65b252,1789120766861784241,1789120767191758156,0.0,30,0,0.0,False,False,False,False
B0_OFF,BENIGN_DIVERSE_MODERATE,3,r03-t039-c87e2092,1789120767201560784,1789120767530540409,0.0,30,0,0.0,False,False,False,False
B0_OFF,BENIGN_DIVERSE_MODERATE,3,r03-t040-1ec83f18,1789120767543112304,1789120767851798081,0.0,30,0,0.0,False,False,False,False
B0_OFF,BENIGN_DIVERSE_MODERATE,3,r03-t041-1404eaf7,1789120767862029418,1789120768200900750,0.0,30,0,0.0,False,False,False,False
B0_OFF,BENIGN_DIVERSE_MODERATE,3,r03-t042-96eaf864,1789120768212216492,1789120768554964308,0.0,30,0,0.0,False,False,False,False
B0_OFF,BENIGN_DIVERSE_MODERATE,3,r03-t043-b04c12db,1789120768566561519,1789120768910727714,0.0,30,0,0.0,False,False,False,False
B0_OFF,BENIGN_DIVERSE_MODERATE,3,r03-t044-c357b896,1789120768922846109,1789120769253092068,0.0,30,0,0.0,False,False,False,False
B0_OFF,BENIGN_DIVERSE_MODERATE,3,r03-t045-47898d0c,1789120769263108202,1789120769603327405,0.0,30,0,0.0,False,False,False,False
B0_OFF,BENIGN_DIVERSE_MODERATE,3,r03-t046-4de6822e,1789120769613415178,1789120769966750269,0.0,30,0,0.0,False,False,False,False
B0_OFF,BENIGN_DIVERSE_MODERATE,3,r03-t047-a95805f7,1789120769977528522,1789120770307830661,0.0,30,0,0.0,False,False,False,False
B0_OFF,BENIGN_DIVERSE_MODERATE,3,r03-t048-5aebda8d,1789120770318070200,1789120770667262891,0.0,30,0,0.0,False,False,False,False
B0_OFF,BENIGN_DIVERSE_MODERATE,3,r03-t049-08945d81,1789120770678013617,1789120771012214486,0.0,30,0,0.0,False,False,False,False
RFC_DROP_NATIVE,ATTACK_DIVERSE_HIGH,3,r03-t000-667f0984,1789120784675947094,1789120786687661923,0.0,197,0,0.0,False,False,False,False
RFC_DROP_NATIVE,ATTACK_DIVERSE_HIGH,3,r03-t001-a047eb49,1789120784683233912,1789120786693813821,0.0,199,0,0.0,False,False,False,False
RFC_DROP_NATIVE,ATTACK_DIVERSE_HIGH,3,r03-t002-da8532bb,1789120784692459479,1789120786702177701,0.0,201,0,0.0,False,False,False,False
RFC_DROP_NATIVE,ATTACK_DIVERSE_HIGH,3,r03-t003-1ea6d0ae,1789120784702266852,1789120786713698284,0.0,203,0,0.0,False,False,False,False
RFC_DROP_NATIVE,ATTACK_DIVERSE_HIGH,3,r03-t004-d7a56a1d,1789120784712630379,1789120786722051048,0.0,204,0,0.0,False,False,False,False
RFC_DROP_NATIVE,ATTACK_DIVERSE_HIGH,3,r03-t005-6a2ca0d5,1789120784722496084,1789120786744244966,0.0,204,0,0.0,False,False,False,False
RFC_DROP_NATIVE,ATTACK_DIVERSE_HIGH,3,r03-t006-76131d95,1789120784732970766,1789120786754445941,0.0,204,0,0.0,False,False,False,False
RFC_DROP_NATIVE,ATTACK_DIVERSE_HIGH,3,r03-t007-1cbabdc5,1789120784742754293,1789120786754094901,0.0,204,0,0.0,False,False,False,False
RFC_DROP_NATIVE,ATTACK_DIVERSE_HIGH,3,r03-t008-5ef748ce,1789120784752759844,1789120786774098973,0.0,204,0,0.0,False,False,False,False
RFC_DROP_NATIVE,ATTACK_DIVERSE_HIGH,3,r03-t009-0ba30ddd,1789120784762497484,1789120786773040817,0.0,204,0,0.0,False,False,False,False
RFC_DROP_NATIVE,ATTACK_DIVERSE_HIGH,3,r03-t010-613878bf,1789120784772599559,1789120786784288262,0.0,204,0,0.0,False,False,False,False
RFC_DROP_NATIVE,ATTACK_DIVERSE_HIGH,3,r03-t011-b062ffc4,1789120784782945795,1789120786791936571,0.0,204,0,0.0,False,False,False,False
RFC_DROP_NATIVE,ATTACK_DIVERSE_HIGH,3,r03-t012-ad583d3d,1789120784792978518,1789120786804602238,0.0,204,0,0.0,False,False,False,False
RFC_DROP_NATIVE,ATTACK_DIVERSE_HIGH,3,r03-t013-5df95a3e,1789120784802502684,1789120786813646444,0.0,204,0,0.0,False,False,False,False
RFC_DROP_NATIVE,ATTACK_DIVERSE_HIGH,3,r03-t014-cd322141,1789120784812588418,1789120786824459719,0.0,204,0,0.0,False,False,False,False
RFC_DROP_NATIVE,ATTACK_DIVERSE_HIGH,3,r03-t015-92282fcd,1789120784822550078,1789120786844081685,0.0,204,0,0.0,False,False,False,False
RFC_DROP_NATIVE,ATTACK_DIVERSE_HIGH,3,r03-t016-d087fa38,1789120784832680275,1789120786844263238,0.0,204,0,0.0,False,False,False,False
RFC_DROP_NATIVE,ATTACK_DIVERSE_HIGH,3,r03-t017-617a46c1,1789120784842371742,1789120786854248174,0.0,205,0,0.0,False,False,False,False
RFC_DROP_NATIVE,ATTACK_DIVERSE_HIGH,3,r03-t018-972a23dd,1789120784852561412,1789120786861922038,0.0,205,0,0.0,False,False,False,False
RFC_DROP_NATIVE,ATTACK_DIVERSE_HIGH,3,r03-t019-a9f3a215,1789120784862280051,1789120786871567429,0.0,205,0,0.0,False,False,False,False
RFC_DROP_NATIVE,ATTACK_DIVERSE_HIGH,3,r03-t020-c7271698,1789120784872519312,1789120786883846430,0.0,205,0,0.0,False,False,False,False
RFC_DROP_NATIVE,ATTACK_DIVERSE_HIGH,3,r03-t021-24179771,1789120784882406963,1789120786893941380,0.0,205,0,0.0,False,False,False,False
RFC_DROP_NATIVE,ATTACK_DIVERSE_HIGH,3,r03-t022-ce758a8c,1789120784892602428,1789120786903821241,0.0,205,0,0.0,False,False,False,False
RFC_DROP_NATIVE,ATTACK_DIVERSE_HIGH,3,r03-t023-5670dafd,1789120784902610735,1789120786913710982,0.0,205,0,0.0,False,False,False,False
RFC_DROP_NATIVE,ATTACK_DIVERSE_HIGH,3,r03-t024-814b9fc0,1789120784912967706,1789120786924614893,0.0,205,0,0.0,False,False,False,False
RFC_DROP_NATIVE,ATTACK_DIVERSE_HIGH,3,r03-t025-416cefc1,1789120784922877588,1789120786933747831,0.0,205,0,0.0,False,False,False,False
RFC_DROP_NATIVE,ATTACK_DIVERSE_HIGH,3,r03-t026-d8c25de1,1789120784932935107,1789120786945352777,0.0,205,0,0.0,False,False,False,False
RFC_DROP_NATIVE,ATTACK_DIVERSE_HIGH,3,r03-t027-3b6af86d,1789120784942553612,1789120786953702121,0.0,205,0,0.0,False,False,False,False
RFC_DROP_NATIVE,ATTACK_DIVERSE_HIGH,3,r03-t028-caf8b744,1789120784952584909,1789120786981978869,0.0,205,0,0.0,False,False,False,False
RFC_DROP_NATIVE,ATTACK_DIVERSE_HIGH,3,r03-t029-e07b778c,1789120784970285226,1789120786984821393,0.0,207,0,0.0,False,False,False,False
RFC_DROP_NATIVE,ATTACK_DIVERSE_HIGH,3,r03-t030-1a9eeebe,1789120784973018875,1789120786985046743,0.0,208,0,0.0,False,False,False,False
RFC_DROP_NATIVE,ATTACK_DIVERSE_HIGH,3,r03-t031-d07206c7,1789120784983241036,1789120786996246782,0.0,210,0,0.0,False,False,False,False
RFC_DROP_NATIVE,ATTACK_DIVERSE_HIGH,3,r03-t032-62dc835f,1789120784993462817,1789120787005646587,0.0,212,0,0.0,False,False,False,False
RFC_DROP_NATIVE,ATTACK_DIVERSE_HIGH,3,r03-t033-ec68915e,1789120785002673564,1789120787017031028,0.0,214,0,0.0,False,False,False,False
RFC_DROP_NATIVE,ATTACK_DIVERSE_HIGH,3,r03-t034-c15f38ba,1789120785012870358,1789120787025040448,0.0,216,0,0.0,False,False,False,False
RFC_DROP_NATIVE,ATTACK_DIVERSE_HIGH,3,r03-t035-8babfcca,1789120785023119690,1789120787035716823,0.0,218,0,0.0,False,False,False,False
RFC_DROP_NATIVE,ATTACK_DIVERSE_HIGH,3,r03-t036-445493f4,1789120785032973805,1789120787041851051,0.0,220,0,0.0,False,False,False,False
RFC_DROP_NATIVE,ATTACK_DIVERSE_HIGH,3,r03-t037-24c7485c,1789120785042844641,1789120787055751202,0.0,222,0,0.0,False,False,False,False
RFC_DROP_NATIVE,ATTACK_DIVERSE_HIGH,3,r03-t038-11f1caf1,1789120785053694114,1789120787074383415,0.0,224,0,0.0,False,False,False,False
RFC_DROP_NATIVE,ATTACK_DIVERSE_HIGH,3,r03-t039-ab668802,1789120785063296658,1789120787084425638,0.0,226,0,0.0,False,False,False,False
RFC_DROP_NATIVE,ATTACK_DIVERSE_HIGH,3,r03-t040-42ac5410,1789120785072784818,1789120787085021790,0.0,228,0,0.0,False,False,False,False
RFC_DROP_NATIVE,ATTACK_DIVERSE_HIGH,3,r03-t041-27eb45e0,1789120785082725955,1789120787094107225,0.0,230,0,0.0,False,False,False,False
RFC_DROP_NATIVE,ATTACK_DIVERSE_HIGH,3,r03-t042-377269e8,1789120785092872588,1789120787105746277,0.0,232,0,0.0,False,False,False,False
RFC_DROP_NATIVE,ATTACK_DIVERSE_HIGH,3,r03-t043-96b35bf1,1789120785102914716,1789120787114249148,0.0,234,0,0.0,False,False,False,False
RFC_DROP_NATIVE,ATTACK_DIVERSE_HIGH,3,r03-t044-8c473936,1789120785112700427,1789120787125324541,0.0,236,0,0.0,False,False,False,False
RFC_DROP_NATIVE,ATTACK_DIVERSE_HIGH,3,r03-t045-f872a5d2,1789120785122915273,1789120787133811452,0.0,238,0,0.0,False,False,False,False
RFC_DROP_NATIVE,ATTACK_DIVERSE_HIGH,3,r03-t046-4e0bc35c,1789120785132763212,1789120787144566966,0.0,240,0,0.0,False,False,False,False
RFC_DROP_NATIVE,ATTACK_DIVERSE_HIGH,3,r03-t047-d5a00556,1789120785142740263,1789120787154170649,0.0,242,0,0.0,False,False,False,False
RFC_DROP_NATIVE,ATTACK_DIVERSE_HIGH,3,r03-t048-9824eba8,1789120785152684916,1789120787164541682,0.0,245,0,0.0,False,False,False,False
RFC_DROP_NATIVE,ATTACK_DIVERSE_HIGH,3,r03-t049-cd703da3,1789120785162950969,1789120787173038947,0.0,247,0,0.0,False,False,False,False
RFC_DROP_NATIVE,ATTACK_DIVERSE_MODERATE,3,r03-t000-07331687,1789120818681305464,1789120820704378901,0.0,24,0,0.0,False,False,False,False
RFC_DROP_NATIVE,ATTACK_DIVERSE_MODERATE,3,r03-t001-e0da6d9c,1789120818686816026,1789120820709468431,0.0,24,0,0.0,False,False,False,False
RFC_DROP_NATIVE,ATTACK_DIVERSE_MODERATE,3,r03-t002-9b402bca,1789120818696043584,1789120820717707342,0.0,24,0,0.0,False,False,False,False
RFC_DROP_NATIVE,ATTACK_DIVERSE_MODERATE,3,r03-t003-cd6f42a0,1789120818705729697,1789120820715530173,0.0,24,0,0.0,False,False,False,False
RFC_DROP_NATIVE,ATTACK_DIVERSE_MODERATE,3,r03-t004-30503f46,1789120818715810434,1789120820736121323,0.0,24,0,0.0,False,False,False,False
RFC_DROP_NATIVE,ATTACK_DIVERSE_MODERATE,3,r03-t005-5bb27b03,1789120818725622136,1789120820735794434,0.0,24,0,0.0,False,False,False,False
RFC_DROP_NATIVE,ATTACK_DIVERSE_MODERATE,3,r03-t006-d572a41d,1789120818735856389,1789120820746515553,0.0,24,0,0.0,False,False,False,False
RFC_DROP_NATIVE,ATTACK_DIVERSE_MODERATE,3,r03-t007-df2b3cbf,1789120818746157617,1789120820755676897,0.0,24,0,0.0,False,False,False,False
RFC_DROP_NATIVE,ATTACK_DIVERSE_MODERATE,3,r03-t008-66029a6b,1789120818756540447,1789120820767404238,0.0,24,0,0.0,False,False,False,False
RFC_DROP_NATIVE,ATTACK_DIVERSE_MODERATE,3,r03-t009-b2b6f104,1789120818766619189,1789120820777876747,0.0,24,0,0.0,False,False,False,False
RFC_DROP_NATIVE,ATTACK_DIVERSE_MODERATE,3,r03-t010-c1417ce7,1789120818775848457,1789120820786816840,0.0,24,0,0.0,False,False,False,False
RFC_DROP_NATIVE,ATTACK_DIVERSE_MODERATE,3,r03-t011-01e0d130,1789120818786016971,1789120820807661920,0.0,24,0,0.0,False,False,False,False
RFC_DROP_NATIVE,ATTACK_DIVERSE_MODERATE,3,r03-t012-4a4c39b7,1789120818796444071,1789120820807402290,0.0,24,0,0.0,False,False,False,False
RFC_DROP_NATIVE,ATTACK_DIVERSE_MODERATE,3,r03-t013-8e0006cd,1789120818805995858,1789120820816026324,0.0,24,0,0.0,False,False,False,False
RFC_DROP_NATIVE,ATTACK_DIVERSE_MODERATE,3,r03-t014-df2c3be5,1789120818815649672,1789120820826432429,0.0,24,0,0.0,False,False,False,False
RFC_DROP_NATIVE,ATTACK_DIVERSE_MODERATE,3,r03-t015-331265da,1789120818826214425,1789120820835466570,0.0,24,0,0.0,False,False,False,False
RFC_DROP_NATIVE,ATTACK_DIVERSE_MODERATE,3,r03-t016-b550bcb1,1789120818836513372,1789120820847366333,0.0,24,0,0.0,False,False,False,False
RFC_DROP_NATIVE,ATTACK_DIVERSE_MODERATE,3,r03-t017-9bc72395,1789120818845638332,1789120820866417277,0.0,25,0,0.0,False,False,False,False
RFC_DROP_NATIVE,ATTACK_DIVERSE_MODERATE,3,r03-t018-d6a267d9,1789120818856083671,1789120820866664367,0.0,25,0,0.0,False,False,False,False
RFC_DROP_NATIVE,ATTACK_DIVERSE_MODERATE,3,r03-t019-66760590,1789120818865833909,1789120820875814026,0.0,25,0,0.0,False,False,False,False
RFC_DROP_NATIVE,ATTACK_DIVERSE_MODERATE,3,r03-t020-54f2ce1c,1789120818875665275,1789120820886660163,0.0,25,0,0.0,False,False,False,False
RFC_DROP_NATIVE,ATTACK_DIVERSE_MODERATE,3,r03-t021-f47d8c6b,1789120818886055611,1789120820895652790,0.0,25,0,0.0,False,False,False,False
RFC_DROP_NATIVE,ATTACK_DIVERSE_MODERATE,3,r03-t022-fa35c96d,1789120818895675796,1789120820906235022,0.0,25,0,0.0,False,False,False,False
RFC_DROP_NATIVE,ATTACK_DIVERSE_MODERATE,3,r03-t023-b254c3d5,1789120818905498803,1789120820915289398,0.0,25,0,0.0,False,False,False,False
RFC_DROP_NATIVE,ATTACK_DIVERSE_MODERATE,3,r03-t024-3779b240,1789120818915549330,1789120820926491114,0.0,25,0,0.0,False,False,False,False
RFC_DROP_NATIVE,ATTACK_DIVERSE_MODERATE,3,r03-t025-bf5d1aa9,1789120818925823198,1789120820935473861,0.0,25,0,0.0,False,False,False,False
RFC_DROP_NATIVE,ATTACK_DIVERSE_MODERATE,3,r03-t026-734d2abc,1789120818935660644,1789120820945731959,0.0,25,0,0.0,False,False,False,False
RFC_DROP_NATIVE,ATTACK_DIVERSE_MODERATE,3,r03-t027-1dd17a42,1789120818945543024,1789120820955687773,0.0,25,0,0.0,False,False,False,False
RFC_DROP_NATIVE,ATTACK_DIVERSE_MODERATE,3,r03-t028-8a12b07c,1789120818955439844,1789120821011866777,0.0,25,0,0.0,False,False,False,False
RFC_DROP_NATIVE,ATTACK_DIVERSE_MODERATE,3,r03-t029-9556dd1a,1789120818992126353,1789120821013520506,0.0,25,0,0.0,False,False,False,False
RFC_DROP_NATIVE,ATTACK_DIVERSE_MODERATE,3,r03-t030-ac99f539,1789120818994213464,1789120821017279016,0.0,25,0,0.0,False,False,False,False
RFC_DROP_NATIVE,ATTACK_DIVERSE_MODERATE,3,r03-t031-101c0f7f,1789120818995692681,1789120821017785547,0.0,25,0,0.0,False,False,False,False
RFC_DROP_NATIVE,ATTACK_DIVERSE_MODERATE,3,r03-t032-aee80d11,1789120818997631595,1789120821021218688,0.0,25,0,0.0,False,False,False,False
RFC_DROP_NATIVE,ATTACK_DIVERSE_MODERATE,3,r03-t033-2a5d11d1,1789120819006307118,1789120821016984522,0.0,25,0,0.0,False,False,False,False
RFC_DROP_NATIVE,ATTACK_DIVERSE_MODERATE,3,r03-t034-c86bf82b,1789120819015700827,1789120821025916065,0.0,25,0,0.0,False,False,False,False
RFC_DROP_NATIVE,ATTACK_DIVERSE_MODERATE,3,r03-t035-3273263e,1789120819025752304,1789120821046470355,0.0,25,0,0.0,False,False,False,False
RFC_DROP_NATIVE,ATTACK_DIVERSE_MODERATE,3,r03-t036-cdb5c289,1789120819036187289,1789120821046985816,0.0,25,0,0.0,False,False,False,False
RFC_DROP_NATIVE,ATTACK_DIVERSE_MODERATE,3,r03-t037-05feed33,1789120819045646927,1789120821055499842,0.0,25,0,0.0,False,False,False,False
RFC_DROP_NATIVE,ATTACK_DIVERSE_MODERATE,3,r03-t038-4f65b252,1789120819055545457,1789120821067035666,0.0,25,0,0.0,False,False,False,False
RFC_DROP_NATIVE,ATTACK_DIVERSE_MODERATE,3,r03-t039-c87e2092,1789120819065540030,1789120821075907360,0.0,25,0,0.0,False,False,False,False
RFC_DROP_NATIVE,ATTACK_DIVERSE_MODERATE,3,r03-t040-1ec83f18,1789120819075811998,1789120821086569676,0.0,25,0,0.0,False,False,False,False
RFC_DROP_NATIVE,ATTACK_DIVERSE_MODERATE,3,r03-t041-1404eaf7,1789120819085604225,1789120821095611037,0.0,25,0,0.0,False,False,False,False
RFC_DROP_NATIVE,ATTACK_DIVERSE_MODERATE,3,r03-t042-96eaf864,1789120819096024676,1789120821107454750,0.0,25,0,0.0,False,False,False,False
RFC_DROP_NATIVE,ATTACK_DIVERSE_MODERATE,3,r03-t043-b04c12db,1789120819105732164,1789120821115516965,0.0,25,0,0.0,False,False,False,False
RFC_DROP_NATIVE,ATTACK_DIVERSE_MODERATE,3,r03-t044-c357b896,1789120819115868095,1789120821126806173,0.0,25,0,0.0,False,False,False,False
RFC_DROP_NATIVE,ATTACK_DIVERSE_MODERATE,3,r03-t045-47898d0c,1789120819126002885,1789120821135549240,0.0,25,0,0.0,False,False,False,False
RFC_DROP_NATIVE,ATTACK_DIVERSE_MODERATE,3,r03-t046-4de6822e,1789120819135821047,1789120821147491372,0.0,26,0,0.0,False,False,False,False
RFC_DROP_NATIVE,ATTACK_DIVERSE_MODERATE,3,r03-t047-a95805f7,1789120819145724706,1789120821155638419,0.0,26,0,0.0,False,False,False,False
RFC_DROP_NATIVE,ATTACK_DIVERSE_MODERATE,3,r03-t048-5aebda8d,1789120819156100317,1789120821167409269,0.0,26,0,0.0,False,False,False,False
RFC_DROP_NATIVE,ATTACK_DIVERSE_MODERATE,3,r03-t049-08945d81,1789120819165450233,1789120821176046603,0.0,26,0,0.0,False,False,False,False
RFC_DROP_NATIVE,BENIGN_DIVERSE_HIGH,3,r03-t000-667f0984,1789120853700264485,1789120855712274703,0.0,400,0,0.0,False,False,False,False
RFC_DROP_NATIVE,BENIGN_DIVERSE_HIGH,3,r03-t001-a047eb49,1789120853707583280,1789120855719991009,0.0,400,0,0.0,False,False,False,False
RFC_DROP_NATIVE,BENIGN_DIVERSE_HIGH,3,r03-t002-da8532bb,1789120853717264746,1789120855727873759,0.0,400,0,0.0,False,False,False,False
RFC_DROP_NATIVE,BENIGN_DIVERSE_HIGH,3,r03-t003-1ea6d0ae,1789120853727161145,1789120855746170365,0.0,400,0,0.0,False,False,False,False
RFC_DROP_NATIVE,BENIGN_DIVERSE_HIGH,3,r03-t004-d7a56a1d,1789120853736969105,1789120855748499634,0.0,400,0,0.0,False,False,False,False
RFC_DROP_NATIVE,BENIGN_DIVERSE_HIGH,3,r03-t005-6a2ca0d5,1789120853747450053,1789120855756043992,0.0,400,0,0.0,False,False,False,False
RFC_DROP_NATIVE,BENIGN_DIVERSE_HIGH,3,r03-t006-76131d95,1789120853757308022,1789120855768084238,0.0,400,0,0.0,False,False,False,False
RFC_DROP_NATIVE,BENIGN_DIVERSE_HIGH,3,r03-t007-1cbabdc5,1789120853767258133,1789120855778096979,0.0,400,0,0.0,False,False,False,False
RFC_DROP_NATIVE,BENIGN_DIVERSE_HIGH,3,r03-t008-5ef748ce,1789120853777296875,1789120855788090172,0.0,400,0,0.0,False,False,False,False
RFC_DROP_NATIVE,BENIGN_DIVERSE_HIGH,3,r03-t009-0ba30ddd,1789120853787183880,1789120855808437912,0.0,400,0,0.0,False,False,False,False
RFC_DROP_NATIVE,BENIGN_DIVERSE_HIGH,3,r03-t010-613878bf,1789120853797120991,1789120855818339628,0.0,400,0,0.0,False,False,False,False
RFC_DROP_NATIVE,BENIGN_DIVERSE_HIGH,3,r03-t011-b062ffc4,1789120853806923352,1789120855816234784,0.0,400,0,0.0,False,False,False,False
RFC_DROP_NATIVE,BENIGN_DIVERSE_HIGH,3,r03-t012-ad583d3d,1789120853816702273,1789120855837075025,0.0,400,0,0.0,False,False,False,False
RFC_DROP_NATIVE,BENIGN_DIVERSE_HIGH,3,r03-t013-5df95a3e,1789120853826765117,1789120855836061367,0.0,400,0,0.0,False,False,False,False
RFC_DROP_NATIVE,BENIGN_DIVERSE_HIGH,3,r03-t014-cd322141,1789120853836766945,1789120855847354892,0.0,400,0,0.0,False,False,False,False
RFC_DROP_NATIVE,BENIGN_DIVERSE_HIGH,3,r03-t015-92282fcd,1789120853846705385,1789120855858512340,0.0,400,0,0.0,False,False,False,False
RFC_DROP_NATIVE,BENIGN_DIVERSE_HIGH,3,r03-t016-d087fa38,1789120853857279803,1789120855868225690,0.0,400,0,0.0,False,False,False,False
RFC_DROP_NATIVE,BENIGN_DIVERSE_HIGH,3,r03-t017-617a46c1,1789120853866887251,1789120855878575969,0.0,400,0,0.0,False,False,False,False
RFC_DROP_NATIVE,BENIGN_DIVERSE_HIGH,3,r03-t018-972a23dd,1789120853877102306,1789120855888164154,0.0,400,0,0.0,False,False,False,False
RFC_DROP_NATIVE,BENIGN_DIVERSE_HIGH,3,r03-t019-a9f3a215,1789120853887503732,1789120855899390683,0.0,400,0,0.0,False,False,False,False
RFC_DROP_NATIVE,BENIGN_DIVERSE_HIGH,3,r03-t020-c7271698,1789120853896939802,1789120855908028504,0.0,400,0,0.0,False,False,False,False
RFC_DROP_NATIVE,BENIGN_DIVERSE_HIGH,3,r03-t021-24179771,1789120853907340849,1789120855929118032,0.0,400,0,0.0,False,False,False,False
RFC_DROP_NATIVE,BENIGN_DIVERSE_HIGH,3,r03-t022-ce758a8c,1789120853917851309,1789120855938361372,0.0,400,0,0.0,False,False,False,False
RFC_DROP_NATIVE,BENIGN_DIVERSE_HIGH,3,r03-t023-5670dafd,1789120853927421274,1789120855940070982,0.0,400,0,0.0,False,False,False,False
RFC_DROP_NATIVE,BENIGN_DIVERSE_HIGH,3,r03-t024-814b9fc0,1789120853937448154,1789120855958091164,0.0,400,0,0.0,False,False,False,False
RFC_DROP_NATIVE,BENIGN_DIVERSE_HIGH,3,r03-t025-416cefc1,1789120853947626674,1789120855959509735,0.0,400,0,0.0,False,False,False,False
RFC_DROP_NATIVE,BENIGN_DIVERSE_HIGH,3,r03-t026-d8c25de1,1789120853957573275,1789120855971759508,0.0,400,0,0.0,False,False,False,False
RFC_DROP_NATIVE,BENIGN_DIVERSE_HIGH,3,r03-t027-3b6af86d,1789120853967339481,1789120855980114260,0.0,400,0,0.0,False,False,False,False
RFC_DROP_NATIVE,BENIGN_DIVERSE_HIGH,3,r03-t028-caf8b744,1789120853977282094,1789120856027236723,0.0,400,0,0.0,False,False,False,False
RFC_DROP_NATIVE,BENIGN_DIVERSE_HIGH,3,r03-t029-e07b778c,1789120854016535285,1789120856038486029,0.0,400,0,0.0,False,False,False,False
RFC_DROP_NATIVE,BENIGN_DIVERSE_HIGH,3,r03-t030-1a9eeebe,1789120854018250113,1789120856029044739,0.0,400,0,0.0,False,False,False,False
RFC_DROP_NATIVE,BENIGN_DIVERSE_HIGH,3,r03-t031-d07206c7,1789120854019903546,1789120856032126612,0.0,400,0,0.0,False,False,False,False
RFC_DROP_NATIVE,BENIGN_DIVERSE_HIGH,3,r03-t032-62dc835f,1789120854021951644,1789120856035501137,0.0,400,0,0.0,False,False,False,False
RFC_DROP_NATIVE,BENIGN_DIVERSE_HIGH,3,r03-t033-ec68915e,1789120854027476943,1789120856039860948,0.0,400,0,0.0,False,False,False,False
RFC_DROP_NATIVE,BENIGN_DIVERSE_HIGH,3,r03-t034-c15f38ba,1789120854037247608,1789120856047939748,0.0,400,0,0.0,False,False,False,False
RFC_DROP_NATIVE,BENIGN_DIVERSE_HIGH,3,r03-t035-8babfcca,1789120854047045983,1789120856058668749,0.0,400,0,0.0,False,False,False,False
RFC_DROP_NATIVE,BENIGN_DIVERSE_HIGH,3,r03-t036-445493f4,1789120854056785524,1789120856068422619,0.0,400,0,0.0,False,False,False,False
RFC_DROP_NATIVE,BENIGN_DIVERSE_HIGH,3,r03-t037-24c7485c,1789120854066930832,1789120856078681230,0.0,400,0,0.0,False,False,False,False
RFC_DROP_NATIVE,BENIGN_DIVERSE_HIGH,3,r03-t038-11f1caf1,1789120854076719717,1789120856088152411,0.0,400,0,0.0,False,False,False,False
RFC_DROP_NATIVE,BENIGN_DIVERSE_HIGH,3,r03-t039-ab668802,1789120854086911524,1789120856098854652,0.0,401,0,0.0,False,False,False,False
RFC_DROP_NATIVE,BENIGN_DIVERSE_HIGH,3,r03-t040-42ac5410,1789120854096978449,1789120856108350789,0.0,401,0,0.0,False,False,False,False
RFC_DROP_NATIVE,BENIGN_DIVERSE_HIGH,3,r03-t041-27eb45e0,1789120854107136852,1789120856118815605,0.0,401,0,0.0,False,False,False,False
RFC_DROP_NATIVE,BENIGN_DIVERSE_HIGH,3,r03-t042-377269e8,1789120854116603098,1789120856128856529,0.0,401,0,0.0,False,False,False,False
RFC_DROP_NATIVE,BENIGN_DIVERSE_HIGH,3,r03-t043-96b35bf1,1789120854126874615,1789120856138325148,0.0,401,0,0.0,False,False,False,False
RFC_DROP_NATIVE,BENIGN_DIVERSE_HIGH,3,r03-t044-8c473936,1789120854136863821,1789120856148291675,0.0,401,0,0.0,False,False,False,False
RFC_DROP_NATIVE,BENIGN_DIVERSE_HIGH,3,r03-t045-f872a5d2,1789120854147018998,1789120856158805455,0.0,401,0,0.0,False,False,False,False
RFC_DROP_NATIVE,BENIGN_DIVERSE_HIGH,3,r03-t046-4e0bc35c,1789120854156731589,1789120856168101557,0.0,401,0,0.0,False,False,False,False
RFC_DROP_NATIVE,BENIGN_DIVERSE_HIGH,3,r03-t047-d5a00556,1789120854166798800,1789120856178241836,0.0,401,0,0.0,False,False,False,False
RFC_DROP_NATIVE,BENIGN_DIVERSE_HIGH,3,r03-t048-9824eba8,1789120854176825869,1789120856198411651,0.0,401,0,0.0,False,False,False,False
RFC_DROP_NATIVE,BENIGN_DIVERSE_HIGH,3,r03-t049-cd703da3,1789120854186752921,1789120856198749759,0.0,401,0,0.0,False,False,False,False
B1_RL2_TC,ATTACK_DIVERSE_MODERATE,3,r03-t000-07331687,1789120888624049256,1789120888861560406,0.0,24,0,0.0,False,False,False,False
B1_RL2_TC,ATTACK_DIVERSE_MODERATE,3,r03-t001-e0da6d9c,1789120888872449631,1789120889169257459,0.0,25,0,0.0,False,False,False,False
B1_RL2_TC,ATTACK_DIVERSE_MODERATE,3,r03-t002-9b402bca,1789120889179427185,1789120889460176683,0.0,26,0,0.0,False,False,False,False
B1_RL2_TC,ATTACK_DIVERSE_MODERATE,3,r03-t003-cd6f42a0,1789120889470796714,1789120889832495191,0.0,27,0,0.0,False,False,False,False
B1_RL2_TC,ATTACK_DIVERSE_MODERATE,3,r03-t004-30503f46,1789120889842456280,1789120890169416762,0.0,28,0,0.0,False,False,False,False
B1_RL2_TC,ATTACK_DIVERSE_MODERATE,3,r03-t005-5bb27b03,1789120890180878455,1789120890524690995,0.0,29,0,0.0,False,False,False,False
B1_RL2_TC,ATTACK_DIVERSE_MODERATE,3,r03-t006-d572a41d,1789120890535053219,1789120890848050291,0.0,30,0,0.0,False,False,False,False
B1_RL2_TC,ATTACK_DIVERSE_MODERATE,3,r03-t007-df2b3cbf,1789120890857990425,1789120891182874036,0.0,30,0,0.0,False,False,False,False
B1_RL2_TC,ATTACK_DIVERSE_MODERATE,3,r03-t008-66029a6b,1789120891192990818,1789120891548887247,0.0,30,0,0.0,False,False,False,False
B1_RL2_TC,ATTACK_DIVERSE_MODERATE,3,r03-t009-b2b6f104,1789120891559055338,1789120891891216503,0.0,30,0,0.0,False,False,False,False
B1_RL2_TC,ATTACK_DIVERSE_MODERATE,3,r03-t010-c1417ce7,1789120891903518936,1789120892246942343,0.0,30,0,0.0,False,False,False,False
B1_RL2_TC,ATTACK_DIVERSE_MODERATE,3,r03-t011-01e0d130,1789120892257564358,1789120892583911696,0.0,30,0,0.0,False,False,False,False
B1_RL2_TC,ATTACK_DIVERSE_MODERATE,3,r03-t012-4a4c39b7,1789120892594338131,1789120892915896309,0.0,30,0,0.0,False,False,False,False
B1_RL2_TC,ATTACK_DIVERSE_MODERATE,3,r03-t013-8e0006cd,1789120892926107189,1789120893284170621,0.0,30,0,0.0,False,False,False,False
B1_RL2_TC,ATTACK_DIVERSE_MODERATE,3,r03-t014-df2c3be5,1789120893294834573,1789120893587384866,0.0,30,0,0.0,False,False,False,False
B1_RL2_TC,ATTACK_DIVERSE_MODERATE,3,r03-t015-331265da,1789120893597633139,1789120893929458996,0.0,30,0,0.0,False,False,False,False
B1_RL2_TC,ATTACK_DIVERSE_MODERATE,3,r03-t016-b550bcb1,1789120893940327806,1789120894268115869,0.0,30,0,0.0,False,False,False,False
B1_RL2_TC,ATTACK_DIVERSE_MODERATE,3,r03-t017-9bc72395,1789120894278340191,1789120894602426050,0.0,30,0,0.0,False,False,False,False
B1_RL2_TC,ATTACK_DIVERSE_MODERATE,3,r03-t018-d6a267d9,1789120894612206862,1789120894927360969,0.0,30,0,0.0,False,False,False,False
B1_RL2_TC,ATTACK_DIVERSE_MODERATE,3,r03-t019-66760590,1789120894940845027,1789120895256380355,0.0,30,0,0.0,False,False,False,False
B1_RL2_TC,ATTACK_DIVERSE_MODERATE,3,r03-t020-54f2ce1c,1789120895266711649,1789120895605389064,0.0,30,0,0.0,False,False,False,False
B1_RL2_TC,ATTACK_DIVERSE_MODERATE,3,r03-t021-f47d8c6b,1789120895616570555,1789120895931197089,0.0,30,0,0.0,False,False,False,False
B1_RL2_TC,ATTACK_DIVERSE_MODERATE,3,r03-t022-fa35c96d,1789120895945069845,1789120896271885970,0.0,30,0,0.0,False,False,False,False
B1_RL2_TC,ATTACK_DIVERSE_MODERATE,3,r03-t023-b254c3d5,1789120896282570938,1789120896556092863,0.0,30,0,0.0,False,False,False,False
B1_RL2_TC,ATTACK_DIVERSE_MODERATE,3,r03-t024-3779b240,1789120896566397746,1789120896925247286,0.0,30,0,0.0,False,False,False,False
B1_RL2_TC,ATTACK_DIVERSE_MODERATE,3,r03-t025-bf5d1aa9,1789120896935460343,1789120897255734659,0.0,30,0,0.0,False,False,False,False
B1_RL2_TC,ATTACK_DIVERSE_MODERATE,3,r03-t026-734d2abc,1789120897265210740,1789120897642296103,0.0,30,0,0.0,False,False,False,False
B1_RL2_TC,ATTACK_DIVERSE_MODERATE,3,r03-t027-1dd17a42,1789120897652518627,1789120897964278669,0.0,30,0,0.0,False,False,False,False
B1_RL2_TC,ATTACK_DIVERSE_MODERATE,3,r03-t028-8a12b07c,1789120897974690809,1789120898266833565,0.0,30,0,0.0,False,False,False,False
B1_RL2_TC,ATTACK_DIVERSE_MODERATE,3,r03-t029-9556dd1a,1789120898276951387,1789120898587714690,0.0,30,0,0.0,False,False,False,False
B1_RL2_TC,ATTACK_DIVERSE_MODERATE,3,r03-t030-ac99f539,1789120898597659180,1789120898922990959,0.0,30,0,0.0,False,False,False,False
B1_RL2_TC,ATTACK_DIVERSE_MODERATE,3,r03-t031-101c0f7f,1789120898933132584,1789120899279733389,0.0,30,0,0.0,False,False,False,False
B1_RL2_TC,ATTACK_DIVERSE_MODERATE,3,r03-t032-aee80d11,1789120899291101497,1789120899629611013,0.0,30,0,0.0,False,False,False,False
B1_RL2_TC,ATTACK_DIVERSE_MODERATE,3,r03-t033-2a5d11d1,1789120899639708941,1789120899928957761,0.0,30,0,0.0,False,False,False,False
B1_RL2_TC,ATTACK_DIVERSE_MODERATE,3,r03-t034-c86bf82b,1789120899939150568,1789120900293887306,0.0,30,0,0.0,False,False,False,False
B1_RL2_TC,ATTACK_DIVERSE_MODERATE,3,r03-t035-3273263e,1789120900304503599,1789120900599991851,0.0,30,0,0.0,False,False,False,False
B1_RL2_TC,ATTACK_DIVERSE_MODERATE,3,r03-t036-cdb5c289,1789120900610238209,1789120900920452425,0.0,30,0,0.0,False,False,False,False
B1_RL2_TC,ATTACK_DIVERSE_MODERATE,3,r03-t037-05feed33,1789120900930514716,1789120901280168463,0.0,30,0,0.0,False,False,False,False
B1_RL2_TC,ATTACK_DIVERSE_MODERATE,3,r03-t038-4f65b252,1789120901294210478,1789120901580455927,0.0,29,0,0.0,False,False,False,False
B1_RL2_TC,ATTACK_DIVERSE_MODERATE,3,r03-t039-c87e2092,1789120901590184583,1789120901913332902,0.0,30,0,0.0,False,False,False,False
B1_RL2_TC,ATTACK_DIVERSE_MODERATE,3,r03-t040-1ec83f18,1789120901923241646,1789120902286451648,0.0,30,0,0.0,False,False,False,False
B1_RL2_TC,ATTACK_DIVERSE_MODERATE,3,r03-t041-1404eaf7,1789120902299515413,1789120902568411890,0.0,30,0,0.0,False,False,False,False
B1_RL2_TC,ATTACK_DIVERSE_MODERATE,3,r03-t042-96eaf864,1789120902578571238,1789120902912591953,0.0,30,0,0.0,False,False,False,False
B1_RL2_TC,ATTACK_DIVERSE_MODERATE,3,r03-t043-b04c12db,1789120902923266727,1789120903226727506,0.0,30,0,0.0,False,False,False,False
B1_RL2_TC,ATTACK_DIVERSE_MODERATE,3,r03-t044-c357b896,1789120903237281243,1789120903576923503,0.0,30,0,0.0,False,False,False,False
B1_RL2_TC,ATTACK_DIVERSE_MODERATE,3,r03-t045-47898d0c,1789120903587756564,1789120903920902912,0.0,30,0,0.0,False,False,False,False
B1_RL2_TC,ATTACK_DIVERSE_MODERATE,3,r03-t046-4de6822e,1789120903930943024,1789120904266821854,0.0,30,0,0.0,False,False,False,False
B1_RL2_TC,ATTACK_DIVERSE_MODERATE,3,r03-t047-a95805f7,1789120904278176596,1789120904578115167,0.0,30,0,0.0,False,False,False,False
B1_RL2_TC,ATTACK_DIVERSE_MODERATE,3,r03-t048-5aebda8d,1789120904589904962,1789120904883594338,0.0,30,0,0.0,False,False,False,False
B1_RL2_TC,ATTACK_DIVERSE_MODERATE,3,r03-t049-08945d81,1789120904893781646,1789120905188478654,0.0,30,0,0.0,False,False,False,False
B1_RL2_TC,BENIGN_DIVERSE_MODERATE,3,r03-t000-07331687,1789120917380541303,1789120918196685143,0.0,24,0,0.0,False,False,False,False
B1_RL2_TC,BENIGN_DIVERSE_MODERATE,3,r03-t001-e0da6d9c,1789120918207770137,1789120918588954596,0.0,26,0,0.0,False,False,False,False
B1_RL2_TC,BENIGN_DIVERSE_MODERATE,3,r03-t002-9b402bca,1789120918599465685,1789120918947381306,0.0,27,0,0.0,False,False,False,False
B1_RL2_TC,BENIGN_DIVERSE_MODERATE,3,r03-t003-cd6f42a0,1789120918957626517,1789120919340453520,0.0,28,0,0.0,False,False,False,False
B1_RL2_TC,BENIGN_DIVERSE_MODERATE,3,r03-t004-30503f46,1789120919351299592,1789120919703660923,0.0,29,0,0.0,False,False,False,False
B1_RL2_TC,BENIGN_DIVERSE_MODERATE,3,r03-t005-5bb27b03,1789120919714468362,1789120920089400444,0.0,30,0,0.0,False,False,False,False
B1_RL2_TC,BENIGN_DIVERSE_MODERATE,3,r03-t006-d572a41d,1789120920099637016,1789120920491080924,0.0,30,0,0.0,False,False,False,False
B1_RL2_TC,BENIGN_DIVERSE_MODERATE,3,r03-t007-df2b3cbf,1789120920502024673,1789120920899647678,0.0,30,0,0.0,False,False,False,False
B1_RL2_TC,BENIGN_DIVERSE_MODERATE,3,r03-t008-66029a6b,1789120920909547845,1789120921296814009,0.0,29,0,0.0,False,False,False,False
B1_RL2_TC,BENIGN_DIVERSE_MODERATE,3,r03-t009-b2b6f104,1789120921308804565,1789120921716570929,0.0,29,0,0.0,False,False,False,False
B1_RL2_TC,BENIGN_DIVERSE_MODERATE,3,r03-t010-c1417ce7,1789120921728117627,1789120922101083952,0.0,29,0,0.0,False,False,False,False
B1_RL2_TC,BENIGN_DIVERSE_MODERATE,3,r03-t011-01e0d130,1789120922112215172,1789120922476158797,0.0,29,0,0.0,False,False,False,False
B1_RL2_TC,BENIGN_DIVERSE_MODERATE,3,r03-t012-4a4c39b7,1789120922486988733,1789120922834558075,0.0,29,0,0.0,False,False,False,False
B1_RL2_TC,BENIGN_DIVERSE_MODERATE,3,r03-t013-8e0006cd,1789120922844963230,1789120923248291002,0.0,29,0,0.0,False,False,False,False
B1_RL2_TC,BENIGN_DIVERSE_MODERATE,3,r03-t014-df2c3be5,1789120923259110592,1789120923656643990,0.0,29,0,0.0,False,False,False,False
B1_RL2_TC,BENIGN_DIVERSE_MODERATE,3,r03-t015-331265da,1789120923667940186,1789120924048320174,0.0,29,0,0.0,False,False,False,False
B1_RL2_TC,BENIGN_DIVERSE_MODERATE,3,r03-t016-b550bcb1,1789120924058756559,1789120924417957175,0.0,29,0,0.0,False,False,False,False
B1_RL2_TC,BENIGN_DIVERSE_MODERATE,3,r03-t017-9bc72395,1789120924429086308,1789120924820611764,0.0,30,0,0.0,False,False,False,False
B1_RL2_TC,BENIGN_DIVERSE_MODERATE,3,r03-t018-d6a267d9,1789120924831295556,1789120925191515092,0.0,29,0,0.0,False,False,False,False
B1_RL2_TC,BENIGN_DIVERSE_MODERATE,3,r03-t019-66760590,1789120925201941098,1789120925566183749,0.0,29,0,0.0,False,False,False,False
B1_RL2_TC,BENIGN_DIVERSE_MODERATE,3,r03-t020-54f2ce1c,1789120925578078072,1789120925956310555,0.0,30,0,0.0,False,False,False,False
B1_RL2_TC,BENIGN_DIVERSE_MODERATE,3,r03-t021-f47d8c6b,1789120925967466542,1789120926344110641,0.0,30,0,0.0,False,False,False,False
B1_RL2_TC,BENIGN_DIVERSE_MODERATE,3,r03-t022-fa35c96d,1789120926354255511,1789120926753918220,0.0,30,0,0.0,False,False,False,False
B1_RL2_TC,BENIGN_DIVERSE_MODERATE,3,r03-t023-b254c3d5,1789120926764739922,1789120927123351997,0.0,29,0,0.0,False,False,False,False
B1_RL2_TC,BENIGN_DIVERSE_MODERATE,3,r03-t024-3779b240,1789120927134095773,1789120927511475549,0.0,30,0,0.0,False,False,False,False
B1_RL2_TC,BENIGN_DIVERSE_MODERATE,3,r03-t025-bf5d1aa9,1789120927522623849,1789120927933034510,0.0,29,0,0.0,False,False,False,False
B1_RL2_TC,BENIGN_DIVERSE_MODERATE,3,r03-t026-734d2abc,1789120927944084670,1789120928339438763,0.0,29,0,0.0,False,False,False,False
B1_RL2_TC,BENIGN_DIVERSE_MODERATE,3,r03-t027-1dd17a42,1789120928349559621,1789120928709794438,0.0,29,0,0.0,False,False,False,False
B1_RL2_TC,BENIGN_DIVERSE_MODERATE,3,r03-t028-8a12b07c,1789120928723173309,1789120929095990670,0.0,29,0,0.0,False,False,False,False
B1_RL2_TC,BENIGN_DIVERSE_MODERATE,3,r03-t029-9556dd1a,1789120929106022403,1789120929506150569,0.0,29,0,0.0,False,False,False,False
B1_RL2_TC,BENIGN_DIVERSE_MODERATE,3,r03-t030-ac99f539,1789120929516756341,1789120929891082454,0.0,29,0,0.0,False,False,False,False
B1_RL2_TC,BENIGN_DIVERSE_MODERATE,3,r03-t031-101c0f7f,1789120929901013197,1789120930283257025,0.0,29,0,0.0,False,False,False,False
B1_RL2_TC,BENIGN_DIVERSE_MODERATE,3,r03-t032-aee80d11,1789120930294458193,1789120930686902511,0.0,29,0,0.0,False,False,False,False
B1_RL2_TC,BENIGN_DIVERSE_MODERATE,3,r03-t033-2a5d11d1,1789120930697740821,1789120931101718125,0.0,29,0,0.0,False,False,False,False
B1_RL2_TC,BENIGN_DIVERSE_MODERATE,3,r03-t034-c86bf82b,1789120931111933328,1789120931502330068,0.0,29,0,0.0,False,False,False,False
B1_RL2_TC,BENIGN_DIVERSE_MODERATE,3,r03-t035-3273263e,1789120931512404608,1789120931924357905,0.0,29,0,0.0,False,False,False,False
B1_RL2_TC,BENIGN_DIVERSE_MODERATE,3,r03-t036-cdb5c289,1789120931935295400,1789120932344505970,0.0,29,0,0.0,False,False,False,False
B1_RL2_TC,BENIGN_DIVERSE_MODERATE,3,r03-t037-05feed33,1789120932354982281,1789120932730307989,0.0,29,0,0.0,False,False,False,False
B1_RL2_TC,BENIGN_DIVERSE_MODERATE,3,r03-t038-4f65b252,1789120932740748896,1789120933098996091,0.0,29,0,0.0,False,False,False,False
B1_RL2_TC,BENIGN_DIVERSE_MODERATE,3,r03-t039-c87e2092,1789120933108444502,1789120933476449995,0.0,29,0,0.0,False,False,False,False
B1_RL2_TC,BENIGN_DIVERSE_MODERATE,3,r03-t040-1ec83f18,1789120933486208200,1789120933883661995,0.0,29,0,0.0,False,False,False,False
B1_RL2_TC,BENIGN_DIVERSE_MODERATE,3,r03-t041-1404eaf7,1789120933894787979,1789120934291310876,0.0,29,0,0.0,False,False,False,False
B1_RL2_TC,BENIGN_DIVERSE_MODERATE,3,r03-t042-96eaf864,1789120934301623177,1789120934679730457,0.0,29,0,0.0,False,False,False,False
B1_RL2_TC,BENIGN_DIVERSE_MODERATE,3,r03-t043-b04c12db,1789120934688813835,1789120935087407621,0.0,29,0,0.0,False,False,False,False
B1_RL2_TC,BENIGN_DIVERSE_MODERATE,3,r03-t044-c357b896,1789120935099647304,1789120935472435137,0.0,29,0,0.0,False,False,False,False
B1_RL2_TC,BENIGN_DIVERSE_MODERATE,3,r03-t045-47898d0c,1789120935481965837,1789120935860315143,0.0,29,0,0.0,False,False,False,False
B1_RL2_TC,BENIGN_DIVERSE_MODERATE,3,r03-t046-4de6822e,1789120935870035288,1789120936248971910,0.0,29,0,0.0,False,False,False,False
B1_RL2_TC,BENIGN_DIVERSE_MODERATE,3,r03-t047-a95805f7,1789120936259352928,1789120936651224085,0.0,29,0,0.0,False,False,False,False
B1_RL2_TC,BENIGN_DIVERSE_MODERATE,3,r03-t048-5aebda8d,1789120936660448123,1789120937063889262,0.0,29,0,0.0,False,False,False,False
B1_RL2_TC,BENIGN_DIVERSE_MODERATE,3,r03-t049-08945d81,1789120937073979850,1789120937434377944,0.0,29,0,0.0,False,False,False,False
B1_RL2_TC,ATTACK_DIVERSE_HIGH,3,r03-t000-667f0984,1789120950978899248,1789120951292029980,0.0,400,0,0.0,False,False,False,False
B1_RL2_TC,ATTACK_DIVERSE_HIGH,3,r03-t001-a047eb49,1789120951303052481,1789120951530198614,0.0,401,0,0.0,False,False,False,False
B1_RL2_TC,ATTACK_DIVERSE_HIGH,3,r03-t002-da8532bb,1789120951540537165,1789120951889454518,0.0,402,0,0.0,False,False,False,False
B1_RL2_TC,ATTACK_DIVERSE_HIGH,3,r03-t003-1ea6d0ae,1789120951900484599,1789120952204159717,0.0,403,0,0.0,False,False,False,False
B1_RL2_TC,ATTACK_DIVERSE_HIGH,3,r03-t004-d7a56a1d,1789120952215289955,1789120952547063471,0.0,404,0,0.0,False,False,False,False
B1_RL2_TC,ATTACK_DIVERSE_HIGH,3,r03-t005-6a2ca0d5,1789120952558562784,1789120952883914491,0.0,405,0,0.0,False,False,False,False
B1_RL2_TC,ATTACK_DIVERSE_HIGH,3,r03-t006-76131d95,1789120952894708724,1789120953223617006,0.0,406,0,0.0,False,False,False,False
B1_RL2_TC,ATTACK_DIVERSE_HIGH,3,r03-t007-1cbabdc5,1789120953235113097,1789120953553811980,0.0,406,0,0.0,False,False,False,False
B1_RL2_TC,ATTACK_DIVERSE_HIGH,3,r03-t008-5ef748ce,1789120953564585177,1789120953922740584,0.0,406,0,0.0,False,False,False,False
B1_RL2_TC,ATTACK_DIVERSE_HIGH,3,r03-t009-0ba30ddd,1789120953934486832,1789120954246399095,0.0,406,0,0.0,False,False,False,False
B1_RL2_TC,ATTACK_DIVERSE_HIGH,3,r03-t010-613878bf,1789120954258227591,1789120954612150908,0.0,406,0,0.0,False,False,False,False
B1_RL2_TC,ATTACK_DIVERSE_HIGH,3,r03-t011-b062ffc4,1789120954624180381,1789120954988382931,0.0,406,0,0.0,False,False,False,False
B1_RL2_TC,ATTACK_DIVERSE_HIGH,3,r03-t012-ad583d3d,1789120954999972451,1789120955327738733,0.0,406,0,0.0,False,False,False,False
B1_RL2_TC,ATTACK_DIVERSE_HIGH,3,r03-t013-5df95a3e,1789120955339202607,1789120955689363444,0.0,406,0,0.0,False,False,False,False
B1_RL2_TC,ATTACK_DIVERSE_HIGH,3,r03-t014-cd322141,1789120955701665531,1789120956054168739,0.0,406,0,0.0,False,False,False,False
B1_RL2_TC,ATTACK_DIVERSE_HIGH,3,r03-t015-92282fcd,1789120956065667861,1789120956402479747,0.0,406,0,0.0,False,False,False,False
B1_RL2_TC,ATTACK_DIVERSE_HIGH,3,r03-t016-d087fa38,1789120956413359735,1789120956734102885,0.0,406,0,0.0,False,False,False,False
B1_RL2_TC,ATTACK_DIVERSE_HIGH,3,r03-t017-617a46c1,1789120956745593955,1789120957084480809,0.0,406,0,0.0,False,False,False,False
B1_RL2_TC,ATTACK_DIVERSE_HIGH,3,r03-t018-972a23dd,1789120957096081511,1789120957405367990,0.0,406,0,0.0,False,False,False,False
B1_RL2_TC,ATTACK_DIVERSE_HIGH,3,r03-t019-a9f3a215,1789120957416310894,1789120957707374358,0.0,406,0,0.0,False,False,False,False
B1_RL2_TC,ATTACK_DIVERSE_HIGH,3,r03-t020-c7271698,1789120957718983777,1789120958069375754,0.0,406,0,0.0,False,False,False,False
B1_RL2_TC,ATTACK_DIVERSE_HIGH,3,r03-t021-24179771,1789120958081257340,1789120958424670146,0.0,406,0,0.0,False,False,False,False
B1_RL2_TC,ATTACK_DIVERSE_HIGH,3,r03-t022-ce758a8c,1789120958435318268,1789120958790438220,0.0,406,0,0.0,False,False,False,False
B1_RL2_TC,ATTACK_DIVERSE_HIGH,3,r03-t023-5670dafd,1789120958800737176,1789120959162806459,0.0,406,0,0.0,False,False,False,False
B1_RL2_TC,ATTACK_DIVERSE_HIGH,3,r03-t024-814b9fc0,1789120959175820535,1789120959481252316,0.0,406,0,0.0,False,False,False,False
B1_RL2_TC,ATTACK_DIVERSE_HIGH,3,r03-t025-416cefc1,1789120959492625236,1789120959851188607,0.0,406,0,0.0,False,False,False,False
B1_RL2_TC,ATTACK_DIVERSE_HIGH,3,r03-t026-d8c25de1,1789120959862735969,1789120960199592762,0.0,406,0,0.0,False,False,False,False
B1_RL2_TC,ATTACK_DIVERSE_HIGH,3,r03-t027-3b6af86d,1789120960210881631,1789120960541215975,0.0,406,0,0.0,False,False,False,False
B1_RL2_TC,ATTACK_DIVERSE_HIGH,3,r03-t028-caf8b744,1789120960552545498,1789120960880264566,0.0,406,0,0.0,False,False,False,False
B1_RL2_TC,ATTACK_DIVERSE_HIGH,3,r03-t029-e07b778c,1789120960891202192,1789120961247815237,0.0,406,0,0.0,False,False,False,False
B1_RL2_TC,ATTACK_DIVERSE_HIGH,3,r03-t030-1a9eeebe,1789120961259599061,1789120961585264559,0.0,406,0,0.0,False,False,False,False
B1_RL2_TC,ATTACK_DIVERSE_HIGH,3,r03-t031-d07206c7,1789120961596433826,1789120961952593327,0.0,406,0,0.0,False,False,False,False
B1_RL2_TC,ATTACK_DIVERSE_HIGH,3,r03-t032-62dc835f,1789120961963309710,1789120962294140050,0.0,406,0,0.0,False,False,False,False
B1_RL2_TC,ATTACK_DIVERSE_HIGH,3,r03-t033-ec68915e,1789120962305912057,1789120962642088676,0.0,406,0,0.0,False,False,False,False
B1_RL2_TC,ATTACK_DIVERSE_HIGH,3,r03-t034-c15f38ba,1789120962653031973,1789120962979065922,0.0,406,0,0.0,False,False,False,False
B1_RL2_TC,ATTACK_DIVERSE_HIGH,3,r03-t035-8babfcca,1789120962989940862,1789120963339190837,0.0,406,0,0.0,False,False,False,False
B1_RL2_TC,ATTACK_DIVERSE_HIGH,3,r03-t036-445493f4,1789120963351205925,1789120963686546272,0.0,406,0,0.0,False,False,False,False
B1_RL2_TC,ATTACK_DIVERSE_HIGH,3,r03-t037-24c7485c,1789120963697581091,1789120964004393643,0.0,406,0,0.0,False,False,False,False
B1_RL2_TC,ATTACK_DIVERSE_HIGH,3,r03-t038-11f1caf1,1789120964016244785,1789120964341446906,0.0,405,0,0.0,False,False,False,False
B1_RL2_TC,ATTACK_DIVERSE_HIGH,3,r03-t039-ab668802,1789120964354427322,1789120964678192605,0.0,406,0,0.0,False,False,False,False
B1_RL2_TC,ATTACK_DIVERSE_HIGH,3,r03-t040-42ac5410,1789120964689733159,1789120965029689879,0.0,406,0,0.0,False,False,False,False
B1_RL2_TC,ATTACK_DIVERSE_HIGH,3,r03-t041-27eb45e0,1789120965041493275,1789120965414905129,0.0,405,0,0.0,False,False,False,False
B1_RL2_TC,ATTACK_DIVERSE_HIGH,3,r03-t042-377269e8,1789120965426814229,1789120965754173827,0.0,406,0,0.0,False,False,False,False
B1_RL2_TC,ATTACK_DIVERSE_HIGH,3,r03-t043-96b35bf1,1789120965766802151,1789120966091328731,0.0,406,0,0.0,False,False,False,False
B1_RL2_TC,ATTACK_DIVERSE_HIGH,3,r03-t044-8c473936,1789120966102835866,1789120966442025628,0.0,406,0,0.0,False,False,False,False
B1_RL2_TC,ATTACK_DIVERSE_HIGH,3,r03-t045-f872a5d2,1789120966454061775,1789120966778031351,0.0,406,0,0.0,False,False,False,False
B1_RL2_TC,ATTACK_DIVERSE_HIGH,3,r03-t046-4e0bc35c,1789120966788984516,1789120967145349579,0.0,406,0,0.0,False,False,False,False
B1_RL2_TC,ATTACK_DIVERSE_HIGH,3,r03-t047-d5a00556,1789120967156128718,1789120967478442082,0.0,406,0,0.0,False,False,False,False
B1_RL2_TC,ATTACK_DIVERSE_HIGH,3,r03-t048-9824eba8,1789120967489699086,1789120967848205154,0.0,406,0,0.0,False,False,False,False
B1_RL2_TC,ATTACK_DIVERSE_HIGH,3,r03-t049-cd703da3,1789120967859281299,1789120968203613156,0.0,406,0,0.0,False,False,False,False
B5_LOCKED_TC,BENIGN_DIVERSE_MODERATE,3,r03-t000-07331687,1789120981906721604,1789120982250349221,0.0,24,0,0.0,False,False,False,False
B5_LOCKED_TC,BENIGN_DIVERSE_MODERATE,3,r03-t001-e0da6d9c,1789120982260565945,1789120982589960579,0.0,25,0,0.0,False,False,False,False
B5_LOCKED_TC,BENIGN_DIVERSE_MODERATE,3,r03-t002-9b402bca,1789120982600914263,1789120982930329305,0.0,26,0,0.0,False,False,False,False
B5_LOCKED_TC,BENIGN_DIVERSE_MODERATE,3,r03-t003-cd6f42a0,1789120982940539953,1789120983269023545,0.0,27,0,0.0,False,False,False,False
B5_LOCKED_TC,BENIGN_DIVERSE_MODERATE,3,r03-t004-30503f46,1789120983280491126,1789120983627550674,0.0,28,0,0.0,False,False,False,False
B5_LOCKED_TC,BENIGN_DIVERSE_MODERATE,3,r03-t005-5bb27b03,1789120983638247977,1789120983953318600,0.0,29,0,0.0,False,False,False,False
B5_LOCKED_TC,BENIGN_DIVERSE_MODERATE,3,r03-t006-d572a41d,1789120983963732111,1789120984332435734,0.0,30,0,0.0,False,False,False,False
B5_LOCKED_TC,BENIGN_DIVERSE_MODERATE,3,r03-t007-df2b3cbf,1789120984344222708,1789120984685012803,0.0,30,0,0.0,False,False,False,False
B5_LOCKED_TC,BENIGN_DIVERSE_MODERATE,3,r03-t008-66029a6b,1789120984695592266,1789120985047157992,0.0,30,0,0.0,False,False,False,False
B5_LOCKED_TC,BENIGN_DIVERSE_MODERATE,3,r03-t009-b2b6f104,1789120985058294229,1789120985381741354,0.0,30,0,0.0,False,False,False,False
B5_LOCKED_TC,BENIGN_DIVERSE_MODERATE,3,r03-t010-c1417ce7,1789120985392245608,1789120985754732931,0.0,30,0,0.0,False,False,False,False
B5_LOCKED_TC,BENIGN_DIVERSE_MODERATE,3,r03-t011-01e0d130,1789120985766250044,1789120986101002863,0.0,30,0,0.0,False,False,False,False
B5_LOCKED_TC,BENIGN_DIVERSE_MODERATE,3,r03-t012-4a4c39b7,1789120986110832415,1789120986475595711,0.0,30,0,0.0,False,False,False,False
B5_LOCKED_TC,BENIGN_DIVERSE_MODERATE,3,r03-t013-8e0006cd,1789120986487606703,1789120986817131738,0.0,30,0,0.0,False,False,False,False
B5_LOCKED_TC,BENIGN_DIVERSE_MODERATE,3,r03-t014-df2c3be5,1789120986828907252,1789120987175157104,0.0,30,0,0.0,False,False,False,False
B5_LOCKED_TC,BENIGN_DIVERSE_MODERATE,3,r03-t015-331265da,1789120987189161512,1789120987539826245,0.0,30,0,0.0,False,False,False,False
B5_LOCKED_TC,BENIGN_DIVERSE_MODERATE,3,r03-t016-b550bcb1,1789120987551979793,1789120987906566287,0.0,30,0,0.0,False,False,False,False
B5_LOCKED_TC,BENIGN_DIVERSE_MODERATE,3,r03-t017-9bc72395,1789120987916784199,1789120988241035794,0.0,30,0,0.0,False,False,False,False
B5_LOCKED_TC,BENIGN_DIVERSE_MODERATE,3,r03-t018-d6a267d9,1789120988251208333,1789120988605004565,0.0,30,0,0.0,False,False,False,False
B5_LOCKED_TC,BENIGN_DIVERSE_MODERATE,3,r03-t019-66760590,1789120988616068340,1789120988951075203,0.0,30,0,0.0,False,False,False,False
B5_LOCKED_TC,BENIGN_DIVERSE_MODERATE,3,r03-t020-54f2ce1c,1789120988962018398,1789120989293985643,0.0,30,0,0.0,False,False,False,False
B5_LOCKED_TC,BENIGN_DIVERSE_MODERATE,3,r03-t021-f47d8c6b,1789120989303809320,1789120989633486479,0.0,30,0,0.0,False,False,False,False
B5_LOCKED_TC,BENIGN_DIVERSE_MODERATE,3,r03-t022-fa35c96d,1789120989646001769,1789120989965735236,0.0,30,0,0.0,False,False,False,False
B5_LOCKED_TC,BENIGN_DIVERSE_MODERATE,3,r03-t023-b254c3d5,1789120989976260897,1789120990310440744,0.0,30,0,0.0,False,False,False,False
B5_LOCKED_TC,BENIGN_DIVERSE_MODERATE,3,r03-t024-3779b240,1789120990321944975,1789120990668518869,0.0,30,0,0.0,False,False,False,False
B5_LOCKED_TC,BENIGN_DIVERSE_MODERATE,3,r03-t025-bf5d1aa9,1789120990680025563,1789120991008889726,0.0,30,0,0.0,False,False,False,False
B5_LOCKED_TC,BENIGN_DIVERSE_MODERATE,3,r03-t026-734d2abc,1789120991019285145,1789120991336664115,0.0,30,0,0.0,False,False,False,False
B5_LOCKED_TC,BENIGN_DIVERSE_MODERATE,3,r03-t027-1dd17a42,1789120991346594356,1789120991675889692,0.0,30,0,0.0,False,False,False,False
B5_LOCKED_TC,BENIGN_DIVERSE_MODERATE,3,r03-t028-8a12b07c,1789120991693433849,1789120992021631287,0.0,30,0,0.0,False,False,False,False
B5_LOCKED_TC,BENIGN_DIVERSE_MODERATE,3,r03-t029-9556dd1a,1789120992032099470,1789120992362283732,0.0,30,0,0.0,False,False,False,False
B5_LOCKED_TC,BENIGN_DIVERSE_MODERATE,3,r03-t030-ac99f539,1789120992372826387,1789120992733950181,0.0,30,0,0.0,False,False,False,False
B5_LOCKED_TC,BENIGN_DIVERSE_MODERATE,3,r03-t031-101c0f7f,1789120992747752121,1789120993083862883,0.0,30,0,0.0,False,False,False,False
B5_LOCKED_TC,BENIGN_DIVERSE_MODERATE,3,r03-t032-aee80d11,1789120993094956110,1789120993434024864,0.0,30,0,0.0,False,False,False,False
B5_LOCKED_TC,BENIGN_DIVERSE_MODERATE,3,r03-t033-2a5d11d1,1789120993444335390,1789120993803523225,0.0,30,0,0.0,False,False,False,False
B5_LOCKED_TC,BENIGN_DIVERSE_MODERATE,3,r03-t034-c86bf82b,1789120993816109659,1789120994148902487,0.0,30,0,0.0,False,False,False,False
B5_LOCKED_TC,BENIGN_DIVERSE_MODERATE,3,r03-t035-3273263e,1789120994161079237,1789120994491965572,0.0,30,0,0.0,False,False,False,False
B5_LOCKED_TC,BENIGN_DIVERSE_MODERATE,3,r03-t036-cdb5c289,1789120994502489940,1789120994833093741,0.0,30,0,0.0,False,False,False,False
B5_LOCKED_TC,BENIGN_DIVERSE_MODERATE,3,r03-t037-05feed33,1789120994843729720,1789120995198879925,0.0,30,0,0.0,False,False,False,False
B5_LOCKED_TC,BENIGN_DIVERSE_MODERATE,3,r03-t038-4f65b252,1789120995209024074,1789120995537166071,0.0,30,0,0.0,False,False,False,False
B5_LOCKED_TC,BENIGN_DIVERSE_MODERATE,3,r03-t039-c87e2092,1789120995547667984,1789120995890347724,0.0,30,0,0.0,False,False,False,False
B5_LOCKED_TC,BENIGN_DIVERSE_MODERATE,3,r03-t040-1ec83f18,1789120995901293146,1789120996210763697,0.0,30,0,0.0,False,False,False,False
B5_LOCKED_TC,BENIGN_DIVERSE_MODERATE,3,r03-t041-1404eaf7,1789120996220545820,1789120996558269740,0.0,30,0,0.0,False,False,False,False
B5_LOCKED_TC,BENIGN_DIVERSE_MODERATE,3,r03-t042-96eaf864,1789120996568613046,1789120996916873935,0.0,30,0,0.0,False,False,False,False
B5_LOCKED_TC,BENIGN_DIVERSE_MODERATE,3,r03-t043-b04c12db,1789120996927289723,1789120997265278081,0.0,30,0,0.0,False,False,False,False
B5_LOCKED_TC,BENIGN_DIVERSE_MODERATE,3,r03-t044-c357b896,1789120997275836842,1789120997617078801,0.0,30,0,0.0,False,False,False,False
B5_LOCKED_TC,BENIGN_DIVERSE_MODERATE,3,r03-t045-47898d0c,1789120997627334656,1789120997949792988,0.0,30,0,0.0,False,False,False,False
B5_LOCKED_TC,BENIGN_DIVERSE_MODERATE,3,r03-t046-4de6822e,1789120997960128810,1789120998309715963,0.0,30,0,0.0,False,False,False,False
B5_LOCKED_TC,BENIGN_DIVERSE_MODERATE,3,r03-t047-a95805f7,1789120998320030372,1789120998678742390,0.0,30,0,0.0,False,False,False,False
B5_LOCKED_TC,BENIGN_DIVERSE_MODERATE,3,r03-t048-5aebda8d,1789120998689728742,1789120999050563938,0.0,30,0,0.0,False,False,False,False
B5_LOCKED_TC,BENIGN_DIVERSE_MODERATE,3,r03-t049-08945d81,1789120999061872335,1789120999380993973,0.0,30,0,0.0,False,False,False,False
B5_LOCKED_TC,ATTACK_DIVERSE_HIGH,3,r03-t000-667f0984,1789121013048445608,1789121013327930672,0.0,400,0,0.0,False,False,False,False
B5_LOCKED_TC,ATTACK_DIVERSE_HIGH,3,r03-t001-a047eb49,1789121013340089933,1789121013559362349,0.0,401,0,0.0,False,False,False,False
B5_LOCKED_TC,ATTACK_DIVERSE_HIGH,3,r03-t002-da8532bb,1789121013570824163,1789121013925771868,0.0,401,0,0.0,False,False,False,False
B5_LOCKED_TC,ATTACK_DIVERSE_HIGH,3,r03-t003-1ea6d0ae,1789121013937362275,1789121014280190389,0.0,403,0,0.0,False,False,False,False
B5_LOCKED_TC,ATTACK_DIVERSE_HIGH,3,r03-t004-d7a56a1d,1789121014291501779,1789121014632658447,0.0,404,0,0.0,False,False,False,False
B5_LOCKED_TC,ATTACK_DIVERSE_HIGH,3,r03-t005-6a2ca0d5,1789121014644324209,1789121014981189044,0.0,405,0,0.0,False,False,False,False
B5_LOCKED_TC,ATTACK_DIVERSE_HIGH,3,r03-t006-76131d95,1789121014993220565,1789121015361429174,0.0,406,0,0.0,False,False,False,False
B5_LOCKED_TC,ATTACK_DIVERSE_HIGH,3,r03-t007-1cbabdc5,1789121015373026604,1789121015672126095,0.0,406,0,0.0,False,False,False,False
B5_LOCKED_TC,ATTACK_DIVERSE_HIGH,3,r03-t008-5ef748ce,1789121015682784454,1789121016021658402,0.0,406,0,0.0,False,False,False,False
B5_LOCKED_TC,ATTACK_DIVERSE_HIGH,3,r03-t009-0ba30ddd,1789121016031794600,1789121016357940148,0.0,406,0,0.0,False,False,False,False
B5_LOCKED_TC,ATTACK_DIVERSE_HIGH,3,r03-t010-613878bf,1789121016369007067,1789121016702266223,0.0,406,0,0.0,False,False,False,False
B5_LOCKED_TC,ATTACK_DIVERSE_HIGH,3,r03-t011-b062ffc4,1789121016712769982,1789121017049876347,0.0,406,0,0.0,False,False,False,False
B5_LOCKED_TC,ATTACK_DIVERSE_HIGH,3,r03-t012-ad583d3d,1789121017061788382,1789121017413977740,0.0,406,0,0.0,False,False,False,False
B5_LOCKED_TC,ATTACK_DIVERSE_HIGH,3,r03-t013-5df95a3e,1789121017425943853,1789121017741465461,0.0,406,0,0.0,False,False,False,False
B5_LOCKED_TC,ATTACK_DIVERSE_HIGH,3,r03-t014-cd322141,1789121017752197119,1789121018072701806,0.0,406,0,0.0,False,False,False,False
B5_LOCKED_TC,ATTACK_DIVERSE_HIGH,3,r03-t015-92282fcd,1789121018084107783,1789121018413847689,0.0,406,0,0.0,False,False,False,False
B5_LOCKED_TC,ATTACK_DIVERSE_HIGH,3,r03-t016-d087fa38,1789121018426254922,1789121018758255535,0.0,406,0,0.0,False,False,False,False
B5_LOCKED_TC,ATTACK_DIVERSE_HIGH,3,r03-t017-617a46c1,1789121018769129025,1789121019079087252,0.0,406,0,0.0,False,False,False,False
B5_LOCKED_TC,ATTACK_DIVERSE_HIGH,3,r03-t018-972a23dd,1789121019089947012,1789121019442123652,0.0,406,0,0.0,False,False,False,False
B5_LOCKED_TC,ATTACK_DIVERSE_HIGH,3,r03-t019-a9f3a215,1789121019452958702,1789121019783475279,0.0,406,0,0.0,False,False,False,False
B5_LOCKED_TC,ATTACK_DIVERSE_HIGH,3,r03-t020-c7271698,1789121019794594089,1789121020110345205,0.0,406,0,0.0,False,False,False,False
B5_LOCKED_TC,ATTACK_DIVERSE_HIGH,3,r03-t021-24179771,1789121020122645068,1789121020452235757,0.0,406,0,0.0,False,False,False,False
B5_LOCKED_TC,ATTACK_DIVERSE_HIGH,3,r03-t022-ce758a8c,1789121020463779969,1789121020839533589,0.0,406,0,0.0,False,False,False,False
B5_LOCKED_TC,ATTACK_DIVERSE_HIGH,3,r03-t023-5670dafd,1789121020850166493,1789121021218481378,0.0,406,0,0.0,False,False,False,False
B5_LOCKED_TC,ATTACK_DIVERSE_HIGH,3,r03-t024-814b9fc0,1789121021230720931,1789121021555005393,0.0,405,0,0.0,False,False,False,False
B5_LOCKED_TC,ATTACK_DIVERSE_HIGH,3,r03-t025-416cefc1,1789121021567421904,1789121021863440196,0.0,406,0,0.0,False,False,False,False
B5_LOCKED_TC,ATTACK_DIVERSE_HIGH,3,r03-t026-d8c25de1,1789121021874680860,1789121022193307354,0.0,406,0,0.0,False,False,False,False
B5_LOCKED_TC,ATTACK_DIVERSE_HIGH,3,r03-t027-3b6af86d,1789121022204511661,1789121022530925884,0.0,406,0,0.0,False,False,False,False
B5_LOCKED_TC,ATTACK_DIVERSE_HIGH,3,r03-t028-caf8b744,1789121022541903997,1789121022913224542,0.0,406,0,0.0,False,False,False,False
B5_LOCKED_TC,ATTACK_DIVERSE_HIGH,3,r03-t029-e07b778c,1789121022925107525,1789121023269548130,0.0,406,0,0.0,False,False,False,False
B5_LOCKED_TC,ATTACK_DIVERSE_HIGH,3,r03-t030-1a9eeebe,1789121023280614579,1789121023582899736,0.0,406,0,0.0,False,False,False,False
B5_LOCKED_TC,ATTACK_DIVERSE_HIGH,3,r03-t031-d07206c7,1789121023594660200,1789121023942229171,0.0,406,0,0.0,False,False,False,False
B5_LOCKED_TC,ATTACK_DIVERSE_HIGH,3,r03-t032-62dc835f,1789121023954150784,1789121024283710796,0.0,406,0,0.0,False,False,False,False
B5_LOCKED_TC,ATTACK_DIVERSE_HIGH,3,r03-t033-ec68915e,1789121024294554178,1789121024620609086,0.0,406,0,0.0,False,False,False,False
B5_LOCKED_TC,ATTACK_DIVERSE_HIGH,3,r03-t034-c15f38ba,1789121024631790763,1789121025008821350,0.0,406,0,0.0,False,False,False,False
B5_LOCKED_TC,ATTACK_DIVERSE_HIGH,3,r03-t035-8babfcca,1789121025021825171,1789121025338662376,0.0,406,0,0.0,False,False,False,False
B5_LOCKED_TC,ATTACK_DIVERSE_HIGH,3,r03-t036-445493f4,1789121025351844292,1789121025672553841,0.0,406,0,0.0,False,False,False,False
B5_LOCKED_TC,ATTACK_DIVERSE_HIGH,3,r03-t037-24c7485c,1789121025683463175,1789121026002022797,0.0,406,0,0.0,False,False,False,False
B5_LOCKED_TC,ATTACK_DIVERSE_HIGH,3,r03-t038-11f1caf1,1789121026012836593,1789121026374081585,0.0,406,0,0.0,False,False,False,False
B5_LOCKED_TC,ATTACK_DIVERSE_HIGH,3,r03-t039-ab668802,1789121026385427001,1789121026708379473,0.0,406,0,0.0,False,False,False,False
B5_LOCKED_TC,ATTACK_DIVERSE_HIGH,3,r03-t040-42ac5410,1789121026719321411,1789121027057361107,0.0,406,0,0.0,False,False,False,False
B5_LOCKED_TC,ATTACK_DIVERSE_HIGH,3,r03-t041-27eb45e0,1789121027069069529,1789121027434056328,0.0,406,0,0.0,False,False,False,False
B5_LOCKED_TC,ATTACK_DIVERSE_HIGH,3,r03-t042-377269e8,1789121027446111360,1789121027788102518,0.0,406,0,0.0,False,False,False,False
B5_LOCKED_TC,ATTACK_DIVERSE_HIGH,3,r03-t043-96b35bf1,1789121027799455419,1789121028153911245,0.0,406,0,0.0,False,False,False,False
B5_LOCKED_TC,ATTACK_DIVERSE_HIGH,3,r03-t044-8c473936,1789121028165209082,1789121028501221440,0.0,406,0,0.0,False,False,False,False
B5_LOCKED_TC,ATTACK_DIVERSE_HIGH,3,r03-t045-f872a5d2,1789121028511700380,1789121028843189851,0.0,406,0,0.0,False,False,False,False
B5_LOCKED_TC,ATTACK_DIVERSE_HIGH,3,r03-t046-4e0bc35c,1789121028856680983,1789121029207104596,0.0,406,0,0.0,False,False,False,False
B5_LOCKED_TC,ATTACK_DIVERSE_HIGH,3,r03-t047-d5a00556,1789121029218278745,1789121029498697876,0.0,406,0,0.0,False,False,False,False
B5_LOCKED_TC,ATTACK_DIVERSE_HIGH,3,r03-t048-9824eba8,1789121029509003937,1789121029843032082,0.0,406,0,0.0,False,False,False,False
B5_LOCKED_TC,ATTACK_DIVERSE_HIGH,3,r03-t049-cd703da3,1789121029853369326,1789121030180624893,0.0,406,0,0.0,False,False,False,False
B1_RL2_TC,BENIGN_DIVERSE_HIGH,3,r03-t000-667f0984,1789121044884715093,1789121046078034650,0.0,400,0,0.0,False,False,False,False
B1_RL2_TC,BENIGN_DIVERSE_HIGH,3,r03-t001-a047eb49,1789121046091755778,1789121046490004587,0.0,402,0,0.0,False,False,False,False
B1_RL2_TC,BENIGN_DIVERSE_HIGH,3,r03-t002-da8532bb,1789121046501579380,1789121046883582539,0.0,404,0,0.0,False,False,False,False
B1_RL2_TC,BENIGN_DIVERSE_HIGH,3,r03-t003-1ea6d0ae,1789121046894374567,1789121047307733889,0.0,405,0,0.0,False,False,False,False
B1_RL2_TC,BENIGN_DIVERSE_HIGH,3,r03-t004-d7a56a1d,1789121047318569384,1789121047714695870,0.0,405,0,0.0,False,False,False,False
B1_RL2_TC,BENIGN_DIVERSE_HIGH,3,r03-t005-6a2ca0d5,1789121047726387108,1789121048104942714,0.0,405,0,0.0,False,False,False,False
B1_RL2_TC,BENIGN_DIVERSE_HIGH,3,r03-t006-76131d95,1789121048115973425,1789121048489644925,0.0,405,0,0.0,False,False,False,False
B1_RL2_TC,BENIGN_DIVERSE_HIGH,3,r03-t007-1cbabdc5,1789121048500416645,1789121048894477180,0.0,405,0,0.0,False,False,False,False
B1_RL2_TC,BENIGN_DIVERSE_HIGH,3,r03-t008-5ef748ce,1789121048905336875,1789121049291214179,0.0,405,0,0.0,False,False,False,False
B1_RL2_TC,BENIGN_DIVERSE_HIGH,3,r03-t009-0ba30ddd,1789121049303874572,1789121049688053960,0.0,405,0,0.0,False,False,False,False
B1_RL2_TC,BENIGN_DIVERSE_HIGH,3,r03-t010-613878bf,1789121049698750801,1789121050121934801,0.0,405,0,0.0,False,False,False,False
B1_RL2_TC,BENIGN_DIVERSE_HIGH,3,r03-t011-b062ffc4,1789121050134057186,1789121050527368839,0.0,405,0,0.0,False,False,False,False
B1_RL2_TC,BENIGN_DIVERSE_HIGH,3,r03-t012-ad583d3d,1789121050539058748,1789121050928380190,0.0,405,0,0.0,False,False,False,False
B1_RL2_TC,BENIGN_DIVERSE_HIGH,3,r03-t013-5df95a3e,1789121050940142511,1789121051309633608,0.0,405,0,0.0,False,False,False,False
B1_RL2_TC,BENIGN_DIVERSE_HIGH,3,r03-t014-cd322141,1789121051321204309,1789121051710106989,0.0,405,0,0.0,False,False,False,False
B1_RL2_TC,BENIGN_DIVERSE_HIGH,3,r03-t015-92282fcd,1789121051722733149,1789121052098784164,0.0,405,0,0.0,False,False,False,False
B1_RL2_TC,BENIGN_DIVERSE_HIGH,3,r03-t016-d087fa38,1789121052110544619,1789121052515541492,0.0,405,0,0.0,False,False,False,False
B1_RL2_TC,BENIGN_DIVERSE_HIGH,3,r03-t017-617a46c1,1789121052527915497,1789121052929173502,0.0,405,0,0.0,False,False,False,False
B1_RL2_TC,BENIGN_DIVERSE_HIGH,3,r03-t018-972a23dd,1789121052940033261,1789121053350590500,0.0,405,0,0.0,False,False,False,False
B1_RL2_TC,BENIGN_DIVERSE_HIGH,3,r03-t019-a9f3a215,1789121053362269685,1789121053769039787,0.0,405,0,0.0,False,False,False,False
B1_RL2_TC,BENIGN_DIVERSE_HIGH,3,r03-t020-c7271698,1789121053780418551,1789121054182320073,0.0,405,0,0.0,False,False,False,False
B1_RL2_TC,BENIGN_DIVERSE_HIGH,3,r03-t021-24179771,1789121054193867445,1789121054569071153,0.0,405,0,0.0,False,False,False,False
B1_RL2_TC,BENIGN_DIVERSE_HIGH,3,r03-t022-ce758a8c,1789121054581786927,1789121054984490997,0.0,405,0,0.0,False,False,False,False
B1_RL2_TC,BENIGN_DIVERSE_HIGH,3,r03-t023-5670dafd,1789121054997149493,1789121055407601091,0.0,405,0,0.0,False,False,False,False
B1_RL2_TC,BENIGN_DIVERSE_HIGH,3,r03-t024-814b9fc0,1789121055419552913,1789121055809693222,0.0,405,0,0.0,False,False,False,False
B1_RL2_TC,BENIGN_DIVERSE_HIGH,3,r03-t025-416cefc1,1789121055821246758,1789121056207039864,0.0,405,0,0.0,False,False,False,False
B1_RL2_TC,BENIGN_DIVERSE_HIGH,3,r03-t026-d8c25de1,1789121056218509949,1789121056589227812,0.0,405,0,0.0,False,False,False,False
B1_RL2_TC,BENIGN_DIVERSE_HIGH,3,r03-t027-3b6af86d,1789121056599822425,1789121057008993531,0.0,405,0,0.0,False,False,False,False
B1_RL2_TC,BENIGN_DIVERSE_HIGH,3,r03-t028-caf8b744,1789121057020624923,1789121057415511386,0.0,405,0,0.0,False,False,False,False
B1_RL2_TC,BENIGN_DIVERSE_HIGH,3,r03-t029-e07b778c,1789121057426564313,1789121057820317650,0.0,405,0,0.0,False,False,False,False
B1_RL2_TC,BENIGN_DIVERSE_HIGH,3,r03-t030-1a9eeebe,1789121057833594438,1789121058208668134,0.0,405,0,0.0,False,False,False,False
B1_RL2_TC,BENIGN_DIVERSE_HIGH,3,r03-t031-d07206c7,1789121058219698777,1789121058652143287,0.0,405,0,0.0,False,False,False,False
B1_RL2_TC,BENIGN_DIVERSE_HIGH,3,r03-t032-62dc835f,1789121058664148687,1789121059064068734,0.0,405,0,0.0,False,False,False,False
B1_RL2_TC,BENIGN_DIVERSE_HIGH,3,r03-t033-ec68915e,1789121059074961873,1789121059483072291,0.0,405,0,0.0,False,False,False,False
B1_RL2_TC,BENIGN_DIVERSE_HIGH,3,r03-t034-c15f38ba,1789121059495789219,1789121059893753033,0.0,405,0,0.0,False,False,False,False
B1_RL2_TC,BENIGN_DIVERSE_HIGH,3,r03-t035-8babfcca,1789121059905395650,1789121060283889528,0.0,405,0,0.0,False,False,False,False
B1_RL2_TC,BENIGN_DIVERSE_HIGH,3,r03-t036-445493f4,1789121060294989391,1789121060714027115,0.0,405,0,0.0,False,False,False,False
B1_RL2_TC,BENIGN_DIVERSE_HIGH,3,r03-t037-24c7485c,1789121060725940349,1789121061116820780,0.0,405,0,0.0,False,False,False,False
B1_RL2_TC,BENIGN_DIVERSE_HIGH,3,r03-t038-11f1caf1,1789121061129173566,1789121061543194009,0.0,405,0,0.0,False,False,False,False
B1_RL2_TC,BENIGN_DIVERSE_HIGH,3,r03-t039-ab668802,1789121061554307815,1789121061932630862,0.0,405,0,0.0,False,False,False,False
B1_RL2_TC,BENIGN_DIVERSE_HIGH,3,r03-t040-42ac5410,1789121061943943672,1789121062330298448,0.0,405,0,0.0,False,False,False,False
B1_RL2_TC,BENIGN_DIVERSE_HIGH,3,r03-t041-27eb45e0,1789121062341594848,1789121062743511971,0.0,405,0,0.0,False,False,False,False
B1_RL2_TC,BENIGN_DIVERSE_HIGH,3,r03-t042-377269e8,1789121062754066048,1789121063181107520,0.0,405,0,0.0,False,False,False,False
B1_RL2_TC,BENIGN_DIVERSE_HIGH,3,r03-t043-96b35bf1,1789121063193022840,1789121063577904634,0.0,405,0,0.0,False,False,False,False
B1_RL2_TC,BENIGN_DIVERSE_HIGH,3,r03-t044-8c473936,1789121063589395674,1789121064014332060,0.0,405,0,0.0,False,False,False,False
B1_RL2_TC,BENIGN_DIVERSE_HIGH,3,r03-t045-f872a5d2,1789121064025726919,1789121064435327089,0.0,405,0,0.0,False,False,False,False
B1_RL2_TC,BENIGN_DIVERSE_HIGH,3,r03-t046-4e0bc35c,1789121064446805608,1789121064831735588,0.0,405,0,0.0,False,False,False,False
B1_RL2_TC,BENIGN_DIVERSE_HIGH,3,r03-t047-d5a00556,1789121064843129402,1789121065219387770,0.0,405,0,0.0,False,False,False,False
B1_RL2_TC,BENIGN_DIVERSE_HIGH,3,r03-t048-9824eba8,1789121065230926427,1789121065640096246,0.0,405,0,0.0,False,False,False,False
B1_RL2_TC,BENIGN_DIVERSE_HIGH,3,r03-t049-cd703da3,1789121065651067204,1789121066077371948,0.0,405,0,0.0,False,False,False,False
B0_OFF,ATTACK_DIVERSE_MODERATE,3,r03-t000-07331687,1789121079913870021,1789121080087760207,0.0,24,0,0.0,False,False,False,False
B0_OFF,ATTACK_DIVERSE_MODERATE,3,r03-t001-e0da6d9c,1789121080098159942,1789121080369683276,0.0,25,0,0.0,False,False,False,False
B0_OFF,ATTACK_DIVERSE_MODERATE,3,r03-t002-9b402bca,1789121080381218350,1789121080671853344,0.0,26,0,0.0,False,False,False,False
B0_OFF,ATTACK_DIVERSE_MODERATE,3,r03-t003-cd6f42a0,1789121080682326255,1789121081018192256,0.0,27,0,0.0,False,False,False,False
B0_OFF,ATTACK_DIVERSE_MODERATE,3,r03-t004-30503f46,1789121081028277469,1789121081330698702,0.0,28,0,0.0,False,False,False,False
B0_OFF,ATTACK_DIVERSE_MODERATE,3,r03-t005-5bb27b03,1789121081340598466,1789121081663222982,0.0,29,0,0.0,False,False,False,False
B0_OFF,ATTACK_DIVERSE_MODERATE,3,r03-t006-d572a41d,1789121081673706848,1789121082022747199,0.0,30,0,0.0,False,False,False,False
B0_OFF,ATTACK_DIVERSE_MODERATE,3,r03-t007-df2b3cbf,1789121082034142905,1789121082328877928,0.0,31,0,0.0,False,False,False,False
B0_OFF,ATTACK_DIVERSE_MODERATE,3,r03-t008-66029a6b,1789121082340356161,1789121082661353015,0.0,31,0,0.0,False,False,False,False
B0_OFF,ATTACK_DIVERSE_MODERATE,3,r03-t009-b2b6f104,1789121082671706010,1789121082994789987,0.0,30,0,0.0,False,False,False,False
B0_OFF,ATTACK_DIVERSE_MODERATE,3,r03-t010-c1417ce7,1789121083006419012,1789121083318638695,0.0,30,0,0.0,False,False,False,False
B0_OFF,ATTACK_DIVERSE_MODERATE,3,r03-t011-01e0d130,1789121083330166594,1789121083647625802,0.0,30,0,0.0,False,False,False,False
B0_OFF,ATTACK_DIVERSE_MODERATE,3,r03-t012-4a4c39b7,1789121083658359603,1789121083956312180,0.0,30,0,0.0,False,False,False,False
B0_OFF,ATTACK_DIVERSE_MODERATE,3,r03-t013-8e0006cd,1789121083967254186,1789121084318853963,0.0,31,0,0.0,False,False,False,False
B0_OFF,ATTACK_DIVERSE_MODERATE,3,r03-t014-df2c3be5,1789121084330525195,1789121084662386344,0.0,30,0,0.0,False,False,False,False
B0_OFF,ATTACK_DIVERSE_MODERATE,3,r03-t015-331265da,1789121084673185299,1789121084975366737,0.0,30,0,0.0,False,False,False,False
B0_OFF,ATTACK_DIVERSE_MODERATE,3,r03-t016-b550bcb1,1789121084986448439,1789121085279643621,0.0,30,0,0.0,False,False,False,False
B0_OFF,ATTACK_DIVERSE_MODERATE,3,r03-t017-9bc72395,1789121085290628656,1789121085620657264,0.0,31,0,0.0,False,False,False,False
B0_OFF,ATTACK_DIVERSE_MODERATE,3,r03-t018-d6a267d9,1789121085630984525,1789121085937888724,0.0,30,0,0.0,False,False,False,False
B0_OFF,ATTACK_DIVERSE_MODERATE,3,r03-t019-66760590,1789121085948544824,1789121086295437417,0.0,31,0,0.0,False,False,False,False
B0_OFF,ATTACK_DIVERSE_MODERATE,3,r03-t020-54f2ce1c,1789121086307093455,1789121086630106348,0.0,30,0,0.0,False,False,False,False
B0_OFF,ATTACK_DIVERSE_MODERATE,3,r03-t021-f47d8c6b,1789121086639888567,1789121086968580933,0.0,31,0,0.0,False,False,False,False
B0_OFF,ATTACK_DIVERSE_MODERATE,3,r03-t022-fa35c96d,1789121086978805478,1789121087305229325,0.0,30,0,0.0,False,False,False,False
B0_OFF,ATTACK_DIVERSE_MODERATE,3,r03-t023-b254c3d5,1789121087316896703,1789121087626828682,0.0,30,0,0.0,False,False,False,False
B0_OFF,ATTACK_DIVERSE_MODERATE,3,r03-t024-3779b240,1789121087637862285,1789121087952032514,0.0,30,0,0.0,False,False,False,False
B0_OFF,ATTACK_DIVERSE_MODERATE,3,r03-t025-bf5d1aa9,1789121087962147354,1789121088305826391,0.0,30,0,0.0,False,False,False,False
B0_OFF,ATTACK_DIVERSE_MODERATE,3,r03-t026-734d2abc,1789121088316551661,1789121088612368961,0.0,30,0,0.0,False,False,False,False
B0_OFF,ATTACK_DIVERSE_MODERATE,3,r03-t027-1dd17a42,1789121088621977972,1789121088950087121,0.0,30,0,0.0,False,False,False,False
B0_OFF,ATTACK_DIVERSE_MODERATE,3,r03-t028-8a12b07c,1789121088961808265,1789121089267189408,0.0,30,0,0.0,False,False,False,False
B0_OFF,ATTACK_DIVERSE_MODERATE,3,r03-t029-9556dd1a,1789121089277217122,1789121089580509757,0.0,31,0,0.0,False,False,False,False
B0_OFF,ATTACK_DIVERSE_MODERATE,3,r03-t030-ac99f539,1789121089590398943,1789121089920803354,0.0,31,0,0.0,False,False,False,False
B0_OFF,ATTACK_DIVERSE_MODERATE,3,r03-t031-101c0f7f,1789121089932944145,1789121090246210538,0.0,31,0,0.0,False,False,False,False
B0_OFF,ATTACK_DIVERSE_MODERATE,3,r03-t032-aee80d11,1789121090255969229,1789121090553328200,0.0,31,0,0.0,False,False,False,False
B0_OFF,ATTACK_DIVERSE_MODERATE,3,r03-t033-2a5d11d1,1789121090564468771,1789121090883178213,0.0,31,0,0.0,False,False,False,False
B0_OFF,ATTACK_DIVERSE_MODERATE,3,r03-t034-c86bf82b,1789121090892723441,1789121091243932431,0.0,31,0,0.0,False,False,False,False
B0_OFF,ATTACK_DIVERSE_MODERATE,3,r03-t035-3273263e,1789121091255805900,1789121091559785789,0.0,30,0,0.0,False,False,False,False
B0_OFF,ATTACK_DIVERSE_MODERATE,3,r03-t036-cdb5c289,1789121091570804274,1789121091900442433,0.0,31,0,0.0,False,False,False,False
B0_OFF,ATTACK_DIVERSE_MODERATE,3,r03-t037-05feed33,1789121091911796467,1789121092240308445,0.0,31,0,0.0,False,False,False,False
B0_OFF,ATTACK_DIVERSE_MODERATE,3,r03-t038-4f65b252,1789121092251010468,1789121092581664249,0.0,30,0,0.0,False,False,False,False
B0_OFF,ATTACK_DIVERSE_MODERATE,3,r03-t039-c87e2092,1789121092591591991,1789121092902083947,0.0,30,0,0.0,False,False,False,False
B0_OFF,ATTACK_DIVERSE_MODERATE,3,r03-t040-1ec83f18,1789121092912428700,1789121093221725467,0.0,30,0,0.0,False,False,False,False
B0_OFF,ATTACK_DIVERSE_MODERATE,3,r03-t041-1404eaf7,1789121093231524242,1789121093564589908,0.0,30,0,0.0,False,False,False,False
B0_OFF,ATTACK_DIVERSE_MODERATE,3,r03-t042-96eaf864,1789121093574539793,1789121093910947210,0.0,30,0,0.0,False,False,False,False
B0_OFF,ATTACK_DIVERSE_MODERATE,3,r03-t043-b04c12db,1789121093921564099,1789121094220580848,0.0,30,0,0.0,False,False,False,False
B0_OFF,ATTACK_DIVERSE_MODERATE,3,r03-t044-c357b896,1789121094230771072,1789121094579011207,0.0,31,0,0.0,False,False,False,False
B0_OFF,ATTACK_DIVERSE_MODERATE,3,r03-t045-47898d0c,1789121094593685257,1789121094919826894,0.0,30,0,0.0,False,False,False,False
B0_OFF,ATTACK_DIVERSE_MODERATE,3,r03-t046-4de6822e,1789121094930953787,1789121095259296048,0.0,30,0,0.0,False,False,False,False
B0_OFF,ATTACK_DIVERSE_MODERATE,3,r03-t047-a95805f7,1789121095269097195,1789121095602215921,0.0,30,0,0.0,False,False,False,False
B0_OFF,ATTACK_DIVERSE_MODERATE,3,r03-t048-5aebda8d,1789121095613408688,1789121095924375761,0.0,30,0,0.0,False,False,False,False
B0_OFF,ATTACK_DIVERSE_MODERATE,3,r03-t049-08945d81,1789121095935088329,1789121096265877815,0.0,30,0,0.0,False,False,False,False
B5_LOCKED_TC,BENIGN_DIVERSE_HIGH,3,r03-t000-667f0984,1789121109684391271,1789121110465839384,0.0,400,0,0.0,False,False,False,False
B5_LOCKED_TC,BENIGN_DIVERSE_HIGH,3,r03-t001-a047eb49,1789121110477141109,1789121110887780035,0.0,402,0,0.0,False,False,False,False
B5_LOCKED_TC,BENIGN_DIVERSE_HIGH,3,r03-t002-da8532bb,1789121110898453593,1789121111306841463,0.0,403,0,0.0,False,False,False,False
B5_LOCKED_TC,BENIGN_DIVERSE_HIGH,3,r03-t003-1ea6d0ae,1789121111318431537,1789121111743593698,0.0,404,0,0.0,False,False,False,False
B5_LOCKED_TC,BENIGN_DIVERSE_HIGH,3,r03-t004-d7a56a1d,1789121111755569756,1789121112155340521,0.0,405,0,0.0,False,False,False,False
B5_LOCKED_TC,BENIGN_DIVERSE_HIGH,3,r03-t005-6a2ca0d5,1789121112166329918,1789121112563639480,0.0,404,0,0.0,False,False,False,False
B5_LOCKED_TC,BENIGN_DIVERSE_HIGH,3,r03-t006-76131d95,1789121112575190595,1789121112988706850,0.0,405,0,0.0,False,False,False,False
B5_LOCKED_TC,BENIGN_DIVERSE_HIGH,3,r03-t007-1cbabdc5,1789121113000475129,1789121113412733719,0.0,405,0,0.0,False,False,False,False
B5_LOCKED_TC,BENIGN_DIVERSE_HIGH,3,r03-t008-5ef748ce,1789121113423824160,1789121113840020392,0.0,405,0,0.0,False,False,False,False
B5_LOCKED_TC,BENIGN_DIVERSE_HIGH,3,r03-t009-0ba30ddd,1789121113852720259,1789121114254261878,0.0,405,0,0.0,False,False,False,False
B5_LOCKED_TC,BENIGN_DIVERSE_HIGH,3,r03-t010-613878bf,1789121114265429478,1789121114654217199,0.0,405,0,0.0,False,False,False,False
B5_LOCKED_TC,BENIGN_DIVERSE_HIGH,3,r03-t011-b062ffc4,1789121114665101568,1789121115072849895,0.0,405,0,0.0,False,False,False,False
B5_LOCKED_TC,BENIGN_DIVERSE_HIGH,3,r03-t012-ad583d3d,1789121115083949625,1789121115508678693,0.0,405,0,0.0,False,False,False,False
B5_LOCKED_TC,BENIGN_DIVERSE_HIGH,3,r03-t013-5df95a3e,1789121115519985822,1789121115904309441,0.0,405,0,0.0,False,False,False,False
B5_LOCKED_TC,BENIGN_DIVERSE_HIGH,3,r03-t014-cd322141,1789121115918738173,1789121116322366957,0.0,405,0,0.0,False,False,False,False
B5_LOCKED_TC,BENIGN_DIVERSE_HIGH,3,r03-t015-92282fcd,1789121116334054096,1789121116747885240,0.0,405,0,0.0,False,False,False,False
B5_LOCKED_TC,BENIGN_DIVERSE_HIGH,3,r03-t016-d087fa38,1789121116758711503,1789121117175438745,0.0,405,0,0.0,False,False,False,False
B5_LOCKED_TC,BENIGN_DIVERSE_HIGH,3,r03-t017-617a46c1,1789121117188085625,1789121117579335593,0.0,405,0,0.0,False,False,False,False
B5_LOCKED_TC,BENIGN_DIVERSE_HIGH,3,r03-t018-972a23dd,1789121117590818082,1789121117967916294,0.0,405,0,0.0,False,False,False,False
B5_LOCKED_TC,BENIGN_DIVERSE_HIGH,3,r03-t019-a9f3a215,1789121117982126819,1789121118418816304,0.0,405,0,0.0,False,False,False,False
B5_LOCKED_TC,BENIGN_DIVERSE_HIGH,3,r03-t020-c7271698,1789121118431107156,1789121118812152541,0.0,405,0,0.0,False,False,False,False
B5_LOCKED_TC,BENIGN_DIVERSE_HIGH,3,r03-t021-24179771,1789121118823465964,1789121119233690337,0.0,405,0,0.0,False,False,False,False
B5_LOCKED_TC,BENIGN_DIVERSE_HIGH,3,r03-t022-ce758a8c,1789121119245619267,1789121119654042128,0.0,405,0,0.0,False,False,False,False
B5_LOCKED_TC,BENIGN_DIVERSE_HIGH,3,r03-t023-5670dafd,1789121119665230079,1789121120054323214,0.0,405,0,0.0,False,False,False,False
B5_LOCKED_TC,BENIGN_DIVERSE_HIGH,3,r03-t024-814b9fc0,1789121120065541586,1789121120450133404,0.0,405,0,0.0,False,False,False,False
B5_LOCKED_TC,BENIGN_DIVERSE_HIGH,3,r03-t025-416cefc1,1789121120462459880,1789121120871409169,0.0,405,0,0.0,False,False,False,False
B5_LOCKED_TC,BENIGN_DIVERSE_HIGH,3,r03-t026-d8c25de1,1789121120883810607,1789121121320945652,0.0,405,0,0.0,False,False,False,False
B5_LOCKED_TC,BENIGN_DIVERSE_HIGH,3,r03-t027-3b6af86d,1789121121332941772,1789121121728149245,0.0,405,0,0.0,False,False,False,False
B5_LOCKED_TC,BENIGN_DIVERSE_HIGH,3,r03-t028-caf8b744,1789121121739636470,1789121122155957934,0.0,405,0,0.0,False,False,False,False
B5_LOCKED_TC,BENIGN_DIVERSE_HIGH,3,r03-t029-e07b778c,1789121122166998619,1789121122589174951,0.0,405,0,0.0,False,False,False,False
B5_LOCKED_TC,BENIGN_DIVERSE_HIGH,3,r03-t030-1a9eeebe,1789121122600463355,1789121123008152628,0.0,405,0,0.0,False,False,False,False
B5_LOCKED_TC,BENIGN_DIVERSE_HIGH,3,r03-t031-d07206c7,1789121123019994468,1789121123418930437,0.0,405,0,0.0,False,False,False,False
B5_LOCKED_TC,BENIGN_DIVERSE_HIGH,3,r03-t032-62dc835f,1789121123431347037,1789121123826595735,0.0,405,0,0.0,False,False,False,False
B5_LOCKED_TC,BENIGN_DIVERSE_HIGH,3,r03-t033-ec68915e,1789121123838212031,1789121124221352120,0.0,405,0,0.0,False,False,False,False
B5_LOCKED_TC,BENIGN_DIVERSE_HIGH,3,r03-t034-c15f38ba,1789121124233059013,1789121124649621279,0.0,405,0,0.0,False,False,False,False
B5_LOCKED_TC,BENIGN_DIVERSE_HIGH,3,r03-t035-8babfcca,1789121124660335871,1789121125070531246,0.0,405,0,0.0,False,False,False,False
B5_LOCKED_TC,BENIGN_DIVERSE_HIGH,3,r03-t036-445493f4,1789121125082632083,1789121125458767880,0.0,405,0,0.0,False,False,False,False
B5_LOCKED_TC,BENIGN_DIVERSE_HIGH,3,r03-t037-24c7485c,1789121125470543005,1789121125891546128,0.0,405,0,0.0,False,False,False,False
B5_LOCKED_TC,BENIGN_DIVERSE_HIGH,3,r03-t038-11f1caf1,1789121125903952019,1789121126286671249,0.0,405,0,0.0,False,False,False,False
B5_LOCKED_TC,BENIGN_DIVERSE_HIGH,3,r03-t039-ab668802,1789121126298183397,1789121126707941183,0.0,405,0,0.0,False,False,False,False
B5_LOCKED_TC,BENIGN_DIVERSE_HIGH,3,r03-t040-42ac5410,1789121126719510420,1789121127124153217,0.0,405,0,0.0,False,False,False,False
B5_LOCKED_TC,BENIGN_DIVERSE_HIGH,3,r03-t041-27eb45e0,1789121127135489710,1789121127534290819,0.0,405,0,0.0,False,False,False,False
B5_LOCKED_TC,BENIGN_DIVERSE_HIGH,3,r03-t042-377269e8,1789121127547074619,1789121127947752366,0.0,405,0,0.0,False,False,False,False
B5_LOCKED_TC,BENIGN_DIVERSE_HIGH,3,r03-t043-96b35bf1,1789121127958482670,1789121128355081985,0.0,405,0,0.0,False,False,False,False
B5_LOCKED_TC,BENIGN_DIVERSE_HIGH,3,r03-t044-8c473936,1789121128366128906,1789121128769220124,0.0,405,0,0.0,False,False,False,False
B5_LOCKED_TC,BENIGN_DIVERSE_HIGH,3,r03-t045-f872a5d2,1789121128781592048,1789121129159430671,0.0,405,0,0.0,False,False,False,False
B5_LOCKED_TC,BENIGN_DIVERSE_HIGH,3,r03-t046-4e0bc35c,1789121129170099872,1789121129562092461,0.0,405,0,0.0,False,False,False,False
B5_LOCKED_TC,BENIGN_DIVERSE_HIGH,3,r03-t047-d5a00556,1789121129572613459,1789121129973580496,0.0,405,0,0.0,False,False,False,False
B5_LOCKED_TC,BENIGN_DIVERSE_HIGH,3,r03-t048-9824eba8,1789121131621067856,1789121133631338738,0.0,138,0,0.0,False,False,False,False
B5_LOCKED_TC,BENIGN_DIVERSE_HIGH,3,r03-t049-cd703da3,1789121133645598022,1789121134042536819,0.0,342,0,0.0,False,False,False,False
B1_RL2_TC,BENIGN_DIVERSE_HIGH,4,r04-t000-dd519991,1789121147624308886,1789121148815261849,0.0,400,0,0.0,False,False,False,False
B1_RL2_TC,BENIGN_DIVERSE_HIGH,4,r04-t001-b68d5f83,1789121148826871092,1789121149244673804,0.0,403,0,0.0,False,False,False,False
B1_RL2_TC,BENIGN_DIVERSE_HIGH,4,r04-t002-f3c8f1a5,1789121149256153530,1789121149663377247,0.0,404,0,0.0,False,False,False,False
B1_RL2_TC,BENIGN_DIVERSE_HIGH,4,r04-t003-7a293757,1789121149674006950,1789121150078436702,0.0,405,0,0.0,False,False,False,False
B1_RL2_TC,BENIGN_DIVERSE_HIGH,4,r04-t004-e398da30,1789121150089653523,1789121150497629442,0.0,405,0,0.0,False,False,False,False
B1_RL2_TC,BENIGN_DIVERSE_HIGH,4,r04-t005-f52216cb,1789121150509617861,1789121150886826210,0.0,405,0,0.0,False,False,False,False
B1_RL2_TC,BENIGN_DIVERSE_HIGH,4,r04-t006-c12761ba,1789121150898108308,1789121151268419967,0.0,405,0,0.0,False,False,False,False
B1_RL2_TC,BENIGN_DIVERSE_HIGH,4,r04-t007-c8d6b73d,1789121151279337741,1789121151680434093,0.0,405,0,0.0,False,False,False,False
B1_RL2_TC,BENIGN_DIVERSE_HIGH,4,r04-t008-1e5bf667,1789121151693215771,1789121152088036606,0.0,405,0,0.0,False,False,False,False
B1_RL2_TC,BENIGN_DIVERSE_HIGH,4,r04-t009-1895d435,1789121152098958829,1789121152499053598,0.0,405,0,0.0,False,False,False,False
B1_RL2_TC,BENIGN_DIVERSE_HIGH,4,r04-t010-bdbfc2ec,1789121152509804561,1789121152893182579,0.0,405,0,0.0,False,False,False,False
B1_RL2_TC,BENIGN_DIVERSE_HIGH,4,r04-t011-dbabbee3,1789121152904163610,1789121153313797292,0.0,405,0,0.0,False,False,False,False
B1_RL2_TC,BENIGN_DIVERSE_HIGH,4,r04-t012-a7c13aae,1789121153324825417,1789121153749565443,0.0,405,0,0.0,False,False,False,False
B1_RL2_TC,BENIGN_DIVERSE_HIGH,4,r04-t013-779da8e6,1789121153762591697,1789121154146304300,0.0,405,0,0.0,False,False,False,False
B1_RL2_TC,BENIGN_DIVERSE_HIGH,4,r04-t014-84d719c4,1789121154157827906,1789121154587910770,0.0,405,0,0.0,False,False,False,False
B1_RL2_TC,BENIGN_DIVERSE_HIGH,4,r04-t015-8cf799bb,1789121154599080651,1789121154973626428,0.0,405,0,0.0,False,False,False,False
B1_RL2_TC,BENIGN_DIVERSE_HIGH,4,r04-t016-9d1af8f8,1789121154984448837,1789121155429899384,0.0,405,0,0.0,False,False,False,False
B1_RL2_TC,BENIGN_DIVERSE_HIGH,4,r04-t017-ec51f9f3,1789121155442643074,1789121155851167348,0.0,405,0,0.0,False,False,False,False
B1_RL2_TC,BENIGN_DIVERSE_HIGH,4,r04-t018-d863d981,1789121155864039337,1789121156270423728,0.0,405,0,0.0,False,False,False,False
B1_RL2_TC,BENIGN_DIVERSE_HIGH,4,r04-t019-b2e42ed3,1789121156281923266,1789121156675260462,0.0,405,0,0.0,False,False,False,False
B1_RL2_TC,BENIGN_DIVERSE_HIGH,4,r04-t020-68644e26,1789121156687434572,1789121157084177028,0.0,405,0,0.0,False,False,False,False
B1_RL2_TC,BENIGN_DIVERSE_HIGH,4,r04-t021-89cc46b4,1789121157095411723,1789121157523853691,0.0,405,0,0.0,False,False,False,False
B1_RL2_TC,BENIGN_DIVERSE_HIGH,4,r04-t022-e3132399,1789121157535751869,1789121157957317652,0.0,405,0,0.0,False,False,False,False
B1_RL2_TC,BENIGN_DIVERSE_HIGH,4,r04-t023-30e770c4,1789121157968543817,1789121158378988898,0.0,405,0,0.0,False,False,False,False
B1_RL2_TC,BENIGN_DIVERSE_HIGH,4,r04-t024-b35b87f9,1789121158390179815,1789121158798866217,0.0,405,0,0.0,False,False,False,False
B1_RL2_TC,BENIGN_DIVERSE_HIGH,4,r04-t025-5843d78b,1789121158809902966,1789121159196765839,0.0,405,0,0.0,False,False,False,False
B1_RL2_TC,BENIGN_DIVERSE_HIGH,4,r04-t026-b9bb56e1,1789121159207753882,1789121159582366936,0.0,405,0,0.0,False,False,False,False
B1_RL2_TC,BENIGN_DIVERSE_HIGH,4,r04-t027-f036bffb,1789121159593171152,1789121160019818529,0.0,405,0,0.0,False,False,False,False
B1_RL2_TC,BENIGN_DIVERSE_HIGH,4,r04-t028-c92cbb3b,1789121160031820276,1789121160427465627,0.0,405,0,0.0,False,False,False,False
B1_RL2_TC,BENIGN_DIVERSE_HIGH,4,r04-t029-09c662cc,1789121160439021153,1789121160832046442,0.0,405,0,0.0,False,False,False,False
B1_RL2_TC,BENIGN_DIVERSE_HIGH,4,r04-t030-729f0196,1789121160843118156,1789121161219984657,0.0,405,0,0.0,False,False,False,False
B1_RL2_TC,BENIGN_DIVERSE_HIGH,4,r04-t031-24174c61,1789121161234011438,1789121161647366607,0.0,405,0,0.0,False,False,False,False
B1_RL2_TC,BENIGN_DIVERSE_HIGH,4,r04-t032-5f8bdc97,1789121163319508619,1789121165329755804,0.0,127,0,0.0,False,False,False,False
B1_RL2_TC,BENIGN_DIVERSE_HIGH,4,r04-t033-f3b78fb0,1789121165341784983,1789121165744394204,0.0,347,0,0.0,False,False,False,False
B1_RL2_TC,BENIGN_DIVERSE_HIGH,4,r04-t034-f6f728f5,1789121165756744782,1789121166179333815,0.0,401,0,0.0,False,False,False,False
B1_RL2_TC,BENIGN_DIVERSE_HIGH,4,r04-t035-cb801ee4,1789121166190815588,1789121166598916624,0.0,402,0,0.0,False,False,False,False
B1_RL2_TC,BENIGN_DIVERSE_HIGH,4,r04-t036-dde192ed,1789121166610477938,1789121167043394606,0.0,403,0,0.0,False,False,False,False
B1_RL2_TC,BENIGN_DIVERSE_HIGH,4,r04-t037-6b748879,1789121167056125531,1789121167440406271,0.0,404,0,0.0,False,False,False,False
B1_RL2_TC,BENIGN_DIVERSE_HIGH,4,r04-t038-ece9a0e9,1789121167451368353,1789121167838132402,0.0,405,0,0.0,False,False,False,False
B1_RL2_TC,BENIGN_DIVERSE_HIGH,4,r04-t039-90e6b381,1789121167849041993,1789121168222916980,0.0,405,0,0.0,False,False,False,False
B1_RL2_TC,BENIGN_DIVERSE_HIGH,4,r04-t040-216a9fb9,1789121168236533514,1789121168644816132,0.0,405,0,0.0,False,False,False,False
B1_RL2_TC,BENIGN_DIVERSE_HIGH,4,r04-t041-95479ddf,1789121168655891074,1789121169049427036,0.0,405,0,0.0,False,False,False,False
B1_RL2_TC,BENIGN_DIVERSE_HIGH,4,r04-t042-3b1ce35a,1789121169061207712,1789121169486461639,0.0,405,0,0.0,False,False,False,False
B1_RL2_TC,BENIGN_DIVERSE_HIGH,4,r04-t043-22b93836,1789121169497695097,1789121169876321213,0.0,405,0,0.0,False,False,False,False
B1_RL2_TC,BENIGN_DIVERSE_HIGH,4,r04-t044-338ad17d,1789121169887096348,1789121170270790391,0.0,405,0,0.0,False,False,False,False
B1_RL2_TC,BENIGN_DIVERSE_HIGH,4,r04-t045-9085e7a8,1789121170282631160,1789121170690503212,0.0,405,0,0.0,False,False,False,False
B1_RL2_TC,BENIGN_DIVERSE_HIGH,4,r04-t046-7686039d,1789121170701529904,1789121171118995880,0.0,405,0,0.0,False,False,False,False
B1_RL2_TC,BENIGN_DIVERSE_HIGH,4,r04-t047-834df5d6,1789121171130524739,1789121171519876411,0.0,405,0,0.0,False,False,False,False
B1_RL2_TC,BENIGN_DIVERSE_HIGH,4,r04-t048-fb224973,1789121171530879002,1789121171944485735,0.0,405,0,0.0,False,False,False,False
B1_RL2_TC,BENIGN_DIVERSE_HIGH,4,r04-t049-bde4f9c3,1789121171955677160,1789121172366374990,0.0,405,0,0.0,False,False,False,False
B0_OFF,BENIGN_DIVERSE_HIGH,4,r04-t000-dd519991,1789121185653857693,1789121186387174311,0.0,400,0,0.0,False,False,False,False
B0_OFF,BENIGN_DIVERSE_HIGH,4,r04-t001-b68d5f83,1789121186398253317,1789121186724861072,0.0,402,0,0.0,False,False,False,False
B0_OFF,BENIGN_DIVERSE_HIGH,4,r04-t002-f3c8f1a5,1789121186735584207,1789121187054888624,0.0,403,0,0.0,False,False,False,False
B0_OFF,BENIGN_DIVERSE_HIGH,4,r04-t003-7a293757,1789121187066932206,1789121187407598459,0.0,404,0,0.0,False,False,False,False
B0_OFF,BENIGN_DIVERSE_HIGH,4,r04-t004-e398da30,1789121187420639346,1789121187766228283,0.0,405,0,0.0,False,False,False,False
B0_OFF,BENIGN_DIVERSE_HIGH,4,r04-t005-f52216cb,1789121187778317782,1789121188125072047,0.0,406,0,0.0,False,False,False,False
B0_OFF,BENIGN_DIVERSE_HIGH,4,r04-t006-c12761ba,1789121188136389469,1789121188484917198,0.0,405,0,0.0,False,False,False,False
B0_OFF,BENIGN_DIVERSE_HIGH,4,r04-t007-c8d6b73d,1789121188496478348,1789121188847599625,0.0,405,0,0.0,False,False,False,False
B0_OFF,BENIGN_DIVERSE_HIGH,4,r04-t008-1e5bf667,1789121188860043097,1789121189199435487,0.0,406,0,0.0,False,False,False,False
B0_OFF,BENIGN_DIVERSE_HIGH,4,r04-t009-1895d435,1789121189210908786,1789121189544588387,0.0,406,0,0.0,False,False,False,False
B0_OFF,BENIGN_DIVERSE_HIGH,4,r04-t010-bdbfc2ec,1789121189555392545,1789121189894978191,0.0,406,0,0.0,False,False,False,False
B0_OFF,BENIGN_DIVERSE_HIGH,4,r04-t011-dbabbee3,1789121189907212942,1789121190279569113,0.0,406,0,0.0,False,False,False,False
B0_OFF,BENIGN_DIVERSE_HIGH,4,r04-t012-a7c13aae,1789121190290707984,1789121190631152898,0.0,406,0,0.0,False,False,False,False
B0_OFF,BENIGN_DIVERSE_HIGH,4,r04-t013-779da8e6,1789121190643005784,1789121190975253369,0.0,406,0,0.0,False,False,False,False
B0_OFF,BENIGN_DIVERSE_HIGH,4,r04-t014-84d719c4,1789121190987756136,1789121191340374701,0.0,406,0,0.0,False,False,False,False
B0_OFF,BENIGN_DIVERSE_HIGH,4,r04-t015-8cf799bb,1789121191352629850,1789121191690808813,0.0,406,0,0.0,False,False,False,False
B0_OFF,BENIGN_DIVERSE_HIGH,4,r04-t016-9d1af8f8,1789121191702154126,1789121192031708736,0.0,406,0,0.0,False,False,False,False
B0_OFF,BENIGN_DIVERSE_HIGH,4,r04-t017-ec51f9f3,1789121192043051110,1789121192379687244,0.0,406,0,0.0,False,False,False,False
B0_OFF,BENIGN_DIVERSE_HIGH,4,r04-t018-d863d981,1789121192390650695,1789121192719289021,0.0,406,0,0.0,False,False,False,False
B0_OFF,BENIGN_DIVERSE_HIGH,4,r04-t019-b2e42ed3,1789121192730186913,1789121193076904935,0.0,406,0,0.0,False,False,False,False
B0_OFF,BENIGN_DIVERSE_HIGH,4,r04-t020-68644e26,1789121193724894663,1789121194063386706,0.0,330,0,0.0,False,False,False,False
B0_OFF,BENIGN_DIVERSE_HIGH,4,r04-t021-89cc46b4,1789121195078064618,1789121195432075448,0.0,105,0,0.0,False,False,False,False
B0_OFF,BENIGN_DIVERSE_HIGH,4,r04-t022-e3132399,1789121195442908163,1789121195779222553,0.0,93,0,0.0,False,False,False,False
B0_OFF,BENIGN_DIVERSE_HIGH,4,r04-t023-30e770c4,1789121195792314516,1789121196139135885,0.0,164,0,0.0,False,False,False,False
B0_OFF,BENIGN_DIVERSE_HIGH,4,r04-t024-b35b87f9,1789121196150158407,1789121196506687445,0.0,204,0,0.0,False,False,False,False
B0_OFF,BENIGN_DIVERSE_HIGH,4,r04-t025-5843d78b,1789121196519806271,1789121196858377505,0.0,262,0,0.0,False,False,False,False
B0_OFF,BENIGN_DIVERSE_HIGH,4,r04-t026-b9bb56e1,1789121196872425016,1789121197211573035,0.0,333,0,0.0,False,False,False,False
B0_OFF,BENIGN_DIVERSE_HIGH,4,r04-t027-f036bffb,1789121197222710041,1789121197562576858,0.0,404,0,0.0,False,False,False,False
B0_OFF,BENIGN_DIVERSE_HIGH,4,r04-t028-c92cbb3b,1789121197575238794,1789121197918878258,0.0,406,0,0.0,False,False,False,False
B0_OFF,BENIGN_DIVERSE_HIGH,4,r04-t029-09c662cc,1789121197931188579,1789121198256572732,0.0,406,0,0.0,False,False,False,False
B0_OFF,BENIGN_DIVERSE_HIGH,4,r04-t030-729f0196,1789121198267347870,1789121198605683301,0.0,406,0,0.0,False,False,False,False
B0_OFF,BENIGN_DIVERSE_HIGH,4,r04-t031-24174c61,1789121198616519953,1789121198947189817,0.0,406,0,0.0,False,False,False,False
B0_OFF,BENIGN_DIVERSE_HIGH,4,r04-t032-5f8bdc97,1789121198959532794,1789121199299095555,0.0,406,0,0.0,False,False,False,False
B0_OFF,BENIGN_DIVERSE_HIGH,4,r04-t033-f3b78fb0,1789121199311219626,1789121199662881587,0.0,406,0,0.0,False,False,False,False
B0_OFF,BENIGN_DIVERSE_HIGH,4,r04-t034-f6f728f5,1789121199675331739,1789121200008374814,0.0,406,0,0.0,False,False,False,False
B0_OFF,BENIGN_DIVERSE_HIGH,4,r04-t035-cb801ee4,1789121200021085448,1789121200378727807,0.0,406,0,0.0,False,False,False,False
B0_OFF,BENIGN_DIVERSE_HIGH,4,r04-t036-dde192ed,1789121200390204276,1789121200727819011,0.0,406,0,0.0,False,False,False,False
B0_OFF,BENIGN_DIVERSE_HIGH,4,r04-t037-6b748879,1789121200739680130,1789121201083669879,0.0,406,0,0.0,False,False,False,False
B0_OFF,BENIGN_DIVERSE_HIGH,4,r04-t038-ece9a0e9,1789121201096076458,1789121201456381559,0.0,406,0,0.0,False,False,False,False
B0_OFF,BENIGN_DIVERSE_HIGH,4,r04-t039-90e6b381,1789121201468950845,1789121201818825209,0.0,406,0,0.0,False,False,False,False
B0_OFF,BENIGN_DIVERSE_HIGH,4,r04-t040-216a9fb9,1789121201830870870,1789121202163950492,0.0,406,0,0.0,False,False,False,False
B0_OFF,BENIGN_DIVERSE_HIGH,4,r04-t041-95479ddf,1789121202176767827,1789121202507987707,0.0,406,0,0.0,False,False,False,False
B0_OFF,BENIGN_DIVERSE_HIGH,4,r04-t042-3b1ce35a,1789121202520693024,1789121202860673375,0.0,406,0,0.0,False,False,False,False
B0_OFF,BENIGN_DIVERSE_HIGH,4,r04-t043-22b93836,1789121202873611080,1789121203224153170,0.0,406,0,0.0,False,False,False,False
B0_OFF,BENIGN_DIVERSE_HIGH,4,r04-t044-338ad17d,1789121203237542921,1789121203579317241,0.0,406,0,0.0,False,False,False,False
B0_OFF,BENIGN_DIVERSE_HIGH,4,r04-t045-9085e7a8,1789121203590839361,1789121203922735909,0.0,406,0,0.0,False,False,False,False
B0_OFF,BENIGN_DIVERSE_HIGH,4,r04-t046-7686039d,1789121203935063937,1789121204260488686,0.0,406,0,0.0,False,False,False,False
B0_OFF,BENIGN_DIVERSE_HIGH,4,r04-t047-834df5d6,1789121204271224538,1789121204641113022,0.0,406,0,0.0,False,False,False,False
B0_OFF,BENIGN_DIVERSE_HIGH,4,r04-t048-fb224973,1789121204652278830,1789121204982724822,0.0,406,0,0.0,False,False,False,False
B0_OFF,BENIGN_DIVERSE_HIGH,4,r04-t049-bde4f9c3,1789121204994201812,1789121205331345722,0.0,406,0,0.0,False,False,False,False
B1_RL2_TC,BENIGN_DIVERSE_MODERATE,4,r04-t000-6e317466,1789121217407268346,1789121218580455400,0.0,24,0,0.0,False,False,False,False
B1_RL2_TC,BENIGN_DIVERSE_MODERATE,4,r04-t001-a129ca84,1789121218591226045,1789121218949646429,0.0,27,0,0.0,False,False,False,False
B1_RL2_TC,BENIGN_DIVERSE_MODERATE,4,r04-t002-6a92ad62,1789121218959750249,1789121219370174013,0.0,28,0,0.0,False,False,False,False
B1_RL2_TC,BENIGN_DIVERSE_MODERATE,4,r04-t003-8cc19f96,1789121219380353574,1789121219726790507,0.0,29,0,0.0,False,False,False,False
B1_RL2_TC,BENIGN_DIVERSE_MODERATE,4,r04-t004-008925cd,1789121219737979043,1789121220113234916,0.0,30,0,0.0,False,False,False,False
B1_RL2_TC,BENIGN_DIVERSE_MODERATE,4,r04-t005-ee47b4c4,1789121220123127231,1789121220506975117,0.0,30,0,0.0,False,False,False,False
B1_RL2_TC,BENIGN_DIVERSE_MODERATE,4,r04-t006-ca56db66,1789121220517345447,1789121220914374986,0.0,29,0,0.0,False,False,False,False
B1_RL2_TC,BENIGN_DIVERSE_MODERATE,4,r04-t007-84fd1f5f,1789121220924977868,1789121221313346768,0.0,29,0,0.0,False,False,False,False
B1_RL2_TC,BENIGN_DIVERSE_MODERATE,4,r04-t008-7fd3b23d,1789121221324620350,1789121221718450725,0.0,29,0,0.0,False,False,False,False
B1_RL2_TC,BENIGN_DIVERSE_MODERATE,4,r04-t009-d2ef3df6,1789121221730075890,1789121222110293107,0.0,29,0,0.0,False,False,False,False
B1_RL2_TC,BENIGN_DIVERSE_MODERATE,4,r04-t010-d92504d3,1789121222120288315,1789121222473044577,0.0,29,0,0.0,False,False,False,False
B1_RL2_TC,BENIGN_DIVERSE_MODERATE,4,r04-t011-7b2fe2e4,1789121222483086579,1789121222855468386,0.0,29,0,0.0,False,False,False,False
B1_RL2_TC,BENIGN_DIVERSE_MODERATE,4,r04-t012-ed37b395,1789121222866154703,1789121223245774877,0.0,29,0,0.0,False,False,False,False
B1_RL2_TC,BENIGN_DIVERSE_MODERATE,4,r04-t013-f43bda63,1789121223255850766,1789121223629081722,0.0,30,0,0.0,False,False,False,False
B1_RL2_TC,BENIGN_DIVERSE_MODERATE,4,r04-t014-8f8d7eba,1789121223638798910,1789121223997810743,0.0,30,0,0.0,False,False,False,False
B1_RL2_TC,BENIGN_DIVERSE_MODERATE,4,r04-t015-4f085781,1789121224009056421,1789121224411001744,0.0,30,0,0.0,False,False,False,False
B1_RL2_TC,BENIGN_DIVERSE_MODERATE,4,r04-t016-90e30cc1,1789121224421102312,1789121224797377050,0.0,30,0,0.0,False,False,False,False
B1_RL2_TC,BENIGN_DIVERSE_MODERATE,4,r04-t017-276bc871,1789121225505018097,1789121225879585803,0.0,22,0,0.0,False,False,False,False
B1_RL2_TC,BENIGN_DIVERSE_MODERATE,4,r04-t018-4115460a,1789121226885717708,1789121227251727382,0.0,5,0,0.0,False,False,False,False
B1_RL2_TC,BENIGN_DIVERSE_MODERATE,4,r04-t019-abca50de,1789121227262045316,1789121227639721065,0.0,8,0,0.0,False,False,False,False
B1_RL2_TC,BENIGN_DIVERSE_MODERATE,4,r04-t020-236eb14d,1789121227650025615,1789121228027612045,0.0,14,0,0.0,False,False,False,False
B1_RL2_TC,BENIGN_DIVERSE_MODERATE,4,r04-t021-7a02329f,1789121228038311459,1789121228395087275,0.0,17,0,0.0,False,False,False,False
B1_RL2_TC,BENIGN_DIVERSE_MODERATE,4,r04-t022-582a43d3,1789121228404972757,1789121228775848857,0.0,22,0,0.0,False,False,False,False
B1_RL2_TC,BENIGN_DIVERSE_MODERATE,4,r04-t023-079fc6bb,1789121228786161475,1789121229143197560,0.0,28,0,0.0,False,False,False,False
B1_RL2_TC,BENIGN_DIVERSE_MODERATE,4,r04-t024-4db6baea,1789121229153061304,1789121229526975034,0.0,30,0,0.0,False,False,False,False
B1_RL2_TC,BENIGN_DIVERSE_MODERATE,4,r04-t025-a029766f,1789121229536961739,1789121229900498276,0.0,30,0,0.0,False,False,False,False
B1_RL2_TC,BENIGN_DIVERSE_MODERATE,4,r04-t026-6143200b,1789121229910160346,1789121230268326260,0.0,30,0,0.0,False,False,False,False
B1_RL2_TC,BENIGN_DIVERSE_MODERATE,4,r04-t027-16b68826,1789121230279122940,1789121230654518149,0.0,30,0,0.0,False,False,False,False
B1_RL2_TC,BENIGN_DIVERSE_MODERATE,4,r04-t028-ff0fa186,1789121230664753078,1789121231053346792,0.0,30,0,0.0,False,False,False,False
B1_RL2_TC,BENIGN_DIVERSE_MODERATE,4,r04-t029-b0f64e13,1789121231065052546,1789121231444266015,0.0,30,0,0.0,False,False,False,False
B1_RL2_TC,BENIGN_DIVERSE_MODERATE,4,r04-t030-9e0677ee,1789121231455821695,1789121231823510143,0.0,30,0,0.0,False,False,False,False
B1_RL2_TC,BENIGN_DIVERSE_MODERATE,4,r04-t031-50aa9ec9,1789121231833451191,1789121232204308249,0.0,30,0,0.0,False,False,False,False
B1_RL2_TC,BENIGN_DIVERSE_MODERATE,4,r04-t032-5588633f,1789121232216082441,1789121232579953105,0.0,30,0,0.0,False,False,False,False
B1_RL2_TC,BENIGN_DIVERSE_MODERATE,4,r04-t033-e77d8b1b,1789121232590950546,1789121232951897216,0.0,29,0,0.0,False,False,False,False
B1_RL2_TC,BENIGN_DIVERSE_MODERATE,4,r04-t034-c3bb1f67,1789121232962474340,1789121233324156754,0.0,30,0,0.0,False,False,False,False
B1_RL2_TC,BENIGN_DIVERSE_MODERATE,4,r04-t035-82b8bea8,1789121233335713004,1789121233696768265,0.0,30,0,0.0,False,False,False,False
B1_RL2_TC,BENIGN_DIVERSE_MODERATE,4,r04-t036-9414ba05,1789121233706903050,1789121234111963737,0.0,30,0,0.0,False,False,False,False
B1_RL2_TC,BENIGN_DIVERSE_MODERATE,4,r04-t037-444dbc73,1789121234122177877,1789121234504524265,0.0,30,0,0.0,False,False,False,False
B1_RL2_TC,BENIGN_DIVERSE_MODERATE,4,r04-t038-63c3d90c,1789121234518585046,1789121234884723219,0.0,30,0,0.0,False,False,False,False
B1_RL2_TC,BENIGN_DIVERSE_MODERATE,4,r04-t039-72f253e9,1789121234895278321,1789121235279481963,0.0,30,0,0.0,False,False,False,False
B1_RL2_TC,BENIGN_DIVERSE_MODERATE,4,r04-t040-3a9c73fc,1789121235289443798,1789121235666980650,0.0,29,0,0.0,False,False,False,False
B1_RL2_TC,BENIGN_DIVERSE_MODERATE,4,r04-t041-4cb74a9e,1789121235677319899,1789121236062883116,0.0,29,0,0.0,False,False,False,False
B1_RL2_TC,BENIGN_DIVERSE_MODERATE,4,r04-t042-74ec8e2e,1789121236072972054,1789121236442208309,0.0,29,0,0.0,False,False,False,False
B1_RL2_TC,BENIGN_DIVERSE_MODERATE,4,r04-t043-70d058f1,1789121236452560846,1789121236862965768,0.0,29,0,0.0,False,False,False,False
B1_RL2_TC,BENIGN_DIVERSE_MODERATE,4,r04-t044-55427614,1789121236873056602,1789121237244127915,0.0,29,0,0.0,False,False,False,False
B1_RL2_TC,BENIGN_DIVERSE_MODERATE,4,r04-t045-37c8bebc,1789121237254435132,1789121237637169674,0.0,29,0,0.0,False,False,False,False
B1_RL2_TC,BENIGN_DIVERSE_MODERATE,4,r04-t046-3fc9d5ca,1789121237647418048,1789121237999640381,0.0,29,0,0.0,False,False,False,False
B1_RL2_TC,BENIGN_DIVERSE_MODERATE,4,r04-t047-19862dbe,1789121238011098731,1789121238395511631,0.0,30,0,0.0,False,False,False,False
B1_RL2_TC,BENIGN_DIVERSE_MODERATE,4,r04-t048-7f29b69f,1789121238405632952,1789121238776019305,0.0,29,0,0.0,False,False,False,False
B1_RL2_TC,BENIGN_DIVERSE_MODERATE,4,r04-t049-8aa341a6,1789121238787754560,1789121239182894810,0.0,30,0,0.0,False,False,False,False
RFC_DROP_NATIVE,BENIGN_DIVERSE_MODERATE,4,r04-t000-6e317466,1789121250200104125,1789121252220691608,0.0,24,0,0.0,False,False,False,False
RFC_DROP_NATIVE,BENIGN_DIVERSE_MODERATE,4,r04-t001-a129ca84,1789121250205284452,1789121252214763614,0.0,24,0,0.0,False,False,False,False
RFC_DROP_NATIVE,BENIGN_DIVERSE_MODERATE,4,r04-t002-6a92ad62,1789121250214417784,1789121252222534578,0.0,24,0,0.0,False,False,False,False
RFC_DROP_NATIVE,BENIGN_DIVERSE_MODERATE,4,r04-t003-8cc19f96,1789121250224545986,1789121252234545848,0.0,24,0,0.0,False,False,False,False
RFC_DROP_NATIVE,BENIGN_DIVERSE_MODERATE,4,r04-t004-008925cd,1789121250234279078,1789121252242772070,0.0,24,0,0.0,False,False,False,False
RFC_DROP_NATIVE,BENIGN_DIVERSE_MODERATE,4,r04-t005-ee47b4c4,1789121250244232894,1789121252253621175,0.0,24,0,0.0,False,False,False,False
RFC_DROP_NATIVE,BENIGN_DIVERSE_MODERATE,4,r04-t006-ca56db66,1789121250254250639,1789121252262672514,0.0,24,0,0.0,False,False,False,False
RFC_DROP_NATIVE,BENIGN_DIVERSE_MODERATE,4,r04-t007-84fd1f5f,1789121250264171829,1789121252274081377,0.0,24,0,0.0,False,False,False,False
RFC_DROP_NATIVE,BENIGN_DIVERSE_MODERATE,4,r04-t008-7fd3b23d,1789121250274388832,1789121252284595423,0.0,24,0,0.0,False,False,False,False
RFC_DROP_NATIVE,BENIGN_DIVERSE_MODERATE,4,r04-t009-d2ef3df6,1789121250284324396,1789121252294381946,0.0,24,0,0.0,False,False,False,False
RFC_DROP_NATIVE,BENIGN_DIVERSE_MODERATE,4,r04-t010-d92504d3,1789121250294366447,1789121252302528256,0.0,24,0,0.0,False,False,False,False
RFC_DROP_NATIVE,BENIGN_DIVERSE_MODERATE,4,r04-t011-7b2fe2e4,1789121250304767577,1789121252314958281,0.0,24,0,0.0,False,False,False,False
RFC_DROP_NATIVE,BENIGN_DIVERSE_MODERATE,4,r04-t012-ed37b395,1789121250314682241,1789121252324468660,0.0,24,0,0.0,False,False,False,False
RFC_DROP_NATIVE,BENIGN_DIVERSE_MODERATE,4,r04-t013-f43bda63,1789121250324348473,1789121252333461462,0.0,24,0,0.0,False,False,False,False
RFC_DROP_NATIVE,BENIGN_DIVERSE_MODERATE,4,r04-t014-8f8d7eba,1789121250334683499,1789121252344955248,0.0,24,0,0.0,False,False,False,False
RFC_DROP_NATIVE,BENIGN_DIVERSE_MODERATE,4,r04-t015-4f085781,1789121250344179315,1789121252354215397,0.0,24,0,0.0,False,False,False,False
RFC_DROP_NATIVE,BENIGN_DIVERSE_MODERATE,4,r04-t016-90e30cc1,1789121250354320473,1789121252363161859,0.0,24,0,0.0,False,False,False,False
RFC_DROP_NATIVE,BENIGN_DIVERSE_MODERATE,4,r04-t017-276bc871,1789121250364225776,1789121252374068652,0.0,24,0,0.0,False,False,False,False
RFC_DROP_NATIVE,BENIGN_DIVERSE_MODERATE,4,r04-t018-4115460a,1789121250374300358,1789121252382685162,0.0,24,0,0.0,False,False,False,False
RFC_DROP_NATIVE,BENIGN_DIVERSE_MODERATE,4,r04-t019-abca50de,1789121250384088015,1789121252393971746,0.0,24,0,0.0,False,False,False,False
RFC_DROP_NATIVE,BENIGN_DIVERSE_MODERATE,4,r04-t020-236eb14d,1789121250394344360,1789121252402525461,0.0,24,0,0.0,False,False,False,False
RFC_DROP_NATIVE,BENIGN_DIVERSE_MODERATE,4,r04-t021-7a02329f,1789121250404250135,1789121252414306361,0.0,24,0,0.0,False,False,False,False
RFC_DROP_NATIVE,BENIGN_DIVERSE_MODERATE,4,r04-t022-582a43d3,1789121250414226554,1789121252422643796,0.0,24,0,0.0,False,False,False,False
RFC_DROP_NATIVE,BENIGN_DIVERSE_MODERATE,4,r04-t023-079fc6bb,1789121250424377925,1789121252434369938,0.0,24,0,0.0,False,False,False,False
RFC_DROP_NATIVE,BENIGN_DIVERSE_MODERATE,4,r04-t024-4db6baea,1789121250434376568,1789121252442662926,0.0,24,0,0.0,False,False,False,False
RFC_DROP_NATIVE,BENIGN_DIVERSE_MODERATE,4,r04-t025-a029766f,1789121250445083441,1789121252454371384,0.0,24,0,0.0,False,False,False,False
RFC_DROP_NATIVE,BENIGN_DIVERSE_MODERATE,4,r04-t026-6143200b,1789121250454548145,1789121252463403433,0.0,24,0,0.0,False,False,False,False
RFC_DROP_NATIVE,BENIGN_DIVERSE_MODERATE,4,r04-t027-16b68826,1789121250464107984,1789121252484372512,0.0,24,0,0.0,False,False,False,False
RFC_DROP_NATIVE,BENIGN_DIVERSE_MODERATE,4,r04-t028-ff0fa186,1789121250474329244,1789121252523020887,0.0,24,0,0.0,False,False,False,False
RFC_DROP_NATIVE,BENIGN_DIVERSE_MODERATE,4,r04-t029-b0f64e13,1789121250503655524,1789121252515039978,0.0,24,0,0.0,False,False,False,False
RFC_DROP_NATIVE,BENIGN_DIVERSE_MODERATE,4,r04-t030-9e0677ee,1789121250505367704,1789121252514887342,0.0,24,0,0.0,False,False,False,False
RFC_DROP_NATIVE,BENIGN_DIVERSE_MODERATE,4,r04-t031-50aa9ec9,1789121250507043381,1789121252526904193,0.0,24,0,0.0,False,False,False,False
RFC_DROP_NATIVE,BENIGN_DIVERSE_MODERATE,4,r04-t032-5588633f,1789121250514998945,1789121252536145806,0.0,24,0,0.0,False,False,False,False
RFC_DROP_NATIVE,BENIGN_DIVERSE_MODERATE,4,r04-t033-e77d8b1b,1789121250524839183,1789121252536867560,0.0,24,0,0.0,False,False,False,False
RFC_DROP_NATIVE,BENIGN_DIVERSE_MODERATE,4,r04-t034-c3bb1f67,1789121250534609629,1789121252552686104,0.0,24,0,0.0,False,False,False,False
RFC_DROP_NATIVE,BENIGN_DIVERSE_MODERATE,4,r04-t035-82b8bea8,1789121250544506136,1789121252554301161,0.0,24,0,0.0,False,False,False,False
RFC_DROP_NATIVE,BENIGN_DIVERSE_MODERATE,4,r04-t036-9414ba05,1789121250554421464,1789121252562372383,0.0,24,0,0.0,False,False,False,False
RFC_DROP_NATIVE,BENIGN_DIVERSE_MODERATE,4,r04-t037-444dbc73,1789121250564411311,1789121252574194041,0.0,24,0,0.0,False,False,False,False
RFC_DROP_NATIVE,BENIGN_DIVERSE_MODERATE,4,r04-t038-63c3d90c,1789121250574507076,1789121252582612239,0.0,24,0,0.0,False,False,False,False
RFC_DROP_NATIVE,BENIGN_DIVERSE_MODERATE,4,r04-t039-72f253e9,1789121250584467606,1789121252594516455,0.0,25,0,0.0,False,False,False,False
RFC_DROP_NATIVE,BENIGN_DIVERSE_MODERATE,4,r04-t040-3a9c73fc,1789121250594714306,1789121252604696389,0.0,25,0,0.0,False,False,False,False
RFC_DROP_NATIVE,BENIGN_DIVERSE_MODERATE,4,r04-t041-4cb74a9e,1789121250604449666,1789121252614729359,0.0,25,0,0.0,False,False,False,False
RFC_DROP_NATIVE,BENIGN_DIVERSE_MODERATE,4,r04-t042-74ec8e2e,1789121250614484245,1789121252624219785,0.0,25,0,0.0,False,False,False,False
RFC_DROP_NATIVE,BENIGN_DIVERSE_MODERATE,4,r04-t043-70d058f1,1789121250624103948,1789121252633916940,0.0,25,0,0.0,False,False,False,False
RFC_DROP_NATIVE,BENIGN_DIVERSE_MODERATE,4,r04-t044-55427614,1789121250634384501,1789121252642442663,0.0,25,0,0.0,False,False,False,False
RFC_DROP_NATIVE,BENIGN_DIVERSE_MODERATE,4,r04-t045-37c8bebc,1789121250644228900,1789121252664381648,0.0,25,0,0.0,False,False,False,False
RFC_DROP_NATIVE,BENIGN_DIVERSE_MODERATE,4,r04-t046-3fc9d5ca,1789121250654468979,1789121252664099642,0.0,25,0,0.0,False,False,False,False
RFC_DROP_NATIVE,BENIGN_DIVERSE_MODERATE,4,r04-t047-19862dbe,1789121250664339385,1789121252684632001,0.0,25,0,0.0,False,False,False,False
RFC_DROP_NATIVE,BENIGN_DIVERSE_MODERATE,4,r04-t048-7f29b69f,1789121250674216411,1789121252695149641,0.0,25,0,0.0,False,False,False,False
RFC_DROP_NATIVE,BENIGN_DIVERSE_MODERATE,4,r04-t049-8aa341a6,1789121250684245315,1789121252694784791,0.0,25,0,0.0,False,False,False,False
RFC_DROP_NATIVE,ATTACK_DIVERSE_HIGH,4,r04-t000-dd519991,1789121284510513322,1789121286523730273,0.0,399,0,0.0,False,False,False,False
RFC_DROP_NATIVE,ATTACK_DIVERSE_HIGH,4,r04-t001-b68d5f83,1789121284518580702,1789121286531331638,0.0,400,0,0.0,False,False,False,False
RFC_DROP_NATIVE,ATTACK_DIVERSE_HIGH,4,r04-t002-f3c8f1a5,1789121284528989996,1789121286538431084,0.0,400,0,0.0,False,False,False,False
RFC_DROP_NATIVE,ATTACK_DIVERSE_HIGH,4,r04-t003-7a293757,1789121284537244956,1789121286546246084,0.0,400,0,0.0,False,False,False,False
RFC_DROP_NATIVE,ATTACK_DIVERSE_HIGH,4,r04-t004-e398da30,1789121284547156025,1789121286557365152,0.0,400,0,0.0,False,False,False,False
RFC_DROP_NATIVE,ATTACK_DIVERSE_HIGH,4,r04-t005-f52216cb,1789121284556693355,1789121286567242305,0.0,400,0,0.0,False,False,False,False
RFC_DROP_NATIVE,ATTACK_DIVERSE_HIGH,4,r04-t006-c12761ba,1789121284567250723,1789121286577925391,0.0,400,0,0.0,False,False,False,False
RFC_DROP_NATIVE,ATTACK_DIVERSE_HIGH,4,r04-t007-c8d6b73d,1789121284577297457,1789121286586482280,0.0,400,0,0.0,False,False,False,False
RFC_DROP_NATIVE,ATTACK_DIVERSE_HIGH,4,r04-t008-1e5bf667,1789121284587256085,1789121286598528167,0.0,400,0,0.0,False,False,False,False
RFC_DROP_NATIVE,ATTACK_DIVERSE_HIGH,4,r04-t009-1895d435,1789121284596789245,1789121286608812786,0.0,400,0,0.0,False,False,False,False
RFC_DROP_NATIVE,ATTACK_DIVERSE_HIGH,4,r04-t010-bdbfc2ec,1789121284606953641,1789121286617967090,0.0,400,0,0.0,False,False,False,False
RFC_DROP_NATIVE,ATTACK_DIVERSE_HIGH,4,r04-t011-dbabbee3,1789121284616973943,1789121286636665167,0.0,400,0,0.0,False,False,False,False
RFC_DROP_NATIVE,ATTACK_DIVERSE_HIGH,4,r04-t012-a7c13aae,1789121284626816517,1789121286636342302,0.0,400,0,0.0,False,False,False,False
RFC_DROP_NATIVE,ATTACK_DIVERSE_HIGH,4,r04-t013-779da8e6,1789121284636538680,1789121286646724785,0.0,400,0,0.0,False,False,False,False
RFC_DROP_NATIVE,ATTACK_DIVERSE_HIGH,4,r04-t014-84d719c4,1789121284646620181,1789121286656970466,0.0,400,0,0.0,False,False,False,False
RFC_DROP_NATIVE,ATTACK_DIVERSE_HIGH,4,r04-t015-8cf799bb,1789121284656586671,1789121286666829998,0.0,400,0,0.0,False,False,False,False
RFC_DROP_NATIVE,ATTACK_DIVERSE_HIGH,4,r04-t016-9d1af8f8,1789121284666568225,1789121286677781570,0.0,400,0,0.0,False,False,False,False
RFC_DROP_NATIVE,ATTACK_DIVERSE_HIGH,4,r04-t017-ec51f9f3,1789121284676988888,1789121286698394863,0.0,401,0,0.0,False,False,False,False
RFC_DROP_NATIVE,ATTACK_DIVERSE_HIGH,4,r04-t018-d863d981,1789121284687090190,1789121286697626730,0.0,401,0,0.0,False,False,False,False
RFC_DROP_NATIVE,ATTACK_DIVERSE_HIGH,4,r04-t019-b2e42ed3,1789121284696766879,1789121286708508102,0.0,401,0,0.0,False,False,False,False
RFC_DROP_NATIVE,ATTACK_DIVERSE_HIGH,4,r04-t020-68644e26,1789121284706993328,1789121286718137326,0.0,401,0,0.0,False,False,False,False
RFC_DROP_NATIVE,ATTACK_DIVERSE_HIGH,4,r04-t021-89cc46b4,1789121284717146925,1789121286738601121,0.0,401,0,0.0,False,False,False,False
RFC_DROP_NATIVE,ATTACK_DIVERSE_HIGH,4,r04-t022-e3132399,1789121284727005700,1789121286738457310,0.0,401,0,0.0,False,False,False,False
RFC_DROP_NATIVE,ATTACK_DIVERSE_HIGH,4,r04-t023-30e770c4,1789121284737277340,1789121286756506055,0.0,401,0,0.0,False,False,False,False
RFC_DROP_NATIVE,ATTACK_DIVERSE_HIGH,4,r04-t024-b35b87f9,1789121284746684121,1789121286758144636,0.0,401,0,0.0,False,False,False,False
RFC_DROP_NATIVE,ATTACK_DIVERSE_HIGH,4,r04-t025-5843d78b,1789121284756874096,1789121286768240064,0.0,401,0,0.0,False,False,False,False
RFC_DROP_NATIVE,ATTACK_DIVERSE_HIGH,4,r04-t026-b9bb56e1,1789121284767135695,1789121286788467395,0.0,401,0,0.0,False,False,False,False
RFC_DROP_NATIVE,ATTACK_DIVERSE_HIGH,4,r04-t027-f036bffb,1789121284776499464,1789121286786432715,0.0,401,0,0.0,False,False,False,False
RFC_DROP_NATIVE,ATTACK_DIVERSE_HIGH,4,r04-t028-c92cbb3b,1789121284786799431,1789121286824499136,0.0,401,0,0.0,False,False,False,False
RFC_DROP_NATIVE,ATTACK_DIVERSE_HIGH,4,r04-t029-09c662cc,1789121284814649729,1789121286826463805,0.0,401,0,0.0,False,False,False,False
RFC_DROP_NATIVE,ATTACK_DIVERSE_HIGH,4,r04-t030-729f0196,1789121284817181401,1789121286829238574,0.0,401,0,0.0,False,False,False,False
RFC_DROP_NATIVE,ATTACK_DIVERSE_HIGH,4,r04-t031-24174c61,1789121284818870004,1789121286832463252,0.0,401,0,0.0,False,False,False,False
RFC_DROP_NATIVE,ATTACK_DIVERSE_HIGH,4,r04-t032-5f8bdc97,1789121284827119186,1789121286838205961,0.0,401,0,0.0,False,False,False,False
RFC_DROP_NATIVE,ATTACK_DIVERSE_HIGH,4,r04-t033-f3b78fb0,1789121284836756274,1789121286848447665,0.0,401,0,0.0,False,False,False,False
RFC_DROP_NATIVE,ATTACK_DIVERSE_HIGH,4,r04-t034-f6f728f5,1789121284846980735,1789121286858029048,0.0,401,0,0.0,False,False,False,False
RFC_DROP_NATIVE,ATTACK_DIVERSE_HIGH,4,r04-t035-cb801ee4,1789121284856703844,1789121286866798149,0.0,401,0,0.0,False,False,False,False
RFC_DROP_NATIVE,ATTACK_DIVERSE_HIGH,4,r04-t036-dde192ed,1789121284866602597,1789121286886843583,0.0,401,0,0.0,False,False,False,False
RFC_DROP_NATIVE,ATTACK_DIVERSE_HIGH,4,r04-t037-6b748879,1789121284876886837,1789121286886613750,0.0,401,0,0.0,False,False,False,False
RFC_DROP_NATIVE,ATTACK_DIVERSE_HIGH,4,r04-t038-ece9a0e9,1789121284887145972,1789121286896707473,0.0,401,0,0.0,False,False,False,False
RFC_DROP_NATIVE,ATTACK_DIVERSE_HIGH,4,r04-t039-90e6b381,1789121284896599270,1789121286919123839,0.0,401,0,0.0,False,False,False,False
RFC_DROP_NATIVE,ATTACK_DIVERSE_HIGH,4,r04-t040-216a9fb9,1789121284906956933,1789121286918262946,0.0,401,0,0.0,False,False,False,False
RFC_DROP_NATIVE,ATTACK_DIVERSE_HIGH,4,r04-t041-95479ddf,1789121284916934412,1789121286929042240,0.0,401,0,0.0,False,False,False,False
RFC_DROP_NATIVE,ATTACK_DIVERSE_HIGH,4,r04-t042-3b1ce35a,1789121284926988250,1789121286938324986,0.0,401,0,0.0,False,False,False,False
RFC_DROP_NATIVE,ATTACK_DIVERSE_HIGH,4,r04-t043-22b93836,1789121284936760056,1789121286947282452,0.0,401,0,0.0,False,False,False,False
RFC_DROP_NATIVE,ATTACK_DIVERSE_HIGH,4,r04-t044-338ad17d,1789121284947327277,1789121286958300082,0.0,401,0,0.0,False,False,False,False
RFC_DROP_NATIVE,ATTACK_DIVERSE_HIGH,4,r04-t045-9085e7a8,1789121284956520140,1789121286976590980,0.0,401,0,0.0,False,False,False,False
RFC_DROP_NATIVE,ATTACK_DIVERSE_HIGH,4,r04-t046-7686039d,1789121284966812339,1789121286978447738,0.0,401,0,0.0,False,False,False,False
RFC_DROP_NATIVE,ATTACK_DIVERSE_HIGH,4,r04-t047-834df5d6,1789121284976607069,1789121286986713926,0.0,401,0,0.0,False,False,False,False
RFC_DROP_NATIVE,ATTACK_DIVERSE_HIGH,4,r04-t048-fb224973,1789121284986955163,1789121287008805188,0.0,402,0,0.0,False,False,False,False
RFC_DROP_NATIVE,ATTACK_DIVERSE_HIGH,4,r04-t049-bde4f9c3,1789121284997183224,1789121287007870639,0.0,402,0,0.0,False,False,False,False
B1_RL2_TC,ATTACK_DIVERSE_HIGH,4,r04-t000-dd519991,1789121322203371854,1789121322502614306,0.0,98,0,0.0,False,False,False,False
B1_RL2_TC,ATTACK_DIVERSE_HIGH,4,r04-t001-b68d5f83,1789121322513513463,1789121322753059013,0.0,161,0,0.0,False,False,False,False
B1_RL2_TC,ATTACK_DIVERSE_HIGH,4,r04-t002-f3c8f1a5,1789121322764039815,1789121323092290929,0.0,201,0,0.0,False,False,False,False
B1_RL2_TC,ATTACK_DIVERSE_HIGH,4,r04-t003-7a293757,1789121323103731885,1789121323490950746,0.0,231,0,0.0,False,False,False,False
B1_RL2_TC,ATTACK_DIVERSE_HIGH,4,r04-t004-e398da30,1789121323501787977,1789121323803503295,0.0,312,0,0.0,False,False,False,False
B1_RL2_TC,ATTACK_DIVERSE_HIGH,4,r04-t005-f52216cb,1789121323815328379,1789121324149648944,0.0,376,0,0.0,False,False,False,False
B1_RL2_TC,ATTACK_DIVERSE_HIGH,4,r04-t006-c12761ba,1789121324160470360,1789121324503659785,0.0,406,0,0.0,False,False,False,False
B1_RL2_TC,ATTACK_DIVERSE_HIGH,4,r04-t007-c8d6b73d,1789121324515794687,1789121324849559162,0.0,406,0,0.0,False,False,False,False
B1_RL2_TC,ATTACK_DIVERSE_HIGH,4,r04-t008-1e5bf667,1789121324860453174,1789121325224532133,0.0,406,0,0.0,False,False,False,False
B1_RL2_TC,ATTACK_DIVERSE_HIGH,4,r04-t009-1895d435,1789121325235772069,1789121325564668350,0.0,406,0,0.0,False,False,False,False
B1_RL2_TC,ATTACK_DIVERSE_HIGH,4,r04-t010-bdbfc2ec,1789121325576552311,1789121325920214180,0.0,406,0,0.0,False,False,False,False
B1_RL2_TC,ATTACK_DIVERSE_HIGH,4,r04-t011-dbabbee3,1789121325931769650,1789121326285073399,0.0,406,0,0.0,False,False,False,False
B1_RL2_TC,ATTACK_DIVERSE_HIGH,4,r04-t012-a7c13aae,1789121326297308429,1789121326644343422,0.0,406,0,0.0,False,False,False,False
B1_RL2_TC,ATTACK_DIVERSE_HIGH,4,r04-t013-779da8e6,1789121326656148594,1789121326977556856,0.0,406,0,0.0,False,False,False,False
B1_RL2_TC,ATTACK_DIVERSE_HIGH,4,r04-t014-84d719c4,1789121326989932409,1789121327316363869,0.0,406,0,0.0,False,False,False,False
B1_RL2_TC,ATTACK_DIVERSE_HIGH,4,r04-t015-8cf799bb,1789121327327211865,1789121327723318832,0.0,406,0,0.0,False,False,False,False
B1_RL2_TC,ATTACK_DIVERSE_HIGH,4,r04-t016-9d1af8f8,1789121327734976813,1789121328027681508,0.0,406,0,0.0,False,False,False,False
B1_RL2_TC,ATTACK_DIVERSE_HIGH,4,r04-t017-ec51f9f3,1789121328038628585,1789121328359669486,0.0,406,0,0.0,False,False,False,False
B1_RL2_TC,ATTACK_DIVERSE_HIGH,4,r04-t018-d863d981,1789121328371404541,1789121328730024252,0.0,406,0,0.0,False,False,False,False
B1_RL2_TC,ATTACK_DIVERSE_HIGH,4,r04-t019-b2e42ed3,1789121328742258900,1789121329098070532,0.0,406,0,0.0,False,False,False,False
B1_RL2_TC,ATTACK_DIVERSE_HIGH,4,r04-t020-68644e26,1789121329108991791,1789121329428998443,0.0,406,0,0.0,False,False,False,False
B1_RL2_TC,ATTACK_DIVERSE_HIGH,4,r04-t021-89cc46b4,1789121329440267913,1789121329789490493,0.0,407,0,0.0,False,False,False,False
B1_RL2_TC,ATTACK_DIVERSE_HIGH,4,r04-t022-e3132399,1789121329802047725,1789121330123391489,0.0,406,0,0.0,False,False,False,False
B1_RL2_TC,ATTACK_DIVERSE_HIGH,4,r04-t023-30e770c4,1789121330134192603,1789121330461245659,0.0,406,0,0.0,False,False,False,False
B1_RL2_TC,ATTACK_DIVERSE_HIGH,4,r04-t024-b35b87f9,1789121330472292092,1789121330810918128,0.0,406,0,0.0,False,False,False,False
B1_RL2_TC,ATTACK_DIVERSE_HIGH,4,r04-t025-5843d78b,1789121330823532092,1789121331170625048,0.0,406,0,0.0,False,False,False,False
B1_RL2_TC,ATTACK_DIVERSE_HIGH,4,r04-t026-b9bb56e1,1789121331182004828,1789121331563698975,0.0,406,0,0.0,False,False,False,False
B1_RL2_TC,ATTACK_DIVERSE_HIGH,4,r04-t027-f036bffb,1789121331574326580,1789121331877322363,0.0,406,0,0.0,False,False,False,False
B1_RL2_TC,ATTACK_DIVERSE_HIGH,4,r04-t028-c92cbb3b,1789121331888900639,1789121332238438632,0.0,406,0,0.0,False,False,False,False
B1_RL2_TC,ATTACK_DIVERSE_HIGH,4,r04-t029-09c662cc,1789121332249245322,1789121332603164130,0.0,406,0,0.0,False,False,False,False
B1_RL2_TC,ATTACK_DIVERSE_HIGH,4,r04-t030-729f0196,1789121332613888323,1789121332931090143,0.0,406,0,0.0,False,False,False,False
B1_RL2_TC,ATTACK_DIVERSE_HIGH,4,r04-t031-24174c61,1789121332942467963,1789121333263537981,0.0,406,0,0.0,False,False,False,False
B1_RL2_TC,ATTACK_DIVERSE_HIGH,4,r04-t032-5f8bdc97,1789121333274332819,1789121333617027975,0.0,406,0,0.0,False,False,False,False
B1_RL2_TC,ATTACK_DIVERSE_HIGH,4,r04-t033-f3b78fb0,1789121333628965354,1789121333986293309,0.0,406,0,0.0,False,False,False,False
B1_RL2_TC,ATTACK_DIVERSE_HIGH,4,r04-t034-f6f728f5,1789121333997641920,1789121334297756665,0.0,406,0,0.0,False,False,False,False
B1_RL2_TC,ATTACK_DIVERSE_HIGH,4,r04-t035-cb801ee4,1789121334309471191,1789121334673763395,0.0,406,0,0.0,False,False,False,False
B1_RL2_TC,ATTACK_DIVERSE_HIGH,4,r04-t036-dde192ed,1789121334685626397,1789121334967540829,0.0,406,0,0.0,False,False,False,False
B1_RL2_TC,ATTACK_DIVERSE_HIGH,4,r04-t037-6b748879,1789121334979404111,1789121335334849294,0.0,406,0,0.0,False,False,False,False
B1_RL2_TC,ATTACK_DIVERSE_HIGH,4,r04-t038-ece9a0e9,1789121335345908606,1789121335720226394,0.0,406,0,0.0,False,False,False,False
B1_RL2_TC,ATTACK_DIVERSE_HIGH,4,r04-t039-90e6b381,1789121335732418355,1789121336061626146,0.0,406,0,0.0,False,False,False,False
B1_RL2_TC,ATTACK_DIVERSE_HIGH,4,r04-t040-216a9fb9,1789121336074093315,1789121336419317964,0.0,406,0,0.0,False,False,False,False
B1_RL2_TC,ATTACK_DIVERSE_HIGH,4,r04-t041-95479ddf,1789121336430861991,1789121336772945794,0.0,406,0,0.0,False,False,False,False
B1_RL2_TC,ATTACK_DIVERSE_HIGH,4,r04-t042-3b1ce35a,1789121336784044862,1789121337132969449,0.0,406,0,0.0,False,False,False,False
B1_RL2_TC,ATTACK_DIVERSE_HIGH,4,r04-t043-22b93836,1789121337144679029,1789121337478560200,0.0,406,0,0.0,False,False,False,False
B1_RL2_TC,ATTACK_DIVERSE_HIGH,4,r04-t044-338ad17d,1789121337489528245,1789121337809384050,0.0,406,0,0.0,False,False,False,False
B1_RL2_TC,ATTACK_DIVERSE_HIGH,4,r04-t045-9085e7a8,1789121337820288074,1789121338151093165,0.0,406,0,0.0,False,False,False,False
B1_RL2_TC,ATTACK_DIVERSE_HIGH,4,r04-t046-7686039d,1789121338164446706,1789121338507700550,0.0,406,0,0.0,False,False,False,False
B1_RL2_TC,ATTACK_DIVERSE_HIGH,4,r04-t047-834df5d6,1789121338518973726,1789121338874488592,0.0,406,0,0.0,False,False,False,False
B1_RL2_TC,ATTACK_DIVERSE_HIGH,4,r04-t048-fb224973,1789121338886861086,1789121339225638777,0.0,406,0,0.0,False,False,False,False
B1_RL2_TC,ATTACK_DIVERSE_HIGH,4,r04-t049-bde4f9c3,1789121339236825050,1789121339549779319,0.0,406,0,0.0,False,False,False,False
RFC_DROP_NATIVE,BENIGN_DIVERSE_HIGH,4,r04-t000-dd519991,1789121354395091948,1789121356404823765,0.0,176,0,0.0,False,False,False,False
RFC_DROP_NATIVE,BENIGN_DIVERSE_HIGH,4,r04-t001-b68d5f83,1789121354404043740,1789121356416006099,0.0,178,0,0.0,False,False,False,False
RFC_DROP_NATIVE,BENIGN_DIVERSE_HIGH,4,r04-t002-f3c8f1a5,1789121354413598521,1789121356422943513,0.0,180,0,0.0,False,False,False,False
RFC_DROP_NATIVE,BENIGN_DIVERSE_HIGH,4,r04-t003-7a293757,1789121354422274043,1789121356432673283,0.0,182,0,0.0,False,False,False,False
RFC_DROP_NATIVE,BENIGN_DIVERSE_HIGH,4,r04-t004-e398da30,1789121354432447647,1789121356440693428,0.0,184,0,0.0,False,False,False,False
RFC_DROP_NATIVE,BENIGN_DIVERSE_HIGH,4,r04-t005-f52216cb,1789121354442356613,1789121356452794174,0.0,186,0,0.0,False,False,False,False
RFC_DROP_NATIVE,BENIGN_DIVERSE_HIGH,4,r04-t006-c12761ba,1789121354452131401,1789121356460843935,0.0,188,0,0.0,False,False,False,False
RFC_DROP_NATIVE,BENIGN_DIVERSE_HIGH,4,r04-t007-c8d6b73d,1789121354462072413,1789121356472622123,0.0,190,0,0.0,False,False,False,False
RFC_DROP_NATIVE,BENIGN_DIVERSE_HIGH,4,r04-t008-1e5bf667,1789121354473023335,1789121356483103425,0.0,192,0,0.0,False,False,False,False
RFC_DROP_NATIVE,BENIGN_DIVERSE_HIGH,4,r04-t009-1895d435,1789121354482464442,1789121356491969554,0.0,194,0,0.0,False,False,False,False
RFC_DROP_NATIVE,BENIGN_DIVERSE_HIGH,4,r04-t010-bdbfc2ec,1789121354493041439,1789121356503737774,0.0,196,0,0.0,False,False,False,False
RFC_DROP_NATIVE,BENIGN_DIVERSE_HIGH,4,r04-t011-dbabbee3,1789121354502681858,1789121356512941271,0.0,198,0,0.0,False,False,False,False
RFC_DROP_NATIVE,BENIGN_DIVERSE_HIGH,4,r04-t012-a7c13aae,1789121354512602270,1789121356523700233,0.0,200,0,0.0,False,False,False,False
RFC_DROP_NATIVE,BENIGN_DIVERSE_HIGH,4,r04-t013-779da8e6,1789121354522645413,1789121356542842053,0.0,202,0,0.0,False,False,False,False
RFC_DROP_NATIVE,BENIGN_DIVERSE_HIGH,4,r04-t014-84d719c4,1789121354532381007,1789121356542454279,0.0,202,0,0.0,False,False,False,False
RFC_DROP_NATIVE,BENIGN_DIVERSE_HIGH,4,r04-t015-8cf799bb,1789121354542418335,1789121356553593231,0.0,202,0,0.0,False,False,False,False
RFC_DROP_NATIVE,BENIGN_DIVERSE_HIGH,4,r04-t016-9d1af8f8,1789121354552197894,1789121356560629844,0.0,202,0,0.0,False,False,False,False
RFC_DROP_NATIVE,BENIGN_DIVERSE_HIGH,4,r04-t017-ec51f9f3,1789121354561962193,1789121356572466410,0.0,202,0,0.0,False,False,False,False
RFC_DROP_NATIVE,BENIGN_DIVERSE_HIGH,4,r04-t018-d863d981,1789121354572078673,1789121356592803545,0.0,202,0,0.0,False,False,False,False
RFC_DROP_NATIVE,BENIGN_DIVERSE_HIGH,4,r04-t019-b2e42ed3,1789121354582204213,1789121356592207596,0.0,202,0,0.0,False,False,False,False
RFC_DROP_NATIVE,BENIGN_DIVERSE_HIGH,4,r04-t020-68644e26,1789121354592513329,1789121356613614551,0.0,202,0,0.0,False,False,False,False
RFC_DROP_NATIVE,BENIGN_DIVERSE_HIGH,4,r04-t021-89cc46b4,1789121354602572781,1789121356612631018,0.0,202,0,0.0,False,False,False,False
RFC_DROP_NATIVE,BENIGN_DIVERSE_HIGH,4,r04-t022-e3132399,1789121354612719686,1789121356623823225,0.0,202,0,0.0,False,False,False,False
RFC_DROP_NATIVE,BENIGN_DIVERSE_HIGH,4,r04-t023-30e770c4,1789121354622276470,1789121356642798924,0.0,202,0,0.0,False,False,False,False
RFC_DROP_NATIVE,BENIGN_DIVERSE_HIGH,4,r04-t024-b35b87f9,1789121354632332108,1789121356642423110,0.0,202,0,0.0,False,False,False,False
RFC_DROP_NATIVE,BENIGN_DIVERSE_HIGH,4,r04-t025-5843d78b,1789121354642210941,1789121356652732595,0.0,202,0,0.0,False,False,False,False
RFC_DROP_NATIVE,BENIGN_DIVERSE_HIGH,4,r04-t026-b9bb56e1,1789121354652727095,1789121356663275220,0.0,202,0,0.0,False,False,False,False
RFC_DROP_NATIVE,BENIGN_DIVERSE_HIGH,4,r04-t027-f036bffb,1789121354662285215,1789121356672872947,0.0,202,0,0.0,False,False,False,False
RFC_DROP_NATIVE,BENIGN_DIVERSE_HIGH,4,r04-t028-c92cbb3b,1789121354672215066,1789121356708738812,0.0,202,0,0.0,False,False,False,False
RFC_DROP_NATIVE,BENIGN_DIVERSE_HIGH,4,r04-t029-09c662cc,1789121354700922709,1789121356711685138,0.0,201,0,0.0,False,False,False,False
RFC_DROP_NATIVE,BENIGN_DIVERSE_HIGH,4,r04-t030-729f0196,1789121354703205167,1789121356715796211,0.0,201,0,0.0,False,False,False,False
RFC_DROP_NATIVE,BENIGN_DIVERSE_HIGH,4,r04-t031-24174c61,1789121354705085379,1789121356717072593,0.0,201,0,0.0,False,False,False,False
RFC_DROP_NATIVE,BENIGN_DIVERSE_HIGH,4,r04-t032-5f8bdc97,1789121354712444674,1789121356722358760,0.0,202,0,0.0,False,False,False,False
RFC_DROP_NATIVE,BENIGN_DIVERSE_HIGH,4,r04-t033-f3b78fb0,1789121354722651467,1789121356732567055,0.0,202,0,0.0,False,False,False,False
RFC_DROP_NATIVE,BENIGN_DIVERSE_HIGH,4,r04-t034-f6f728f5,1789121354732568825,1789121356753323764,0.0,202,0,0.0,False,False,False,False
RFC_DROP_NATIVE,BENIGN_DIVERSE_HIGH,4,r04-t035-cb801ee4,1789121354742257595,1789121356752731993,0.0,202,0,0.0,False,False,False,False
RFC_DROP_NATIVE,BENIGN_DIVERSE_HIGH,4,r04-t036-dde192ed,1789121354752318097,1789121356764510748,0.0,202,0,0.0,False,False,False,False
RFC_DROP_NATIVE,BENIGN_DIVERSE_HIGH,4,r04-t037-6b748879,1789121354762436390,1789121356775096279,0.0,202,0,0.0,False,False,False,False
RFC_DROP_NATIVE,BENIGN_DIVERSE_HIGH,4,r04-t038-ece9a0e9,1789121354772262198,1789121356793858964,0.0,203,0,0.0,False,False,False,False
RFC_DROP_NATIVE,BENIGN_DIVERSE_HIGH,4,r04-t039-90e6b381,1789121354782457546,1789121356795826505,0.0,205,0,0.0,False,False,False,False
RFC_DROP_NATIVE,BENIGN_DIVERSE_HIGH,4,r04-t040-216a9fb9,1789121354792318641,1789121356804562774,0.0,207,0,0.0,False,False,False,False
RFC_DROP_NATIVE,BENIGN_DIVERSE_HIGH,4,r04-t041-95479ddf,1789121354802165526,1789121356815003258,0.0,209,0,0.0,False,False,False,False
RFC_DROP_NATIVE,BENIGN_DIVERSE_HIGH,4,r04-t042-3b1ce35a,1789121354812619311,1789121356824546117,0.0,211,0,0.0,False,False,False,False
RFC_DROP_NATIVE,BENIGN_DIVERSE_HIGH,4,r04-t043-22b93836,1789121354822811129,1789121356835657825,0.0,213,0,0.0,False,False,False,False
RFC_DROP_NATIVE,BENIGN_DIVERSE_HIGH,4,r04-t044-338ad17d,1789121354832370201,1789121356844634069,0.0,215,0,0.0,False,False,False,False
RFC_DROP_NATIVE,BENIGN_DIVERSE_HIGH,4,r04-t045-9085e7a8,1789121354843590341,1789121356852927317,0.0,217,0,0.0,False,False,False,False
RFC_DROP_NATIVE,BENIGN_DIVERSE_HIGH,4,r04-t046-7686039d,1789121354853314680,1789121356864594155,0.0,219,0,0.0,False,False,False,False
RFC_DROP_NATIVE,BENIGN_DIVERSE_HIGH,4,r04-t047-834df5d6,1789121354862636869,1789121356875873410,0.0,221,0,0.0,False,False,False,False
RFC_DROP_NATIVE,BENIGN_DIVERSE_HIGH,4,r04-t048-fb224973,1789121354872612877,1789121356884649453,0.0,223,0,0.0,False,False,False,False
RFC_DROP_NATIVE,BENIGN_DIVERSE_HIGH,4,r04-t049-bde4f9c3,1789121354882155452,1789121356892621470,0.0,225,0,0.0,False,False,False,False
B0_OFF,BENIGN_DIVERSE_MODERATE,4,r04-t000-6e317466,1789121389187002864,1789121389531257709,0.0,24,0,0.0,False,False,False,False
B0_OFF,BENIGN_DIVERSE_MODERATE,4,r04-t001-a129ca84,1789121389543025500,1789121389876735868,0.0,25,0,0.0,False,False,False,False
B0_OFF,BENIGN_DIVERSE_MODERATE,4,r04-t002-6a92ad62,1789121389886634297,1789121390224925367,0.0,26,0,0.0,False,False,False,False
B0_OFF,BENIGN_DIVERSE_MODERATE,4,r04-t003-8cc19f96,1789121390234769762,1789121390569636221,0.0,27,0,0.0,False,False,False,False
B0_OFF,BENIGN_DIVERSE_MODERATE,4,r04-t004-008925cd,1789121390581681560,1789121390919897264,0.0,28,0,0.0,False,False,False,False
B0_OFF,BENIGN_DIVERSE_MODERATE,4,r04-t005-ee47b4c4,1789121390930248453,1789121391255625256,0.0,29,0,0.0,False,False,False,False
B0_OFF,BENIGN_DIVERSE_MODERATE,4,r04-t006-ca56db66,1789121391266339619,1789121391601750035,0.0,30,0,0.0,False,False,False,False
B0_OFF,BENIGN_DIVERSE_MODERATE,4,r04-t007-84fd1f5f,1789121391613779353,1789121391943179802,0.0,30,0,0.0,False,False,False,False
B0_OFF,BENIGN_DIVERSE_MODERATE,4,r04-t008-7fd3b23d,1789121391953681815,1789121392294374805,0.0,30,0,0.0,False,False,False,False
B0_OFF,BENIGN_DIVERSE_MODERATE,4,r04-t009-d2ef3df6,1789121392305046225,1789121392661818154,0.0,30,0,0.0,False,False,False,False
B0_OFF,BENIGN_DIVERSE_MODERATE,4,r04-t010-d92504d3,1789121392672957311,1789121393027901232,0.0,30,0,0.0,False,False,False,False
B0_OFF,BENIGN_DIVERSE_MODERATE,4,r04-t011-7b2fe2e4,1789121393038029643,1789121393391675957,0.0,30,0,0.0,False,False,False,False
B0_OFF,BENIGN_DIVERSE_MODERATE,4,r04-t012-ed37b395,1789121393401899737,1789121393754476245,0.0,30,0,0.0,False,False,False,False
B0_OFF,BENIGN_DIVERSE_MODERATE,4,r04-t013-f43bda63,1789121393767094454,1789121394096595010,0.0,30,0,0.0,False,False,False,False
B0_OFF,BENIGN_DIVERSE_MODERATE,4,r04-t014-8f8d7eba,1789121394106887803,1789121394434349234,0.0,30,0,0.0,False,False,False,False
B0_OFF,BENIGN_DIVERSE_MODERATE,4,r04-t015-4f085781,1789121394446777562,1789121394780792537,0.0,30,0,0.0,False,False,False,False
B0_OFF,BENIGN_DIVERSE_MODERATE,4,r04-t016-90e30cc1,1789121394791761719,1789121395126786872,0.0,30,0,0.0,False,False,False,False
B0_OFF,BENIGN_DIVERSE_MODERATE,4,r04-t017-276bc871,1789121395138669348,1789121395477695963,0.0,30,0,0.0,False,False,False,False
B0_OFF,BENIGN_DIVERSE_MODERATE,4,r04-t018-4115460a,1789121395488158065,1789121395829886638,0.0,30,0,0.0,False,False,False,False
B0_OFF,BENIGN_DIVERSE_MODERATE,4,r04-t019-abca50de,1789121395842794839,1789121396190645052,0.0,30,0,0.0,False,False,False,False
B0_OFF,BENIGN_DIVERSE_MODERATE,4,r04-t020-236eb14d,1789121396201145739,1789121396539909381,0.0,30,0,0.0,False,False,False,False
B0_OFF,BENIGN_DIVERSE_MODERATE,4,r04-t021-7a02329f,1789121396550556627,1789121396888178795,0.0,30,0,0.0,False,False,False,False
B0_OFF,BENIGN_DIVERSE_MODERATE,4,r04-t022-582a43d3,1789121396899253583,1789121397256488605,0.0,30,0,0.0,False,False,False,False
B0_OFF,BENIGN_DIVERSE_MODERATE,4,r04-t023-079fc6bb,1789121397268065259,1789121397596672335,0.0,30,0,0.0,False,False,False,False
B0_OFF,BENIGN_DIVERSE_MODERATE,4,r04-t024-4db6baea,1789121397606935360,1789121397967680304,0.0,30,0,0.0,False,False,False,False
B0_OFF,BENIGN_DIVERSE_MODERATE,4,r04-t025-a029766f,1789121397979826639,1789121398320492263,0.0,30,0,0.0,False,False,False,False
B0_OFF,BENIGN_DIVERSE_MODERATE,4,r04-t026-6143200b,1789121398331141381,1789121398679049920,0.0,30,0,0.0,False,False,False,False
B0_OFF,BENIGN_DIVERSE_MODERATE,4,r04-t027-16b68826,1789121398690925461,1789121399047265678,0.0,30,0,0.0,False,False,False,False
B0_OFF,BENIGN_DIVERSE_MODERATE,4,r04-t028-ff0fa186,1789121399058241887,1789121399411895651,0.0,30,0,0.0,False,False,False,False
B0_OFF,BENIGN_DIVERSE_MODERATE,4,r04-t029-b0f64e13,1789121399421982272,1789121399760654132,0.0,30,0,0.0,False,False,False,False
B0_OFF,BENIGN_DIVERSE_MODERATE,4,r04-t030-9e0677ee,1789121399772055642,1789121400107386772,0.0,30,0,0.0,False,False,False,False
B0_OFF,BENIGN_DIVERSE_MODERATE,4,r04-t031-50aa9ec9,1789121400117360894,1789121400466441734,0.0,30,0,0.0,False,False,False,False
B0_OFF,BENIGN_DIVERSE_MODERATE,4,r04-t032-5588633f,1789121400476925557,1789121400816219143,0.0,30,0,0.0,False,False,False,False
B0_OFF,BENIGN_DIVERSE_MODERATE,4,r04-t033-e77d8b1b,1789121400826900242,1789121401158025278,0.0,30,0,0.0,False,False,False,False
B0_OFF,BENIGN_DIVERSE_MODERATE,4,r04-t034-c3bb1f67,1789121401168661434,1789121401506311243,0.0,30,0,0.0,False,False,False,False
B0_OFF,BENIGN_DIVERSE_MODERATE,4,r04-t035-82b8bea8,1789121401518560046,1789121401868999583,0.0,30,0,0.0,False,False,False,False
B0_OFF,BENIGN_DIVERSE_MODERATE,4,r04-t036-9414ba05,1789121401881016103,1789121402241962171,0.0,30,0,0.0,False,False,False,False
B0_OFF,BENIGN_DIVERSE_MODERATE,4,r04-t037-444dbc73,1789121402253166974,1789121402603186791,0.0,30,0,0.0,False,False,False,False
B0_OFF,BENIGN_DIVERSE_MODERATE,4,r04-t038-63c3d90c,1789121402613125716,1789121402961106825,0.0,30,0,0.0,False,False,False,False
B0_OFF,BENIGN_DIVERSE_MODERATE,4,r04-t039-72f253e9,1789121402972975364,1789121403307452389,0.0,30,0,0.0,False,False,False,False
B0_OFF,BENIGN_DIVERSE_MODERATE,4,r04-t040-3a9c73fc,1789121403317348830,1789121403648617400,0.0,30,0,0.0,False,False,False,False
B0_OFF,BENIGN_DIVERSE_MODERATE,4,r04-t041-4cb74a9e,1789121403659119010,1789121403978544019,0.0,30,0,0.0,False,False,False,False
B0_OFF,BENIGN_DIVERSE_MODERATE,4,r04-t042-74ec8e2e,1789121403990167501,1789121404316122298,0.0,30,0,0.0,False,False,False,False
B0_OFF,BENIGN_DIVERSE_MODERATE,4,r04-t043-70d058f1,1789121404325938600,1789121404682548097,0.0,30,0,0.0,False,False,False,False
B0_OFF,BENIGN_DIVERSE_MODERATE,4,r04-t044-55427614,1789121404695218797,1789121405028730920,0.0,30,0,0.0,False,False,False,False
B0_OFF,BENIGN_DIVERSE_MODERATE,4,r04-t045-37c8bebc,1789121405039665213,1789121405390144016,0.0,30,0,0.0,False,False,False,False
B0_OFF,BENIGN_DIVERSE_MODERATE,4,r04-t046-3fc9d5ca,1789121405400215688,1789121405731965479,0.0,30,0,0.0,False,False,False,False
B0_OFF,BENIGN_DIVERSE_MODERATE,4,r04-t047-19862dbe,1789121405742244550,1789121406080491182,0.0,30,0,0.0,False,False,False,False
B0_OFF,BENIGN_DIVERSE_MODERATE,4,r04-t048-7f29b69f,1789121406091660697,1789121406417943490,0.0,30,0,0.0,False,False,False,False
B0_OFF,BENIGN_DIVERSE_MODERATE,4,r04-t049-8aa341a6,1789121406430196720,1789121406767141834,0.0,30,0,0.0,False,False,False,False
B5_LOCKED_TC,ATTACK_DIVERSE_MODERATE,4,r04-t000-6e317466,1789121419415049850,1789121419562162093,0.0,24,0,0.0,False,False,False,False
B5_LOCKED_TC,ATTACK_DIVERSE_MODERATE,4,r04-t001-a129ca84,1789121419573792749,1789121419874576883,0.0,25,0,0.0,False,False,False,False
B5_LOCKED_TC,ATTACK_DIVERSE_MODERATE,4,r04-t002-6a92ad62,1789121419885480346,1789121420167681163,0.0,26,0,0.0,False,False,False,False
B5_LOCKED_TC,ATTACK_DIVERSE_MODERATE,4,r04-t003-8cc19f96,1789121420177841015,1789121420528669699,0.0,27,0,0.0,False,False,False,False
B5_LOCKED_TC,ATTACK_DIVERSE_MODERATE,4,r04-t004-008925cd,1789121420539001672,1789121420844583736,0.0,28,0,0.0,False,False,False,False
B5_LOCKED_TC,ATTACK_DIVERSE_MODERATE,4,r04-t005-ee47b4c4,1789121420854817123,1789121421180202435,0.0,29,0,0.0,False,False,False,False
B5_LOCKED_TC,ATTACK_DIVERSE_MODERATE,4,r04-t006-ca56db66,1789121421190003908,1789121421525334159,0.0,30,0,0.0,False,False,False,False
B5_LOCKED_TC,ATTACK_DIVERSE_MODERATE,4,r04-t007-84fd1f5f,1789121421536656156,1789121421852211529,0.0,31,0,0.0,False,False,False,False
B5_LOCKED_TC,ATTACK_DIVERSE_MODERATE,4,r04-t008-7fd3b23d,1789121421862534678,1789121422229654081,0.0,30,0,0.0,False,False,False,False
B5_LOCKED_TC,ATTACK_DIVERSE_MODERATE,4,r04-t009-d2ef3df6,1789121422240508298,1789121422583437469,0.0,30,0,0.0,False,False,False,False
B5_LOCKED_TC,ATTACK_DIVERSE_MODERATE,4,r04-t010-d92504d3,1789121422594922858,1789121422905071997,0.0,30,0,0.0,False,False,False,False
B5_LOCKED_TC,ATTACK_DIVERSE_MODERATE,4,r04-t011-7b2fe2e4,1789121422916324064,1789121423219365596,0.0,30,0,0.0,False,False,False,False
B5_LOCKED_TC,ATTACK_DIVERSE_MODERATE,4,r04-t012-ed37b395,1789121423229366515,1789121423574920218,0.0,30,0,0.0,False,False,False,False
B5_LOCKED_TC,ATTACK_DIVERSE_MODERATE,4,r04-t013-f43bda63,1789121423588325023,1789121423880987608,0.0,30,0,0.0,False,False,False,False
B5_LOCKED_TC,ATTACK_DIVERSE_MODERATE,4,r04-t014-8f8d7eba,1789121423890915556,1789121424216447345,0.0,30,0,0.0,False,False,False,False
B5_LOCKED_TC,ATTACK_DIVERSE_MODERATE,4,r04-t015-4f085781,1789121424226346144,1789121424572073252,0.0,30,0,0.0,False,False,False,False
B5_LOCKED_TC,ATTACK_DIVERSE_MODERATE,4,r04-t016-90e30cc1,1789121424584836663,1789121424893972811,0.0,30,0,0.0,False,False,False,False
B5_LOCKED_TC,ATTACK_DIVERSE_MODERATE,4,r04-t017-276bc871,1789121424904180467,1789121425226502089,0.0,30,0,0.0,False,False,False,False
B5_LOCKED_TC,ATTACK_DIVERSE_MODERATE,4,r04-t018-4115460a,1789121425237797440,1789121425572371926,0.0,30,0,0.0,False,False,False,False
B5_LOCKED_TC,ATTACK_DIVERSE_MODERATE,4,r04-t019-abca50de,1789121425583055413,1789121425886735246,0.0,30,0,0.0,False,False,False,False
B5_LOCKED_TC,ATTACK_DIVERSE_MODERATE,4,r04-t020-236eb14d,1789121425896573764,1789121426237295578,0.0,30,0,0.0,False,False,False,False
B5_LOCKED_TC,ATTACK_DIVERSE_MODERATE,4,r04-t021-7a02329f,1789121426248523574,1789121426555065097,0.0,30,0,0.0,False,False,False,False
B5_LOCKED_TC,ATTACK_DIVERSE_MODERATE,4,r04-t022-582a43d3,1789121426565743867,1789121426894689969,0.0,30,0,0.0,False,False,False,False
B5_LOCKED_TC,ATTACK_DIVERSE_MODERATE,4,r04-t023-079fc6bb,1789121426905511753,1789121427236993142,0.0,30,0,0.0,False,False,False,False
B5_LOCKED_TC,ATTACK_DIVERSE_MODERATE,4,r04-t024-4db6baea,1789121427248875643,1789121427567461737,0.0,30,0,0.0,False,False,False,False
B5_LOCKED_TC,ATTACK_DIVERSE_MODERATE,4,r04-t025-a029766f,1789121427577738163,1789121427904522549,0.0,30,0,0.0,False,False,False,False
B5_LOCKED_TC,ATTACK_DIVERSE_MODERATE,4,r04-t026-6143200b,1789121427916777019,1789121428222486685,0.0,30,0,0.0,False,False,False,False
B5_LOCKED_TC,ATTACK_DIVERSE_MODERATE,4,r04-t027-16b68826,1789121428232433217,1789121428580764760,0.0,30,0,0.0,False,False,False,False
B5_LOCKED_TC,ATTACK_DIVERSE_MODERATE,4,r04-t028-ff0fa186,1789121428590776008,1789121428910772900,0.0,30,0,0.0,False,False,False,False
B5_LOCKED_TC,ATTACK_DIVERSE_MODERATE,4,r04-t029-b0f64e13,1789121428922480407,1789121429211535856,0.0,30,0,0.0,False,False,False,False
B5_LOCKED_TC,ATTACK_DIVERSE_MODERATE,4,r04-t030-9e0677ee,1789121429221875676,1789121429567810984,0.0,30,0,0.0,False,False,False,False
B5_LOCKED_TC,ATTACK_DIVERSE_MODERATE,4,r04-t031-50aa9ec9,1789121429579055205,1789121429923259725,0.0,30,0,0.0,False,False,False,False
B5_LOCKED_TC,ATTACK_DIVERSE_MODERATE,4,r04-t032-5588633f,1789121429933270312,1789121430283229345,0.0,30,0,0.0,False,False,False,False
B5_LOCKED_TC,ATTACK_DIVERSE_MODERATE,4,r04-t033-e77d8b1b,1789121430293759534,1789121430615509101,0.0,30,0,0.0,False,False,False,False
B5_LOCKED_TC,ATTACK_DIVERSE_MODERATE,4,r04-t034-c3bb1f67,1789121430625858826,1789121430911603449,0.0,30,0,0.0,False,False,False,False
B5_LOCKED_TC,ATTACK_DIVERSE_MODERATE,4,r04-t035-82b8bea8,1789121430922960686,1789121431270969505,0.0,30,0,0.0,False,False,False,False
B5_LOCKED_TC,ATTACK_DIVERSE_MODERATE,4,r04-t036-9414ba05,1789121431281587616,1789121431619864708,0.0,30,0,0.0,False,False,False,False
B5_LOCKED_TC,ATTACK_DIVERSE_MODERATE,4,r04-t037-444dbc73,1789121431630451674,1789121431943192365,0.0,30,0,0.0,False,False,False,False
B5_LOCKED_TC,ATTACK_DIVERSE_MODERATE,4,r04-t038-63c3d90c,1789121431953725420,1789121432284785064,0.0,30,0,0.0,False,False,False,False
B5_LOCKED_TC,ATTACK_DIVERSE_MODERATE,4,r04-t039-72f253e9,1789121432295464955,1789121432610995781,0.0,30,0,0.0,False,False,False,False
B5_LOCKED_TC,ATTACK_DIVERSE_MODERATE,4,r04-t040-3a9c73fc,1789121432623668208,1789121432922791001,0.0,30,0,0.0,False,False,False,False
B5_LOCKED_TC,ATTACK_DIVERSE_MODERATE,4,r04-t041-4cb74a9e,1789121432933355725,1789121433249016799,0.0,30,0,0.0,False,False,False,False
B5_LOCKED_TC,ATTACK_DIVERSE_MODERATE,4,r04-t042-74ec8e2e,1789121433259149970,1789121433571065920,0.0,31,0,0.0,False,False,False,False
B5_LOCKED_TC,ATTACK_DIVERSE_MODERATE,4,r04-t043-70d058f1,1789121433582475458,1789121433911588557,0.0,31,0,0.0,False,False,False,False
B5_LOCKED_TC,ATTACK_DIVERSE_MODERATE,4,r04-t044-55427614,1789121433922473808,1789121434247886549,0.0,31,0,0.0,False,False,False,False
B5_LOCKED_TC,ATTACK_DIVERSE_MODERATE,4,r04-t045-37c8bebc,1789121434257954599,1789121434563257348,0.0,31,0,0.0,False,False,False,False
B5_LOCKED_TC,ATTACK_DIVERSE_MODERATE,4,r04-t046-3fc9d5ca,1789121434573322380,1789121434898828330,0.0,31,0,0.0,False,False,False,False
B5_LOCKED_TC,ATTACK_DIVERSE_MODERATE,4,r04-t047-19862dbe,1789121434909269498,1789121435227868295,0.0,31,0,0.0,False,False,False,False
B5_LOCKED_TC,ATTACK_DIVERSE_MODERATE,4,r04-t048-7f29b69f,1789121435237897044,1789121435555088286,0.0,31,0,0.0,False,False,False,False
B5_LOCKED_TC,ATTACK_DIVERSE_MODERATE,4,r04-t049-8aa341a6,1789121435565293745,1789121435878267693,0.0,30,0,0.0,False,False,False,False
B5_LOCKED_TC,BENIGN_DIVERSE_HIGH,4,r04-t000-dd519991,1789121449357983408,1789121450548854778,0.0,167,0,0.0,False,False,False,False
B5_LOCKED_TC,BENIGN_DIVERSE_HIGH,4,r04-t001-b68d5f83,1789121450561363697,1789121450964850085,0.0,361,0,0.0,False,False,False,False
B5_LOCKED_TC,BENIGN_DIVERSE_HIGH,4,r04-t002-f3c8f1a5,1789121450976149593,1789121451382943064,0.0,404,0,0.0,False,False,False,False
B5_LOCKED_TC,BENIGN_DIVERSE_HIGH,4,r04-t003-7a293757,1789121451393780520,1789121451796764072,0.0,405,0,0.0,False,False,False,False
B5_LOCKED_TC,BENIGN_DIVERSE_HIGH,4,r04-t004-e398da30,1789121451808554436,1789121452200813668,0.0,405,0,0.0,False,False,False,False
B5_LOCKED_TC,BENIGN_DIVERSE_HIGH,4,r04-t005-f52216cb,1789121452212138559,1789121452597392499,0.0,405,0,0.0,False,False,False,False
B5_LOCKED_TC,BENIGN_DIVERSE_HIGH,4,r04-t006-c12761ba,1789121452609041681,1789121453000011165,0.0,405,0,0.0,False,False,False,False
B5_LOCKED_TC,BENIGN_DIVERSE_HIGH,4,r04-t007-c8d6b73d,1789121453011628118,1789121453426122903,0.0,405,0,0.0,False,False,False,False
B5_LOCKED_TC,BENIGN_DIVERSE_HIGH,4,r04-t008-1e5bf667,1789121453437470517,1789121453829942425,0.0,405,0,0.0,False,False,False,False
B5_LOCKED_TC,BENIGN_DIVERSE_HIGH,4,r04-t009-1895d435,1789121453844601399,1789121454217380551,0.0,405,0,0.0,False,False,False,False
B5_LOCKED_TC,BENIGN_DIVERSE_HIGH,4,r04-t010-bdbfc2ec,1789121454229172816,1789121454616012843,0.0,405,0,0.0,False,False,False,False
B5_LOCKED_TC,BENIGN_DIVERSE_HIGH,4,r04-t011-dbabbee3,1789121454627494984,1789121455024510291,0.0,405,0,0.0,False,False,False,False
B5_LOCKED_TC,BENIGN_DIVERSE_HIGH,4,r04-t012-a7c13aae,1789121455037333709,1789121455448696249,0.0,405,0,0.0,False,False,False,False
B5_LOCKED_TC,BENIGN_DIVERSE_HIGH,4,r04-t013-779da8e6,1789121455459268264,1789121455865226812,0.0,405,0,0.0,False,False,False,False
B5_LOCKED_TC,BENIGN_DIVERSE_HIGH,4,r04-t014-84d719c4,1789121455876596007,1789121456267688039,0.0,405,0,0.0,False,False,False,False
B5_LOCKED_TC,BENIGN_DIVERSE_HIGH,4,r04-t015-8cf799bb,1789121456278714309,1789121456710043793,0.0,405,0,0.0,False,False,False,False
B5_LOCKED_TC,BENIGN_DIVERSE_HIGH,4,r04-t016-9d1af8f8,1789121456772065775,1789121457166334926,0.0,398,0,0.0,False,False,False,False
B5_LOCKED_TC,BENIGN_DIVERSE_HIGH,4,r04-t017-ec51f9f3,1789121457178044660,1789121457593724642,0.0,405,0,0.0,False,False,False,False
B5_LOCKED_TC,BENIGN_DIVERSE_HIGH,4,r04-t018-d863d981,1789121457604848726,1789121457986906293,0.0,405,0,0.0,False,False,False,False
B5_LOCKED_TC,BENIGN_DIVERSE_HIGH,4,r04-t019-b2e42ed3,1789121457999770808,1789121458399164375,0.0,405,0,0.0,False,False,False,False
B5_LOCKED_TC,BENIGN_DIVERSE_HIGH,4,r04-t020-68644e26,1789121458410860606,1789121458802143376,0.0,405,0,0.0,False,False,False,False
B5_LOCKED_TC,BENIGN_DIVERSE_HIGH,4,r04-t021-89cc46b4,1789121458814093449,1789121459201741871,0.0,405,0,0.0,False,False,False,False
B5_LOCKED_TC,BENIGN_DIVERSE_HIGH,4,r04-t022-e3132399,1789121459213135256,1789121459633285903,0.0,405,0,0.0,False,False,False,False
B5_LOCKED_TC,BENIGN_DIVERSE_HIGH,4,r04-t023-30e770c4,1789121459644390402,1789121460014209481,0.0,405,0,0.0,False,False,False,False
B5_LOCKED_TC,BENIGN_DIVERSE_HIGH,4,r04-t024-b35b87f9,1789121460025828128,1789121460413788111,0.0,405,0,0.0,False,False,False,False
B5_LOCKED_TC,BENIGN_DIVERSE_HIGH,4,r04-t025-5843d78b,1789121460424727695,1789121460817433806,0.0,405,0,0.0,False,False,False,False
B5_LOCKED_TC,BENIGN_DIVERSE_HIGH,4,r04-t026-b9bb56e1,1789121460828928296,1789121461190270669,0.0,405,0,0.0,False,False,False,False
B5_LOCKED_TC,BENIGN_DIVERSE_HIGH,4,r04-t027-f036bffb,1789121461201029407,1789121461575805350,0.0,405,0,0.0,False,False,False,False
B5_LOCKED_TC,BENIGN_DIVERSE_HIGH,4,r04-t028-c92cbb3b,1789121461587018264,1789121461984060085,0.0,405,0,0.0,False,False,False,False
B5_LOCKED_TC,BENIGN_DIVERSE_HIGH,4,r04-t029-09c662cc,1789121461995188291,1789121462387249073,0.0,405,0,0.0,False,False,False,False
B5_LOCKED_TC,BENIGN_DIVERSE_HIGH,4,r04-t030-729f0196,1789121462399688928,1789121462812157278,0.0,405,0,0.0,False,False,False,False
B5_LOCKED_TC,BENIGN_DIVERSE_HIGH,4,r04-t031-24174c61,1789121462823649145,1789121463234855884,0.0,405,0,0.0,False,False,False,False
B5_LOCKED_TC,BENIGN_DIVERSE_HIGH,4,r04-t032-5f8bdc97,1789121463247538055,1789121463642036133,0.0,405,0,0.0,False,False,False,False
B5_LOCKED_TC,BENIGN_DIVERSE_HIGH,4,r04-t033-f3b78fb0,1789121463652846219,1789121464060011287,0.0,405,0,0.0,False,False,False,False
B5_LOCKED_TC,BENIGN_DIVERSE_HIGH,4,r04-t034-f6f728f5,1789121464071712298,1789121464490084752,0.0,405,0,0.0,False,False,False,False
B5_LOCKED_TC,BENIGN_DIVERSE_HIGH,4,r04-t035-cb801ee4,1789121464502864372,1789121464901712871,0.0,405,0,0.0,False,False,False,False
B5_LOCKED_TC,BENIGN_DIVERSE_HIGH,4,r04-t036-dde192ed,1789121464913300974,1789121465324944669,0.0,405,0,0.0,False,False,False,False
B5_LOCKED_TC,BENIGN_DIVERSE_HIGH,4,r04-t037-6b748879,1789121465337950320,1789121465727522908,0.0,405,0,0.0,False,False,False,False
B5_LOCKED_TC,BENIGN_DIVERSE_HIGH,4,r04-t038-ece9a0e9,1789121465739386037,1789121466141389995,0.0,405,0,0.0,False,False,False,False
B5_LOCKED_TC,BENIGN_DIVERSE_HIGH,4,r04-t039-90e6b381,1789121466153089505,1789121466534679549,0.0,405,0,0.0,False,False,False,False
B5_LOCKED_TC,BENIGN_DIVERSE_HIGH,4,r04-t040-216a9fb9,1789121466546136739,1789121466947439125,0.0,405,0,0.0,False,False,False,False
B5_LOCKED_TC,BENIGN_DIVERSE_HIGH,4,r04-t041-95479ddf,1789121466959187889,1789121467346234628,0.0,405,0,0.0,False,False,False,False
B5_LOCKED_TC,BENIGN_DIVERSE_HIGH,4,r04-t042-3b1ce35a,1789121467357668700,1789121467769286605,0.0,405,0,0.0,False,False,False,False
B5_LOCKED_TC,BENIGN_DIVERSE_HIGH,4,r04-t043-22b93836,1789121467780940916,1789121468147393133,0.0,405,0,0.0,False,False,False,False
B5_LOCKED_TC,BENIGN_DIVERSE_HIGH,4,r04-t044-338ad17d,1789121468158872687,1789121468561506409,0.0,405,0,0.0,False,False,False,False
B5_LOCKED_TC,BENIGN_DIVERSE_HIGH,4,r04-t045-9085e7a8,1789121468572692122,1789121468950973689,0.0,405,0,0.0,False,False,False,False
B5_LOCKED_TC,BENIGN_DIVERSE_HIGH,4,r04-t046-7686039d,1789121468962443902,1789121469343628289,0.0,405,0,0.0,False,False,False,False
B5_LOCKED_TC,BENIGN_DIVERSE_HIGH,4,r04-t047-834df5d6,1789121469356106274,1789121469770059797,0.0,405,0,0.0,False,False,False,False
B5_LOCKED_TC,BENIGN_DIVERSE_HIGH,4,r04-t048-fb224973,1789121469782291123,1789121470147405021,0.0,405,0,0.0,False,False,False,False
B5_LOCKED_TC,BENIGN_DIVERSE_HIGH,4,r04-t049-bde4f9c3,1789121470158907034,1789121470544537040,0.0,405,0,0.0,False,False,False,False
B0_OFF,ATTACK_DIVERSE_HIGH,4,r04-t000-dd519991,1789121485764560617,1789121485954413507,0.0,400,0,0.0,False,False,False,False
B0_OFF,ATTACK_DIVERSE_HIGH,4,r04-t001-b68d5f83,1789121485965433054,1789121486224797087,0.0,401,0,0.0,False,False,False,False
B0_OFF,ATTACK_DIVERSE_HIGH,4,r04-t002-f3c8f1a5,1789121486237056004,1789121486594991220,0.0,402,0,0.0,False,False,False,False
B0_OFF,ATTACK_DIVERSE_HIGH,4,r04-t003-7a293757,1789121486607493700,1789121486940764811,0.0,403,0,0.0,False,False,False,False
B0_OFF,ATTACK_DIVERSE_HIGH,4,r04-t004-e398da30,1789121486953743316,1789121487290757976,0.0,404,0,0.0,False,False,False,False
B0_OFF,ATTACK_DIVERSE_HIGH,4,r04-t005-f52216cb,1789121487303636911,1789121487634386567,0.0,405,0,0.0,False,False,False,False
B0_OFF,ATTACK_DIVERSE_HIGH,4,r04-t006-c12761ba,1789121487645534446,1789121487979930169,0.0,406,0,0.0,False,False,False,False
B0_OFF,ATTACK_DIVERSE_HIGH,4,r04-t007-c8d6b73d,1789121487991937263,1789121488328977361,0.0,406,0,0.0,False,False,False,False
B0_OFF,ATTACK_DIVERSE_HIGH,4,r04-t008-1e5bf667,1789121488341065897,1789121488674976578,0.0,406,0,0.0,False,False,False,False
B0_OFF,ATTACK_DIVERSE_HIGH,4,r04-t009-1895d435,1789121488686989462,1789121489020727199,0.0,406,0,0.0,False,False,False,False
B0_OFF,ATTACK_DIVERSE_HIGH,4,r04-t010-bdbfc2ec,1789121489032785645,1789121489345522429,0.0,406,0,0.0,False,False,False,False
B0_OFF,ATTACK_DIVERSE_HIGH,4,r04-t011-dbabbee3,1789121489357954671,1789121489694655051,0.0,406,0,0.0,False,False,False,False
B0_OFF,ATTACK_DIVERSE_HIGH,4,r04-t012-a7c13aae,1789121489706296608,1789121490014368929,0.0,406,0,0.0,False,False,False,False
B0_OFF,ATTACK_DIVERSE_HIGH,4,r04-t013-779da8e6,1789121490026842176,1789121490380426544,0.0,406,0,0.0,False,False,False,False
B0_OFF,ATTACK_DIVERSE_HIGH,4,r04-t014-84d719c4,1789121490392790157,1789121490744894248,0.0,406,0,0.0,False,False,False,False
B0_OFF,ATTACK_DIVERSE_HIGH,4,r04-t015-8cf799bb,1789121490756303156,1789121491089619112,0.0,406,0,0.0,False,False,False,False
B0_OFF,ATTACK_DIVERSE_HIGH,4,r04-t016-9d1af8f8,1789121491100472809,1789121491434765936,0.0,406,0,0.0,False,False,False,False
B0_OFF,ATTACK_DIVERSE_HIGH,4,r04-t017-ec51f9f3,1789121491447630596,1789121491815461516,0.0,406,0,0.0,False,False,False,False
B0_OFF,ATTACK_DIVERSE_HIGH,4,r04-t018-d863d981,1789121491826845528,1789121492209517742,0.0,406,0,0.0,False,False,False,False
B0_OFF,ATTACK_DIVERSE_HIGH,4,r04-t019-b2e42ed3,1789121492220922808,1789121492547491770,0.0,406,0,0.0,False,False,False,False
B0_OFF,ATTACK_DIVERSE_HIGH,4,r04-t020-68644e26,1789121492559977378,1789121492902491031,0.0,406,0,0.0,False,False,False,False
B0_OFF,ATTACK_DIVERSE_HIGH,4,r04-t021-89cc46b4,1789121492916651793,1789121493284412346,0.0,405,0,0.0,False,False,False,False
B0_OFF,ATTACK_DIVERSE_HIGH,4,r04-t022-e3132399,1789121493295489285,1789121493639116389,0.0,406,0,0.0,False,False,False,False
B0_OFF,ATTACK_DIVERSE_HIGH,4,r04-t023-30e770c4,1789121493651165284,1789121493994435431,0.0,406,0,0.0,False,False,False,False
B0_OFF,ATTACK_DIVERSE_HIGH,4,r04-t024-b35b87f9,1789121494005660501,1789121494376538165,0.0,406,0,0.0,False,False,False,False
B0_OFF,ATTACK_DIVERSE_HIGH,4,r04-t025-5843d78b,1789121494388583267,1789121494721456059,0.0,406,0,0.0,False,False,False,False
B0_OFF,ATTACK_DIVERSE_HIGH,4,r04-t026-b9bb56e1,1789121494734450548,1789121495105027018,0.0,406,0,0.0,False,False,False,False
B0_OFF,ATTACK_DIVERSE_HIGH,4,r04-t027-f036bffb,1789121495116601648,1789121495436419636,0.0,406,0,0.0,False,False,False,False
B0_OFF,ATTACK_DIVERSE_HIGH,4,r04-t028-c92cbb3b,1789121495448212099,1789121495774915157,0.0,406,0,0.0,False,False,False,False
B0_OFF,ATTACK_DIVERSE_HIGH,4,r04-t029-09c662cc,1789121495786877469,1789121496136361638,0.0,406,0,0.0,False,False,False,False
B0_OFF,ATTACK_DIVERSE_HIGH,4,r04-t030-729f0196,1789121496147997340,1789121496474696795,0.0,406,0,0.0,False,False,False,False
B0_OFF,ATTACK_DIVERSE_HIGH,4,r04-t031-24174c61,1789121496485904321,1789121496820934879,0.0,406,0,0.0,False,False,False,False
B0_OFF,ATTACK_DIVERSE_HIGH,4,r04-t032-5f8bdc97,1789121496833296158,1789121497199111279,0.0,406,0,0.0,False,False,False,False
B0_OFF,ATTACK_DIVERSE_HIGH,4,r04-t033-f3b78fb0,1789121497210276698,1789121497516688995,0.0,406,0,0.0,False,False,False,False
B0_OFF,ATTACK_DIVERSE_HIGH,4,r04-t034-f6f728f5,1789121497528373632,1789121497865153790,0.0,406,0,0.0,False,False,False,False
B0_OFF,ATTACK_DIVERSE_HIGH,4,r04-t035-cb801ee4,1789121497876789871,1789121498216548871,0.0,406,0,0.0,False,False,False,False
B0_OFF,ATTACK_DIVERSE_HIGH,4,r04-t036-dde192ed,1789121498228074376,1789121498549555854,0.0,406,0,0.0,False,False,False,False
B0_OFF,ATTACK_DIVERSE_HIGH,4,r04-t037-6b748879,1789121498561156467,1789121498896276928,0.0,406,0,0.0,False,False,False,False
B0_OFF,ATTACK_DIVERSE_HIGH,4,r04-t038-ece9a0e9,1789121498909310680,1789121499244597592,0.0,406,0,0.0,False,False,False,False
B0_OFF,ATTACK_DIVERSE_HIGH,4,r04-t039-90e6b381,1789121499255799278,1789121499596827374,0.0,406,0,0.0,False,False,False,False
B0_OFF,ATTACK_DIVERSE_HIGH,4,r04-t040-216a9fb9,1789121499609096094,1789121499934795347,0.0,406,0,0.0,False,False,False,False
B0_OFF,ATTACK_DIVERSE_HIGH,4,r04-t041-95479ddf,1789121499946524488,1789121500307599327,0.0,405,0,0.0,False,False,False,False
B0_OFF,ATTACK_DIVERSE_HIGH,4,r04-t042-3b1ce35a,1789121500319363524,1789121500655020915,0.0,406,0,0.0,False,False,False,False
B0_OFF,ATTACK_DIVERSE_HIGH,4,r04-t043-22b93836,1789121500666576765,1789121500969780267,0.0,406,0,0.0,False,False,False,False
B0_OFF,ATTACK_DIVERSE_HIGH,4,r04-t044-338ad17d,1789121500981658821,1789121501309779226,0.0,406,0,0.0,False,False,False,False
B0_OFF,ATTACK_DIVERSE_HIGH,4,r04-t045-9085e7a8,1789121501321239759,1789121501656828933,0.0,406,0,0.0,False,False,False,False
B0_OFF,ATTACK_DIVERSE_HIGH,4,r04-t046-7686039d,1789121501668458116,1789121502023948503,0.0,406,0,0.0,False,False,False,False
B0_OFF,ATTACK_DIVERSE_HIGH,4,r04-t047-834df5d6,1789121502034999354,1789121502358372960,0.0,406,0,0.0,False,False,False,False
B0_OFF,ATTACK_DIVERSE_HIGH,4,r04-t048-fb224973,1789121502369810186,1789121502716920437,0.0,406,0,0.0,False,False,False,False
B0_OFF,ATTACK_DIVERSE_HIGH,4,r04-t049-bde4f9c3,1789121502728597656,1789121503044622346,0.0,406,0,0.0,False,False,False,False
B5_LOCKED_TC,BENIGN_DIVERSE_MODERATE,4,r04-t000-6e317466,1789121516826901054,1789121517169094337,0.0,24,0,0.0,False,False,False,False
B5_LOCKED_TC,BENIGN_DIVERSE_MODERATE,4,r04-t001-a129ca84,1789121517179940454,1789121517501828516,0.0,25,0,0.0,False,False,False,False
B5_LOCKED_TC,BENIGN_DIVERSE_MODERATE,4,r04-t002-6a92ad62,1789121517511758770,1789121517839005453,0.0,26,0,0.0,False,False,False,False
B5_LOCKED_TC,BENIGN_DIVERSE_MODERATE,4,r04-t003-8cc19f96,1789121517849001757,1789121518195079753,0.0,27,0,0.0,False,False,False,False
B5_LOCKED_TC,BENIGN_DIVERSE_MODERATE,4,r04-t004-008925cd,1789121518205601409,1789121518542171025,0.0,28,0,0.0,False,False,False,False
B5_LOCKED_TC,BENIGN_DIVERSE_MODERATE,4,r04-t005-ee47b4c4,1789121518552553288,1789121518870935300,0.0,29,0,0.0,False,False,False,False
B5_LOCKED_TC,BENIGN_DIVERSE_MODERATE,4,r04-t006-ca56db66,1789121518881101698,1789121519243085083,0.0,30,0,0.0,False,False,False,False
B5_LOCKED_TC,BENIGN_DIVERSE_MODERATE,4,r04-t007-84fd1f5f,1789121519253207229,1789121519601289035,0.0,30,0,0.0,False,False,False,False
B5_LOCKED_TC,BENIGN_DIVERSE_MODERATE,4,r04-t008-7fd3b23d,1789121519611759709,1789121519934546480,0.0,30,0,0.0,False,False,False,False
B5_LOCKED_TC,BENIGN_DIVERSE_MODERATE,4,r04-t009-d2ef3df6,1789121519944595376,1789121520269117974,0.0,30,0,0.0,False,False,False,False
B5_LOCKED_TC,BENIGN_DIVERSE_MODERATE,4,r04-t010-d92504d3,1789121520279202499,1789121520613852359,0.0,30,0,0.0,False,False,False,False
B5_LOCKED_TC,BENIGN_DIVERSE_MODERATE,4,r04-t011-7b2fe2e4,1789121520624285319,1789121520990976225,0.0,30,0,0.0,False,False,False,False
B5_LOCKED_TC,BENIGN_DIVERSE_MODERATE,4,r04-t012-ed37b395,1789121521001082166,1789121521322447338,0.0,30,0,0.0,False,False,False,False
B5_LOCKED_TC,BENIGN_DIVERSE_MODERATE,4,r04-t013-f43bda63,1789121521334800529,1789121521704068261,0.0,30,0,0.0,False,False,False,False
B5_LOCKED_TC,BENIGN_DIVERSE_MODERATE,4,r04-t014-8f8d7eba,1789121521714313405,1789121522051396434,0.0,30,0,0.0,False,False,False,False
B5_LOCKED_TC,BENIGN_DIVERSE_MODERATE,4,r04-t015-4f085781,1789121522065395902,1789121522393785777,0.0,30,0,0.0,False,False,False,False
B5_LOCKED_TC,BENIGN_DIVERSE_MODERATE,4,r04-t016-90e30cc1,1789121522404397930,1789121522721172706,0.0,30,0,0.0,False,False,False,False
B5_LOCKED_TC,BENIGN_DIVERSE_MODERATE,4,r04-t017-276bc871,1789121522732729053,1789121523057422410,0.0,30,0,0.0,False,False,False,False
B5_LOCKED_TC,BENIGN_DIVERSE_MODERATE,4,r04-t018-4115460a,1789121523067383841,1789121523414409634,0.0,30,0,0.0,False,False,False,False
B5_LOCKED_TC,BENIGN_DIVERSE_MODERATE,4,r04-t019-abca50de,1789121523425671465,1789121523743505286,0.0,30,0,0.0,False,False,False,False
B5_LOCKED_TC,BENIGN_DIVERSE_MODERATE,4,r04-t020-236eb14d,1789121523753672727,1789121524107211231,0.0,30,0,0.0,False,False,False,False
B5_LOCKED_TC,BENIGN_DIVERSE_MODERATE,4,r04-t021-7a02329f,1789121524117222601,1789121524465275978,0.0,30,0,0.0,False,False,False,False
B5_LOCKED_TC,BENIGN_DIVERSE_MODERATE,4,r04-t022-582a43d3,1789121524475785410,1789121524814778182,0.0,30,0,0.0,False,False,False,False
B5_LOCKED_TC,BENIGN_DIVERSE_MODERATE,4,r04-t023-079fc6bb,1789121524826563471,1789121525175389889,0.0,30,0,0.0,False,False,False,False
B5_LOCKED_TC,BENIGN_DIVERSE_MODERATE,4,r04-t024-4db6baea,1789121525185423746,1789121525511519682,0.0,30,0,0.0,False,False,False,False
B5_LOCKED_TC,BENIGN_DIVERSE_MODERATE,4,r04-t025-a029766f,1789121525521913136,1789121525855429358,0.0,30,0,0.0,False,False,False,False
B5_LOCKED_TC,BENIGN_DIVERSE_MODERATE,4,r04-t026-6143200b,1789121525867456552,1789121526214118396,0.0,30,0,0.0,False,False,False,False
B5_LOCKED_TC,BENIGN_DIVERSE_MODERATE,4,r04-t027-16b68826,1789121526224026051,1789121526551395755,0.0,30,0,0.0,False,False,False,False
B5_LOCKED_TC,BENIGN_DIVERSE_MODERATE,4,r04-t028-ff0fa186,1789121526561317221,1789121526908745937,0.0,30,0,0.0,False,False,False,False
B5_LOCKED_TC,BENIGN_DIVERSE_MODERATE,4,r04-t029-b0f64e13,1789121526919621500,1789121527253443960,0.0,30,0,0.0,False,False,False,False
B5_LOCKED_TC,BENIGN_DIVERSE_MODERATE,4,r04-t030-9e0677ee,1789121527263865700,1789121527591019136,0.0,30,0,0.0,False,False,False,False
B5_LOCKED_TC,BENIGN_DIVERSE_MODERATE,4,r04-t031-50aa9ec9,1789121527601614856,1789121527929910085,0.0,30,0,0.0,False,False,False,False
B5_LOCKED_TC,BENIGN_DIVERSE_MODERATE,4,r04-t032-5588633f,1789121527940390860,1789121528266190680,0.0,30,0,0.0,False,False,False,False
B5_LOCKED_TC,BENIGN_DIVERSE_MODERATE,4,r04-t033-e77d8b1b,1789121528275854441,1789121528617756304,0.0,30,0,0.0,False,False,False,False
B5_LOCKED_TC,BENIGN_DIVERSE_MODERATE,4,r04-t034-c3bb1f67,1789121528628913413,1789121528964007938,0.0,30,0,0.0,False,False,False,False
B5_LOCKED_TC,BENIGN_DIVERSE_MODERATE,4,r04-t035-82b8bea8,1789121528974181529,1789121529328659110,0.0,30,0,0.0,False,False,False,False
B5_LOCKED_TC,BENIGN_DIVERSE_MODERATE,4,r04-t036-9414ba05,1789121529339629184,1789121530056417491,0.0,30,0,0.0,False,False,False,False
B5_LOCKED_TC,BENIGN_DIVERSE_MODERATE,4,r04-t037-444dbc73,1789121530067556626,1789121530415409553,0.0,30,0,0.0,False,False,False,False
B5_LOCKED_TC,BENIGN_DIVERSE_MODERATE,4,r04-t038-63c3d90c,1789121530425524581,1789121530759994616,0.0,30,0,0.0,False,False,False,False
B5_LOCKED_TC,BENIGN_DIVERSE_MODERATE,4,r04-t039-72f253e9,1789121530771313028,1789121531120779167,0.0,30,0,0.0,False,False,False,False
B5_LOCKED_TC,BENIGN_DIVERSE_MODERATE,4,r04-t040-3a9c73fc,1789121531132559915,1789121531481611115,0.0,30,0,0.0,False,False,False,False
B5_LOCKED_TC,BENIGN_DIVERSE_MODERATE,4,r04-t041-4cb74a9e,1789121531492818839,1789121531832134472,0.0,30,0,0.0,False,False,False,False
B5_LOCKED_TC,BENIGN_DIVERSE_MODERATE,4,r04-t042-74ec8e2e,1789121531842475419,1789121532176688126,0.0,30,0,0.0,False,False,False,False
B5_LOCKED_TC,BENIGN_DIVERSE_MODERATE,4,r04-t043-70d058f1,1789121532187931988,1789121532525637908,0.0,30,0,0.0,False,False,False,False
B5_LOCKED_TC,BENIGN_DIVERSE_MODERATE,4,r04-t044-55427614,1789121532535879615,1789121532876501434,0.0,30,0,0.0,False,False,False,False
B5_LOCKED_TC,BENIGN_DIVERSE_MODERATE,4,r04-t045-37c8bebc,1789121532887312116,1789121533234187264,0.0,30,0,0.0,False,False,False,False
B5_LOCKED_TC,BENIGN_DIVERSE_MODERATE,4,r04-t046-3fc9d5ca,1789121533246929813,1789121533570714860,0.0,30,0,0.0,False,False,False,False
B5_LOCKED_TC,BENIGN_DIVERSE_MODERATE,4,r04-t047-19862dbe,1789121533581580651,1789121533916716871,0.0,30,0,0.0,False,False,False,False
B5_LOCKED_TC,BENIGN_DIVERSE_MODERATE,4,r04-t048-7f29b69f,1789121533927172368,1789121534277609949,0.0,30,0,0.0,False,False,False,False
B5_LOCKED_TC,BENIGN_DIVERSE_MODERATE,4,r04-t049-8aa341a6,1789121534289753963,1789121534616799288,0.0,30,0,0.0,False,False,False,False
RFC_DROP_NATIVE,ATTACK_DIVERSE_MODERATE,4,r04-t000-6e317466,1789121547325433352,1789121549347845289,0.0,24,0,0.0,False,False,False,False
RFC_DROP_NATIVE,ATTACK_DIVERSE_MODERATE,4,r04-t001-a129ca84,1789121547330805989,1789121549352610641,0.0,24,0,0.0,False,False,False,False
RFC_DROP_NATIVE,ATTACK_DIVERSE_MODERATE,4,r04-t002-6a92ad62,1789121547339630689,1789121549359987964,0.0,24,0,0.0,False,False,False,False
RFC_DROP_NATIVE,ATTACK_DIVERSE_MODERATE,4,r04-t003-8cc19f96,1789121547349987543,1789121549359807695,0.0,24,0,0.0,False,False,False,False
RFC_DROP_NATIVE,ATTACK_DIVERSE_MODERATE,4,r04-t004-008925cd,1789121547360199118,1789121549370080814,0.0,24,0,0.0,False,False,False,False
RFC_DROP_NATIVE,ATTACK_DIVERSE_MODERATE,4,r04-t005-ee47b4c4,1789121547369842289,1789121549378234219,0.0,24,0,0.0,False,False,False,False
RFC_DROP_NATIVE,ATTACK_DIVERSE_MODERATE,4,r04-t006-ca56db66,1789121547379609117,1789121549400351209,0.0,24,0,0.0,False,False,False,False
RFC_DROP_NATIVE,ATTACK_DIVERSE_MODERATE,4,r04-t007-84fd1f5f,1789121547389784658,1789121549400682732,0.0,24,0,0.0,False,False,False,False
RFC_DROP_NATIVE,ATTACK_DIVERSE_MODERATE,4,r04-t008-7fd3b23d,1789121547399631804,1789121549410122587,0.0,24,0,0.0,False,False,False,False
RFC_DROP_NATIVE,ATTACK_DIVERSE_MODERATE,4,r04-t009-d2ef3df6,1789121547410082350,1789121549420696505,0.0,24,0,0.0,False,False,False,False
RFC_DROP_NATIVE,ATTACK_DIVERSE_MODERATE,4,r04-t010-d92504d3,1789121547419998343,1789121549429972687,0.0,24,0,0.0,False,False,False,False
RFC_DROP_NATIVE,ATTACK_DIVERSE_MODERATE,4,r04-t011-7b2fe2e4,1789121547430075546,1789121549451840370,0.0,24,0,0.0,False,False,False,False
RFC_DROP_NATIVE,ATTACK_DIVERSE_MODERATE,4,r04-t012-ed37b395,1789121547439871676,1789121549449689267,0.0,24,0,0.0,False,False,False,False
RFC_DROP_NATIVE,ATTACK_DIVERSE_MODERATE,4,r04-t013-f43bda63,1789121547449975051,1789121549470038546,0.0,24,0,0.0,False,False,False,False
RFC_DROP_NATIVE,ATTACK_DIVERSE_MODERATE,4,r04-t014-8f8d7eba,1789121547459682515,1789121549470146841,0.0,24,0,0.0,False,False,False,False
RFC_DROP_NATIVE,ATTACK_DIVERSE_MODERATE,4,r04-t015-4f085781,1789121547470750302,1789121549480967314,0.0,24,0,0.0,False,False,False,False
RFC_DROP_NATIVE,ATTACK_DIVERSE_MODERATE,4,r04-t016-90e30cc1,1789121547479751954,1789121549489919844,0.0,24,0,0.0,False,False,False,False
RFC_DROP_NATIVE,ATTACK_DIVERSE_MODERATE,4,r04-t017-276bc871,1789121547489788002,1789121549500153136,0.0,24,0,0.0,False,False,False,False
RFC_DROP_NATIVE,ATTACK_DIVERSE_MODERATE,4,r04-t018-4115460a,1789121547499754065,1789121549509693986,0.0,24,0,0.0,False,False,False,False
RFC_DROP_NATIVE,ATTACK_DIVERSE_MODERATE,4,r04-t019-abca50de,1789121547510177583,1789121549520585486,0.0,24,0,0.0,False,False,False,False
RFC_DROP_NATIVE,ATTACK_DIVERSE_MODERATE,4,r04-t020-236eb14d,1789121547520060671,1789121549540004966,0.0,24,0,0.0,False,False,False,False
RFC_DROP_NATIVE,ATTACK_DIVERSE_MODERATE,4,r04-t021-7a02329f,1789121547529776290,1789121549550219196,0.0,25,0,0.0,False,False,False,False
RFC_DROP_NATIVE,ATTACK_DIVERSE_MODERATE,4,r04-t022-582a43d3,1789121547539779147,1789121549559947049,0.0,25,0,0.0,False,False,False,False
RFC_DROP_NATIVE,ATTACK_DIVERSE_MODERATE,4,r04-t023-079fc6bb,1789121547549700355,1789121549560155103,0.0,25,0,0.0,False,False,False,False
RFC_DROP_NATIVE,ATTACK_DIVERSE_MODERATE,4,r04-t024-4db6baea,1789121547559774145,1789121549580006436,0.0,25,0,0.0,False,False,False,False
RFC_DROP_NATIVE,ATTACK_DIVERSE_MODERATE,4,r04-t025-a029766f,1789121547570381632,1789121549581153678,0.0,25,0,0.0,False,False,False,False
RFC_DROP_NATIVE,ATTACK_DIVERSE_MODERATE,4,r04-t026-6143200b,1789121547579740978,1789121549589845143,0.0,25,0,0.0,False,False,False,False
RFC_DROP_NATIVE,ATTACK_DIVERSE_MODERATE,4,r04-t027-16b68826,1789121547589752371,1789121549600003995,0.0,25,0,0.0,False,False,False,False
RFC_DROP_NATIVE,ATTACK_DIVERSE_MODERATE,4,r04-t028-ff0fa186,1789121547599736356,1789121549624506598,0.0,25,0,0.0,False,False,False,False
RFC_DROP_NATIVE,ATTACK_DIVERSE_MODERATE,4,r04-t029-b0f64e13,1789121547614565066,1789121549625333888,0.0,25,0,0.0,False,False,False,False
RFC_DROP_NATIVE,ATTACK_DIVERSE_MODERATE,4,r04-t030-9e0677ee,1789121547620197060,1789121549629665775,0.0,25,0,0.0,False,False,False,False
RFC_DROP_NATIVE,ATTACK_DIVERSE_MODERATE,4,r04-t031-50aa9ec9,1789121547629813868,1789121549640081329,0.0,25,0,0.0,False,False,False,False
RFC_DROP_NATIVE,ATTACK_DIVERSE_MODERATE,4,r04-t032-5588633f,1789121547639625075,1789121549649867595,0.0,25,0,0.0,False,False,False,False
RFC_DROP_NATIVE,ATTACK_DIVERSE_MODERATE,4,r04-t033-e77d8b1b,1789121547649764866,1789121549660636198,0.0,25,0,0.0,False,False,False,False
RFC_DROP_NATIVE,ATTACK_DIVERSE_MODERATE,4,r04-t034-c3bb1f67,1789121547659921155,1789121549669851403,0.0,25,0,0.0,False,False,False,False
RFC_DROP_NATIVE,ATTACK_DIVERSE_MODERATE,4,r04-t035-82b8bea8,1789121547669926004,1789121549681316525,0.0,25,0,0.0,False,False,False,False
RFC_DROP_NATIVE,ATTACK_DIVERSE_MODERATE,4,r04-t036-9414ba05,1789121547680881324,1789121549692025858,0.0,25,0,0.0,False,False,False,False
RFC_DROP_NATIVE,ATTACK_DIVERSE_MODERATE,4,r04-t037-444dbc73,1789121547690409372,1789121549701013097,0.0,25,0,0.0,False,False,False,False
RFC_DROP_NATIVE,ATTACK_DIVERSE_MODERATE,4,r04-t038-63c3d90c,1789121547699990808,1789121549709857615,0.0,25,0,0.0,False,False,False,False
RFC_DROP_NATIVE,ATTACK_DIVERSE_MODERATE,4,r04-t039-72f253e9,1789121547710154874,1789121549721091828,0.0,25,0,0.0,False,False,False,False
RFC_DROP_NATIVE,ATTACK_DIVERSE_MODERATE,4,r04-t040-3a9c73fc,1789121547720128903,1789121549740076422,0.0,25,0,0.0,False,False,False,False
RFC_DROP_NATIVE,ATTACK_DIVERSE_MODERATE,4,r04-t041-4cb74a9e,1789121547730053715,1789121549741231914,0.0,25,0,0.0,False,False,False,False
RFC_DROP_NATIVE,ATTACK_DIVERSE_MODERATE,4,r04-t042-74ec8e2e,1789121547740032107,1789121549749916837,0.0,25,0,0.0,False,False,False,False
RFC_DROP_NATIVE,ATTACK_DIVERSE_MODERATE,4,r04-t043-70d058f1,1789121547749679828,1789121549761156549,0.0,25,0,0.0,False,False,False,False
RFC_DROP_NATIVE,ATTACK_DIVERSE_MODERATE,4,r04-t044-55427614,1789121547760076416,1789121549770001828,0.0,25,0,0.0,False,False,False,False
RFC_DROP_NATIVE,ATTACK_DIVERSE_MODERATE,4,r04-t045-37c8bebc,1789121547769835183,1789121549781199532,0.0,25,0,0.0,False,False,False,False
RFC_DROP_NATIVE,ATTACK_DIVERSE_MODERATE,4,r04-t046-3fc9d5ca,1789121547780055293,1789121549789943627,0.0,25,0,0.0,False,False,False,False
RFC_DROP_NATIVE,ATTACK_DIVERSE_MODERATE,4,r04-t047-19862dbe,1789121547789849715,1789121549801786168,0.0,25,0,0.0,False,False,False,False
RFC_DROP_NATIVE,ATTACK_DIVERSE_MODERATE,4,r04-t048-7f29b69f,1789121547800116482,1789121549809893202,0.0,25,0,0.0,False,False,False,False
RFC_DROP_NATIVE,ATTACK_DIVERSE_MODERATE,4,r04-t049-8aa341a6,1789121547810580776,1789121549821962953,0.0,25,0,0.0,False,False,False,False
B5_LOCKED_TC,ATTACK_DIVERSE_HIGH,4,r04-t000-dd519991,1789121581492240504,1789121581792203432,0.0,400,0,0.0,False,False,False,False
B5_LOCKED_TC,ATTACK_DIVERSE_HIGH,4,r04-t001-b68d5f83,1789121581803436249,1789121582040410116,0.0,401,0,0.0,False,False,False,False
B5_LOCKED_TC,ATTACK_DIVERSE_HIGH,4,r04-t002-f3c8f1a5,1789121582052092614,1789121582357988369,0.0,402,0,0.0,False,False,False,False
B5_LOCKED_TC,ATTACK_DIVERSE_HIGH,4,r04-t003-7a293757,1789121582370328109,1789121582698821384,0.0,403,0,0.0,False,False,False,False
B5_LOCKED_TC,ATTACK_DIVERSE_HIGH,4,r04-t004-e398da30,1789121582710345792,1789121583054504415,0.0,404,0,0.0,False,False,False,False
B5_LOCKED_TC,ATTACK_DIVERSE_HIGH,4,r04-t005-f52216cb,1789121583067990195,1789121583400945434,0.0,405,0,0.0,False,False,False,False
B5_LOCKED_TC,ATTACK_DIVERSE_HIGH,4,r04-t006-c12761ba,1789121583412370904,1789121583757906390,0.0,406,0,0.0,False,False,False,False
B5_LOCKED_TC,ATTACK_DIVERSE_HIGH,4,r04-t007-c8d6b73d,1789121583769011879,1789121584071651529,0.0,406,0,0.0,False,False,False,False
B5_LOCKED_TC,ATTACK_DIVERSE_HIGH,4,r04-t008-1e5bf667,1789121584083340957,1789121584419804839,0.0,406,0,0.0,False,False,False,False
B5_LOCKED_TC,ATTACK_DIVERSE_HIGH,4,r04-t009-1895d435,1789121584430484596,1789121584763383720,0.0,406,0,0.0,False,False,False,False
B5_LOCKED_TC,ATTACK_DIVERSE_HIGH,4,r04-t010-bdbfc2ec,1789121584774765704,1789121585083577856,0.0,406,0,0.0,False,False,False,False
B5_LOCKED_TC,ATTACK_DIVERSE_HIGH,4,r04-t011-dbabbee3,1789121585095348577,1789121585396964202,0.0,406,0,0.0,False,False,False,False
B5_LOCKED_TC,ATTACK_DIVERSE_HIGH,4,r04-t012-a7c13aae,1789121585408113864,1789121585747064722,0.0,406,0,0.0,False,False,False,False
B5_LOCKED_TC,ATTACK_DIVERSE_HIGH,4,r04-t013-779da8e6,1789121585757542407,1789121586115472444,0.0,406,0,0.0,False,False,False,False
B5_LOCKED_TC,ATTACK_DIVERSE_HIGH,4,r04-t014-84d719c4,1789121586126550241,1789121586432422155,0.0,406,0,0.0,False,False,False,False
B5_LOCKED_TC,ATTACK_DIVERSE_HIGH,4,r04-t015-8cf799bb,1789121586443781498,1789121586776673576,0.0,406,0,0.0,False,False,False,False
B5_LOCKED_TC,ATTACK_DIVERSE_HIGH,4,r04-t016-9d1af8f8,1789121586787664851,1789121587156745772,0.0,406,0,0.0,False,False,False,False
B5_LOCKED_TC,ATTACK_DIVERSE_HIGH,4,r04-t017-ec51f9f3,1789121587168031275,1789121587482196411,0.0,406,0,0.0,False,False,False,False
B5_LOCKED_TC,ATTACK_DIVERSE_HIGH,4,r04-t018-d863d981,1789121587494183015,1789121587830343193,0.0,405,0,0.0,False,False,False,False
B5_LOCKED_TC,ATTACK_DIVERSE_HIGH,4,r04-t019-b2e42ed3,1789121587841198437,1789121588172850369,0.0,406,0,0.0,False,False,False,False
B5_LOCKED_TC,ATTACK_DIVERSE_HIGH,4,r04-t020-68644e26,1789121588183632150,1789121588543726829,0.0,406,0,0.0,False,False,False,False
B5_LOCKED_TC,ATTACK_DIVERSE_HIGH,4,r04-t021-89cc46b4,1789121588557491027,1789121588841832543,0.0,406,0,0.0,False,False,False,False
B5_LOCKED_TC,ATTACK_DIVERSE_HIGH,4,r04-t022-e3132399,1789121588853023070,1789121589201139225,0.0,406,0,0.0,False,False,False,False
B5_LOCKED_TC,ATTACK_DIVERSE_HIGH,4,r04-t023-30e770c4,1789121589211767409,1789121589519342328,0.0,406,0,0.0,False,False,False,False
B5_LOCKED_TC,ATTACK_DIVERSE_HIGH,4,r04-t024-b35b87f9,1789121589530894631,1789121589895528182,0.0,406,0,0.0,False,False,False,False
B5_LOCKED_TC,ATTACK_DIVERSE_HIGH,4,r04-t025-5843d78b,1789121589906441952,1789121590236255320,0.0,406,0,0.0,False,False,False,False
B5_LOCKED_TC,ATTACK_DIVERSE_HIGH,4,r04-t026-b9bb56e1,1789121590247798417,1789121590598354186,0.0,406,0,0.0,False,False,False,False
B5_LOCKED_TC,ATTACK_DIVERSE_HIGH,4,r04-t027-f036bffb,1789121590609892021,1789121591011009585,0.0,406,0,0.0,False,False,False,False
B5_LOCKED_TC,ATTACK_DIVERSE_HIGH,4,r04-t028-c92cbb3b,1789121591023040812,1789121591365496789,0.0,406,0,0.0,False,False,False,False
B5_LOCKED_TC,ATTACK_DIVERSE_HIGH,4,r04-t029-09c662cc,1789121591376090683,1789121591687053667,0.0,406,0,0.0,False,False,False,False
B5_LOCKED_TC,ATTACK_DIVERSE_HIGH,4,r04-t030-729f0196,1789121591697678749,1789121592007496940,0.0,406,0,0.0,False,False,False,False
B5_LOCKED_TC,ATTACK_DIVERSE_HIGH,4,r04-t031-24174c61,1789121592018819461,1789121592355051630,0.0,406,0,0.0,False,False,False,False
B5_LOCKED_TC,ATTACK_DIVERSE_HIGH,4,r04-t032-5f8bdc97,1789121592366275948,1789121592706702415,0.0,406,0,0.0,False,False,False,False
B5_LOCKED_TC,ATTACK_DIVERSE_HIGH,4,r04-t033-f3b78fb0,1789121592717748842,1789121593119741501,0.0,406,0,0.0,False,False,False,False
B5_LOCKED_TC,ATTACK_DIVERSE_HIGH,4,r04-t034-f6f728f5,1789121593130486692,1789121593419869819,0.0,406,0,0.0,False,False,False,False
B5_LOCKED_TC,ATTACK_DIVERSE_HIGH,4,r04-t035-cb801ee4,1789121593431235978,1789121593751452973,0.0,406,0,0.0,False,False,False,False
B5_LOCKED_TC,ATTACK_DIVERSE_HIGH,4,r04-t036-dde192ed,1789121593762366335,1789121594136018245,0.0,406,0,0.0,False,False,False,False
B5_LOCKED_TC,ATTACK_DIVERSE_HIGH,4,r04-t037-6b748879,1789121594148195719,1789121594456038096,0.0,406,0,0.0,False,False,False,False
B5_LOCKED_TC,ATTACK_DIVERSE_HIGH,4,r04-t038-ece9a0e9,1789121594467108494,1789121594817463458,0.0,406,0,0.0,False,False,False,False
B5_LOCKED_TC,ATTACK_DIVERSE_HIGH,4,r04-t039-90e6b381,1789121594828398431,1789121595190552249,0.0,406,0,0.0,False,False,False,False
B5_LOCKED_TC,ATTACK_DIVERSE_HIGH,4,r04-t040-216a9fb9,1789121595202037318,1789121595517355464,0.0,406,0,0.0,False,False,False,False
B5_LOCKED_TC,ATTACK_DIVERSE_HIGH,4,r04-t041-95479ddf,1789121595528491732,1789121595911920105,0.0,406,0,0.0,False,False,False,False
B5_LOCKED_TC,ATTACK_DIVERSE_HIGH,4,r04-t042-3b1ce35a,1789121595923240022,1789121596287332524,0.0,406,0,0.0,False,False,False,False
B5_LOCKED_TC,ATTACK_DIVERSE_HIGH,4,r04-t043-22b93836,1789121596300428616,1789121596611678575,0.0,406,0,0.0,False,False,False,False
B5_LOCKED_TC,ATTACK_DIVERSE_HIGH,4,r04-t044-338ad17d,1789121596622818430,1789121596956626309,0.0,406,0,0.0,False,False,False,False
B5_LOCKED_TC,ATTACK_DIVERSE_HIGH,4,r04-t045-9085e7a8,1789121596967721338,1789121597295712412,0.0,406,0,0.0,False,False,False,False
B5_LOCKED_TC,ATTACK_DIVERSE_HIGH,4,r04-t046-7686039d,1789121597307335073,1789121597637022860,0.0,406,0,0.0,False,False,False,False
B5_LOCKED_TC,ATTACK_DIVERSE_HIGH,4,r04-t047-834df5d6,1789121597647979351,1789121597999285962,0.0,406,0,0.0,False,False,False,False
B5_LOCKED_TC,ATTACK_DIVERSE_HIGH,4,r04-t048-fb224973,1789121598012044673,1789121598375204591,0.0,406,0,0.0,False,False,False,False
B5_LOCKED_TC,ATTACK_DIVERSE_HIGH,4,r04-t049-bde4f9c3,1789121598387339411,1789121598677941918,0.0,406,0,0.0,False,False,False,False
B0_OFF,ATTACK_DIVERSE_MODERATE,4,r04-t000-6e317466,1789121612479682952,1789121612632059912,0.0,24,0,0.0,False,False,False,False
B0_OFF,ATTACK_DIVERSE_MODERATE,4,r04-t001-a129ca84,1789121612642824024,1789121612938027558,0.0,25,0,0.0,False,False,False,False
B0_OFF,ATTACK_DIVERSE_MODERATE,4,r04-t002-6a92ad62,1789121612948354008,1789121613270297769,0.0,26,0,0.0,False,False,False,False
B0_OFF,ATTACK_DIVERSE_MODERATE,4,r04-t003-8cc19f96,1789121613281320285,1789121613602458090,0.0,27,0,0.0,False,False,False,False
B0_OFF,ATTACK_DIVERSE_MODERATE,4,r04-t004-008925cd,1789121613614334864,1789121613933384281,0.0,28,0,0.0,False,False,False,False
B0_OFF,ATTACK_DIVERSE_MODERATE,4,r04-t005-ee47b4c4,1789121613944616234,1789121614228427156,0.0,29,0,0.0,False,False,False,False
B0_OFF,ATTACK_DIVERSE_MODERATE,4,r04-t006-ca56db66,1789121614238981167,1789121614545212721,0.0,30,0,0.0,False,False,False,False
B0_OFF,ATTACK_DIVERSE_MODERATE,4,r04-t007-84fd1f5f,1789121614556788294,1789121614854493206,0.0,31,0,0.0,False,False,False,False
B0_OFF,ATTACK_DIVERSE_MODERATE,4,r04-t008-7fd3b23d,1789121614864628819,1789121615211206104,0.0,31,0,0.0,False,False,False,False
B0_OFF,ATTACK_DIVERSE_MODERATE,4,r04-t009-d2ef3df6,1789121615222171397,1789121615550518965,0.0,31,0,0.0,False,False,False,False
B0_OFF,ATTACK_DIVERSE_MODERATE,4,r04-t010-d92504d3,1789121615562124051,1789121615886746836,0.0,31,0,0.0,False,False,False,False
B0_OFF,ATTACK_DIVERSE_MODERATE,4,r04-t011-7b2fe2e4,1789121615897446988,1789121616215056256,0.0,31,0,0.0,False,False,False,False
B0_OFF,ATTACK_DIVERSE_MODERATE,4,r04-t012-ed37b395,1789121616225838588,1789121616546188373,0.0,30,0,0.0,False,False,False,False
B0_OFF,ATTACK_DIVERSE_MODERATE,4,r04-t013-f43bda63,1789121616559074940,1789121616864671636,0.0,30,0,0.0,False,False,False,False
B0_OFF,ATTACK_DIVERSE_MODERATE,4,r04-t014-8f8d7eba,1789121616876886716,1789121617194826698,0.0,30,0,0.0,False,False,False,False
B0_OFF,ATTACK_DIVERSE_MODERATE,4,r04-t015-4f085781,1789121617205069071,1789121617560756802,0.0,30,0,0.0,False,False,False,False
B0_OFF,ATTACK_DIVERSE_MODERATE,4,r04-t016-90e30cc1,1789121617571105457,1789121617895551925,0.0,30,0,0.0,False,False,False,False
B0_OFF,ATTACK_DIVERSE_MODERATE,4,r04-t017-276bc871,1789121617906281778,1789121618254194930,0.0,30,0,0.0,False,False,False,False
B0_OFF,ATTACK_DIVERSE_MODERATE,4,r04-t018-4115460a,1789121618265311129,1789121618597969925,0.0,30,0,0.0,False,False,False,False
B0_OFF,ATTACK_DIVERSE_MODERATE,4,r04-t019-abca50de,1789121618608540407,1789121618919680246,0.0,30,0,0.0,False,False,False,False
B0_OFF,ATTACK_DIVERSE_MODERATE,4,r04-t020-236eb14d,1789121618929782350,1789121619299343335,0.0,30,0,0.0,False,False,False,False
B0_OFF,ATTACK_DIVERSE_MODERATE,4,r04-t021-7a02329f,1789121619310098842,1789121619635799743,0.0,30,0,0.0,False,False,False,False
B0_OFF,ATTACK_DIVERSE_MODERATE,4,r04-t022-582a43d3,1789121619646700378,1789121619981222290,0.0,30,0,0.0,False,False,False,False
B0_OFF,ATTACK_DIVERSE_MODERATE,4,r04-t023-079fc6bb,1789121619990898277,1789121620289362008,0.0,30,0,0.0,False,False,False,False
B0_OFF,ATTACK_DIVERSE_MODERATE,4,r04-t024-4db6baea,1789121620300282308,1789121620639257318,0.0,30,0,0.0,False,False,False,False
B0_OFF,ATTACK_DIVERSE_MODERATE,4,r04-t025-a029766f,1789121620650434310,1789121620960861181,0.0,30,0,0.0,False,False,False,False
B0_OFF,ATTACK_DIVERSE_MODERATE,4,r04-t026-6143200b,1789121620971433648,1789121621276587994,0.0,30,0,0.0,False,False,False,False
B0_OFF,ATTACK_DIVERSE_MODERATE,4,r04-t027-16b68826,1789121621287837029,1789121621611293513,0.0,31,0,0.0,False,False,False,False
B0_OFF,ATTACK_DIVERSE_MODERATE,4,r04-t028-ff0fa186,1789121621621750068,1789121621962133145,0.0,31,0,0.0,False,False,False,False
B0_OFF,ATTACK_DIVERSE_MODERATE,4,r04-t029-b0f64e13,1789121621976806811,1789121622314714212,0.0,30,0,0.0,False,False,False,False
B0_OFF,ATTACK_DIVERSE_MODERATE,4,r04-t030-9e0677ee,1789121622326430681,1789121622642637313,0.0,30,0,0.0,False,False,False,False
B0_OFF,ATTACK_DIVERSE_MODERATE,4,r04-t031-50aa9ec9,1789121622653774218,1789121622942985717,0.0,30,0,0.0,False,False,False,False
B0_OFF,ATTACK_DIVERSE_MODERATE,4,r04-t032-5588633f,1789121622952957064,1789121623309894131,0.0,30,0,0.0,False,False,False,False
B0_OFF,ATTACK_DIVERSE_MODERATE,4,r04-t033-e77d8b1b,1789121623322119728,1789121623623628396,0.0,30,0,0.0,False,False,False,False
B0_OFF,ATTACK_DIVERSE_MODERATE,4,r04-t034-c3bb1f67,1789121623634128535,1789121623947822428,0.0,30,0,0.0,False,False,False,False
B0_OFF,ATTACK_DIVERSE_MODERATE,4,r04-t035-82b8bea8,1789121623957853812,1789121624275019137,0.0,30,0,0.0,False,False,False,False
B0_OFF,ATTACK_DIVERSE_MODERATE,4,r04-t036-9414ba05,1789121624285228171,1789121624641796226,0.0,31,0,0.0,False,False,False,False
B0_OFF,ATTACK_DIVERSE_MODERATE,4,r04-t037-444dbc73,1789121624652781385,1789121624970817758,0.0,30,0,0.0,False,False,False,False
B0_OFF,ATTACK_DIVERSE_MODERATE,4,r04-t038-63c3d90c,1789121624980924683,1789121625303919216,0.0,30,0,0.0,False,False,False,False
B0_OFF,ATTACK_DIVERSE_MODERATE,4,r04-t039-72f253e9,1789121625315683810,1789121625663283837,0.0,30,0,0.0,False,False,False,False
B0_OFF,ATTACK_DIVERSE_MODERATE,4,r04-t040-3a9c73fc,1789121625673190136,1789121625963423034,0.0,30,0,0.0,False,False,False,False
B0_OFF,ATTACK_DIVERSE_MODERATE,4,r04-t041-4cb74a9e,1789121625974407912,1789121626303371163,0.0,30,0,0.0,False,False,False,False
B0_OFF,ATTACK_DIVERSE_MODERATE,4,r04-t042-74ec8e2e,1789121626314433892,1789121626603733870,0.0,30,0,0.0,False,False,False,False
B0_OFF,ATTACK_DIVERSE_MODERATE,4,r04-t043-70d058f1,1789121626615460653,1789121626930495719,0.0,31,0,0.0,False,False,False,False
B0_OFF,ATTACK_DIVERSE_MODERATE,4,r04-t044-55427614,1789121626941495069,1789121627262603763,0.0,31,0,0.0,False,False,False,False
B0_OFF,ATTACK_DIVERSE_MODERATE,4,r04-t045-37c8bebc,1789121627274342654,1789121627568909179,0.0,31,0,0.0,False,False,False,False
B0_OFF,ATTACK_DIVERSE_MODERATE,4,r04-t046-3fc9d5ca,1789121627578977341,1789121627913238356,0.0,31,0,0.0,False,False,False,False
B0_OFF,ATTACK_DIVERSE_MODERATE,4,r04-t047-19862dbe,1789121627924131382,1789121628225695628,0.0,31,0,0.0,False,False,False,False
B0_OFF,ATTACK_DIVERSE_MODERATE,4,r04-t048-7f29b69f,1789121628237170884,1789121628574675448,0.0,31,0,0.0,False,False,False,False
B0_OFF,ATTACK_DIVERSE_MODERATE,4,r04-t049-8aa341a6,1789121628585799285,1789121628880271784,0.0,31,0,0.0,False,False,False,False
B1_RL2_TC,ATTACK_DIVERSE_MODERATE,4,r04-t000-6e317466,1789121641238574869,1789121641482895581,0.0,24,0,0.0,False,False,False,False
B1_RL2_TC,ATTACK_DIVERSE_MODERATE,4,r04-t001-a129ca84,1789121641494577745,1789121641693910049,0.0,25,0,0.0,False,False,False,False
B1_RL2_TC,ATTACK_DIVERSE_MODERATE,4,r04-t002-6a92ad62,1789121641704908432,1789121642061223574,0.0,26,0,0.0,False,False,False,False
B1_RL2_TC,ATTACK_DIVERSE_MODERATE,4,r04-t003-8cc19f96,1789121642072002400,1789121642423524351,0.0,27,0,0.0,False,False,False,False
B1_RL2_TC,ATTACK_DIVERSE_MODERATE,4,r04-t004-008925cd,1789121642435138669,1789121642721271280,0.0,28,0,0.0,False,False,False,False
B1_RL2_TC,ATTACK_DIVERSE_MODERATE,4,r04-t005-ee47b4c4,1789121642731625966,1789121643056822847,0.0,29,0,0.0,False,False,False,False
B1_RL2_TC,ATTACK_DIVERSE_MODERATE,4,r04-t006-ca56db66,1789121643068631325,1789121643389048093,0.0,30,0,0.0,False,False,False,False
B1_RL2_TC,ATTACK_DIVERSE_MODERATE,4,r04-t007-84fd1f5f,1789121643398784192,1789121643711960864,0.0,30,0,0.0,False,False,False,False
B1_RL2_TC,ATTACK_DIVERSE_MODERATE,4,r04-t008-7fd3b23d,1789121643721810398,1789121644061365771,0.0,30,0,0.0,False,False,False,False
B1_RL2_TC,ATTACK_DIVERSE_MODERATE,4,r04-t009-d2ef3df6,1789121644071819318,1789121644392216359,0.0,30,0,0.0,False,False,False,False
B1_RL2_TC,ATTACK_DIVERSE_MODERATE,4,r04-t010-d92504d3,1789121644402901433,1789121644691203465,0.0,30,0,0.0,False,False,False,False
B1_RL2_TC,ATTACK_DIVERSE_MODERATE,4,r04-t011-7b2fe2e4,1789121644703340504,1789121645038445626,0.0,30,0,0.0,False,False,False,False
B1_RL2_TC,ATTACK_DIVERSE_MODERATE,4,r04-t012-ed37b395,1789121645048694551,1789121645359786582,0.0,30,0,0.0,False,False,False,False
B1_RL2_TC,ATTACK_DIVERSE_MODERATE,4,r04-t013-f43bda63,1789121645369839316,1789121645701919911,0.0,30,0,0.0,False,False,False,False
B1_RL2_TC,ATTACK_DIVERSE_MODERATE,4,r04-t014-8f8d7eba,1789121645714104318,1789121646058722198,0.0,30,0,0.0,False,False,False,False
B1_RL2_TC,ATTACK_DIVERSE_MODERATE,4,r04-t015-4f085781,1789121646069675554,1789121646386821658,0.0,30,0,0.0,False,False,False,False
B1_RL2_TC,ATTACK_DIVERSE_MODERATE,4,r04-t016-90e30cc1,1789121646397140875,1789121646697728771,0.0,30,0,0.0,False,False,False,False
B1_RL2_TC,ATTACK_DIVERSE_MODERATE,4,r04-t017-276bc871,1789121646707937720,1789121647013412964,0.0,30,0,0.0,False,False,False,False
B1_RL2_TC,ATTACK_DIVERSE_MODERATE,4,r04-t018-4115460a,1789121647023596712,1789121647354867534,0.0,30,0,0.0,False,False,False,False
B1_RL2_TC,ATTACK_DIVERSE_MODERATE,4,r04-t019-abca50de,1789121647365114375,1789121647664736852,0.0,30,0,0.0,False,False,False,False
B1_RL2_TC,ATTACK_DIVERSE_MODERATE,4,r04-t020-236eb14d,1789121647674450538,1789121648046487523,0.0,30,0,0.0,False,False,False,False
B1_RL2_TC,ATTACK_DIVERSE_MODERATE,4,r04-t021-7a02329f,1789121648057998855,1789121648366626987,0.0,30,0,0.0,False,False,False,False
B1_RL2_TC,ATTACK_DIVERSE_MODERATE,4,r04-t022-582a43d3,1789121648377035157,1789121648701373451,0.0,30,0,0.0,False,False,False,False
B1_RL2_TC,ATTACK_DIVERSE_MODERATE,4,r04-t023-079fc6bb,1789121648711328515,1789121649035417473,0.0,30,0,0.0,False,False,False,False
B1_RL2_TC,ATTACK_DIVERSE_MODERATE,4,r04-t024-4db6baea,1789121649047761220,1789121649388335536,0.0,30,0,0.0,False,False,False,False
B1_RL2_TC,ATTACK_DIVERSE_MODERATE,4,r04-t025-a029766f,1789121649398150775,1789121649739149304,0.0,30,0,0.0,False,False,False,False
B1_RL2_TC,ATTACK_DIVERSE_MODERATE,4,r04-t026-6143200b,1789121649749246562,1789121650065610081,0.0,30,0,0.0,False,False,False,False
B1_RL2_TC,ATTACK_DIVERSE_MODERATE,4,r04-t027-16b68826,1789121650076341385,1789121650364796504,0.0,30,0,0.0,False,False,False,False
B1_RL2_TC,ATTACK_DIVERSE_MODERATE,4,r04-t028-ff0fa186,1789121650374624627,1789121650701032165,0.0,30,0,0.0,False,False,False,False
B1_RL2_TC,ATTACK_DIVERSE_MODERATE,4,r04-t029-b0f64e13,1789121650711360285,1789121651027166019,0.0,30,0,0.0,False,False,False,False
B1_RL2_TC,ATTACK_DIVERSE_MODERATE,4,r04-t030-9e0677ee,1789121651037020193,1789121651360030905,0.0,30,0,0.0,False,False,False,False
B1_RL2_TC,ATTACK_DIVERSE_MODERATE,4,r04-t031-50aa9ec9,1789121651369820283,1789121651670819964,0.0,30,0,0.0,False,False,False,False
B1_RL2_TC,ATTACK_DIVERSE_MODERATE,4,r04-t032-5588633f,1789121651680888653,1789121652026669880,0.0,30,0,0.0,False,False,False,False
B1_RL2_TC,ATTACK_DIVERSE_MODERATE,4,r04-t033-e77d8b1b,1789121652039383170,1789121652401312122,0.0,30,0,0.0,False,False,False,False
B1_RL2_TC,ATTACK_DIVERSE_MODERATE,4,r04-t034-c3bb1f67,1789121652411609464,1789121652689827866,0.0,30,0,0.0,False,False,False,False
B1_RL2_TC,ATTACK_DIVERSE_MODERATE,4,r04-t035-82b8bea8,1789121652700107329,1789121653057558764,0.0,30,0,0.0,False,False,False,False
B1_RL2_TC,ATTACK_DIVERSE_MODERATE,4,r04-t036-9414ba05,1789121653068025254,1789121653376822646,0.0,30,0,0.0,False,False,False,False
B1_RL2_TC,ATTACK_DIVERSE_MODERATE,4,r04-t037-444dbc73,1789121653387965637,1789121653701602399,0.0,30,0,0.0,False,False,False,False
B1_RL2_TC,ATTACK_DIVERSE_MODERATE,4,r04-t038-63c3d90c,1789121653711711673,1789121654006646074,0.0,30,0,0.0,False,False,False,False
B1_RL2_TC,ATTACK_DIVERSE_MODERATE,4,r04-t039-72f253e9,1789121654016836895,1789121654381837481,0.0,30,0,0.0,False,False,False,False
B1_RL2_TC,ATTACK_DIVERSE_MODERATE,4,r04-t040-3a9c73fc,1789121654393719030,1789121654698666968,0.0,30,0,0.0,False,False,False,False
B1_RL2_TC,ATTACK_DIVERSE_MODERATE,4,r04-t041-4cb74a9e,1789121654708726955,1789121655032555105,0.0,30,0,0.0,False,False,False,False
B1_RL2_TC,ATTACK_DIVERSE_MODERATE,4,r04-t042-74ec8e2e,1789121655042846109,1789121655381182530,0.0,30,0,0.0,False,False,False,False
B1_RL2_TC,ATTACK_DIVERSE_MODERATE,4,r04-t043-70d058f1,1789121655391402299,1789121655713715964,0.0,30,0,0.0,False,False,False,False
B1_RL2_TC,ATTACK_DIVERSE_MODERATE,4,r04-t044-55427614,1789121655723642371,1789121656056376078,0.0,30,0,0.0,False,False,False,False
B1_RL2_TC,ATTACK_DIVERSE_MODERATE,4,r04-t045-37c8bebc,1789121656066125295,1789121656377862636,0.0,30,0,0.0,False,False,False,False
B1_RL2_TC,ATTACK_DIVERSE_MODERATE,4,r04-t046-3fc9d5ca,1789121656387820169,1789121656737108862,0.0,30,0,0.0,False,False,False,False
B1_RL2_TC,ATTACK_DIVERSE_MODERATE,4,r04-t047-19862dbe,1789121656747315481,1789121657033108672,0.0,30,0,0.0,False,False,False,False
B1_RL2_TC,ATTACK_DIVERSE_MODERATE,4,r04-t048-7f29b69f,1789121657042876243,1789121657365887409,0.0,30,0,0.0,False,False,False,False
B1_RL2_TC,ATTACK_DIVERSE_MODERATE,4,r04-t049-8aa341a6,1789121657376476126,1789121657692604517,0.0,30,0,0.0,False,False,False,False
RFC_DROP_NATIVE,BENIGN_DIVERSE_MODERATE,5,r05-t000-2bdb5569,1789121670066254421,1789121672087781679,0.0,12,0,0.0,False,False,False,False
RFC_DROP_NATIVE,BENIGN_DIVERSE_MODERATE,5,r05-t001-cfc3f8c4,1789121670071960057,1789121672091762474,0.0,12,0,0.0,False,False,False,False
RFC_DROP_NATIVE,BENIGN_DIVERSE_MODERATE,5,r05-t002-35685d5d,1789121670082045156,1789121672099370147,0.0,12,0,0.0,False,False,False,False
RFC_DROP_NATIVE,BENIGN_DIVERSE_MODERATE,5,r05-t003-9a65af0c,1789121670091150226,1789121672101170834,0.0,12,0,0.0,False,False,False,False
RFC_DROP_NATIVE,BENIGN_DIVERSE_MODERATE,5,r05-t004-49e89d7a,1789121670101012148,1789121672109258805,0.0,12,0,0.0,False,False,False,False
RFC_DROP_NATIVE,BENIGN_DIVERSE_MODERATE,5,r05-t005-399cf0f3,1789121670110526029,1789121672120373043,0.0,12,0,0.0,False,False,False,False
RFC_DROP_NATIVE,BENIGN_DIVERSE_MODERATE,5,r05-t006-a1577f43,1789121670120811268,1789121672129228863,0.0,12,0,0.0,False,False,False,False
RFC_DROP_NATIVE,BENIGN_DIVERSE_MODERATE,5,r05-t007-f4ce603d,1789121670130614030,1789121672140419235,0.0,11,0,0.0,False,False,False,False
RFC_DROP_NATIVE,BENIGN_DIVERSE_MODERATE,5,r05-t008-9b1d746f,1789121670140778009,1789121672149333740,0.0,11,0,0.0,False,False,False,False
RFC_DROP_NATIVE,BENIGN_DIVERSE_MODERATE,5,r05-t009-8f307c73,1789121670150504640,1789121672159299855,0.0,11,0,0.0,False,False,False,False
RFC_DROP_NATIVE,BENIGN_DIVERSE_MODERATE,5,r05-t010-83d3cb19,1789121670160696872,1789121672169096549,0.0,11,0,0.0,False,False,False,False
RFC_DROP_NATIVE,BENIGN_DIVERSE_MODERATE,5,r05-t011-b452f926,1789121670170672373,1789121672180466485,0.0,11,0,0.0,False,False,False,False
RFC_DROP_NATIVE,BENIGN_DIVERSE_MODERATE,5,r05-t012-b43ead6b,1789121670180795492,1789121672189294907,0.0,11,0,0.0,False,False,False,False
RFC_DROP_NATIVE,BENIGN_DIVERSE_MODERATE,5,r05-t013-b23bbb31,1789121670190557106,1789121672200399096,0.0,11,0,0.0,False,False,False,False
RFC_DROP_NATIVE,BENIGN_DIVERSE_MODERATE,5,r05-t014-44f268a8,1789121670200756639,1789121672209275394,0.0,11,0,0.0,False,False,False,False
RFC_DROP_NATIVE,BENIGN_DIVERSE_MODERATE,5,r05-t015-021bee4f,1789121670210597040,1789121672220486623,0.0,10,0,0.0,False,False,False,False
RFC_DROP_NATIVE,BENIGN_DIVERSE_MODERATE,5,r05-t016-bc469660,1789121670220770120,1789121672231647033,0.0,10,0,0.0,False,False,False,False
RFC_DROP_NATIVE,BENIGN_DIVERSE_MODERATE,5,r05-t017-27067cdb,1789121670230640196,1789121672240375053,0.0,10,0,0.0,False,False,False,False
RFC_DROP_NATIVE,BENIGN_DIVERSE_MODERATE,5,r05-t018-628154e9,1789121670240743688,1789121672249691355,0.0,10,0,0.0,False,False,False,False
RFC_DROP_NATIVE,BENIGN_DIVERSE_MODERATE,5,r05-t019-cd899f8c,1789121670250559059,1789121672260556345,0.0,10,0,0.0,False,False,False,False
RFC_DROP_NATIVE,BENIGN_DIVERSE_MODERATE,5,r05-t020-d7c0f712,1789121670260813106,1789121672271723581,0.0,10,0,0.0,False,False,False,False
RFC_DROP_NATIVE,BENIGN_DIVERSE_MODERATE,5,r05-t021-c75a2a52,1789121670270966372,1789121672281197643,0.0,10,0,0.0,False,False,False,False
RFC_DROP_NATIVE,BENIGN_DIVERSE_MODERATE,5,r05-t022-319cc8cc,1789121670281434401,1789121672292169576,0.0,10,0,0.0,False,False,False,False
RFC_DROP_NATIVE,BENIGN_DIVERSE_MODERATE,5,r05-t023-d0ee8921,1789121670290851484,1789121672301453359,0.0,10,0,0.0,False,False,False,False
RFC_DROP_NATIVE,BENIGN_DIVERSE_MODERATE,5,r05-t024-5cfe98a4,1789121670301534347,1789121672322539782,0.0,9,0,0.0,False,False,False,False
RFC_DROP_NATIVE,BENIGN_DIVERSE_MODERATE,5,r05-t025-685e5b61,1789121670311388969,1789121672331519990,0.0,9,0,0.0,False,False,False,False
RFC_DROP_NATIVE,BENIGN_DIVERSE_MODERATE,5,r05-t026-37845849,1789121670321453495,1789121672331934395,0.0,9,0,0.0,False,False,False,False
RFC_DROP_NATIVE,BENIGN_DIVERSE_MODERATE,5,r05-t027-017c989a,1789121670331629610,1789121672341304643,0.0,9,0,0.0,False,False,False,False
RFC_DROP_NATIVE,BENIGN_DIVERSE_MODERATE,5,r05-t028-ec8c75dc,1789121670341264656,1789121672361227678,0.0,9,0,0.0,False,False,False,False
RFC_DROP_NATIVE,BENIGN_DIVERSE_MODERATE,5,r05-t029-36f877f1,1789121670353357409,1789121672363486572,0.0,9,0,0.0,False,False,False,False
RFC_DROP_NATIVE,BENIGN_DIVERSE_MODERATE,5,r05-t030-0f70f6b5,1789121670361826981,1789121672372383823,0.0,9,0,0.0,False,False,False,False
RFC_DROP_NATIVE,BENIGN_DIVERSE_MODERATE,5,r05-t031-002fe2d5,1789121670371485918,1789121672381261922,0.0,9,0,0.0,False,False,False,False
RFC_DROP_NATIVE,BENIGN_DIVERSE_MODERATE,5,r05-t032-b9ad69fa,1789121670381383393,1789121672391354986,0.0,8,0,0.0,False,False,False,False
RFC_DROP_NATIVE,BENIGN_DIVERSE_MODERATE,5,r05-t033-6daa5100,1789121670391062716,1789121672401182588,0.0,8,0,0.0,False,False,False,False
RFC_DROP_NATIVE,BENIGN_DIVERSE_MODERATE,5,r05-t034-558c99a6,1789121670400910036,1789121672409320710,0.0,8,0,0.0,False,False,False,False
RFC_DROP_NATIVE,BENIGN_DIVERSE_MODERATE,5,r05-t035-e6f62abc,1789121670410838418,1789121672420281361,0.0,8,0,0.0,False,False,False,False
RFC_DROP_NATIVE,BENIGN_DIVERSE_MODERATE,5,r05-t036-26afb429,1789121670420679387,1789121672429805103,0.0,8,0,0.0,False,False,False,False
RFC_DROP_NATIVE,BENIGN_DIVERSE_MODERATE,5,r05-t037-adcd5f41,1789121670430545005,1789121672440817898,0.0,8,0,0.0,False,False,False,False
RFC_DROP_NATIVE,BENIGN_DIVERSE_MODERATE,5,r05-t038-e432276c,1789121670440621952,1789121672449310129,0.0,8,0,0.0,False,False,False,False
RFC_DROP_NATIVE,BENIGN_DIVERSE_MODERATE,5,r05-t039-e0e92826,1789121670450760428,1789121672461331397,0.0,8,0,0.0,False,False,False,False
RFC_DROP_NATIVE,BENIGN_DIVERSE_MODERATE,5,r05-t040-964055b0,1789121670460958349,1789121672469494929,0.0,7,0,0.0,False,False,False,False
RFC_DROP_NATIVE,BENIGN_DIVERSE_MODERATE,5,r05-t041-cfe5c9fd,1789121670470861512,1789121672482036218,0.0,7,0,0.0,False,False,False,False
RFC_DROP_NATIVE,BENIGN_DIVERSE_MODERATE,5,r05-t042-ddf989bc,1789121670480795488,1789121672491416799,0.0,7,0,0.0,False,False,False,False
RFC_DROP_NATIVE,BENIGN_DIVERSE_MODERATE,5,r05-t043-f2a6a421,1789121670490847879,1789121672512146365,0.0,7,0,0.0,False,False,False,False
RFC_DROP_NATIVE,BENIGN_DIVERSE_MODERATE,5,r05-t044-108fc2cd,1789121670500831628,1789121672511796240,0.0,7,0,0.0,False,False,False,False
RFC_DROP_NATIVE,BENIGN_DIVERSE_MODERATE,5,r05-t045-41b6cf16,1789121670510518724,1789121672531332932,0.0,7,0,0.0,False,False,False,False
RFC_DROP_NATIVE,BENIGN_DIVERSE_MODERATE,5,r05-t046-56a77b89,1789121670520780451,1789121672529273609,0.0,7,0,0.0,False,False,False,False
RFC_DROP_NATIVE,BENIGN_DIVERSE_MODERATE,5,r05-t047-dadd5017,1789121670530595064,1789121672541535973,0.0,7,0,0.0,False,False,False,False
RFC_DROP_NATIVE,BENIGN_DIVERSE_MODERATE,5,r05-t048-adeb688c,1789121670540972077,1789121672551625718,0.0,7,0,0.0,False,False,False,False
RFC_DROP_NATIVE,BENIGN_DIVERSE_MODERATE,5,r05-t049-c7158cf0,1789121670550747155,1789121672570694723,0.0,6,0,0.0,False,False,False,False
RFC_DROP_NATIVE,ATTACK_DIVERSE_HIGH,5,r05-t000-d7e76f99,1789121704612981259,1789121706624998297,0.0,400,0,0.0,False,False,False,False
RFC_DROP_NATIVE,ATTACK_DIVERSE_HIGH,5,r05-t001-fa7a42d9,1789121704627472878,1789121706637335120,0.0,400,0,0.0,False,False,False,False
RFC_DROP_NATIVE,ATTACK_DIVERSE_HIGH,5,r05-t002-25ffda75,1789121704630697953,1789121706640852658,0.0,400,0,0.0,False,False,False,False
RFC_DROP_NATIVE,ATTACK_DIVERSE_HIGH,5,r05-t003-204e1b81,1789121704639967276,1789121706649274967,0.0,400,0,0.0,False,False,False,False
RFC_DROP_NATIVE,ATTACK_DIVERSE_HIGH,5,r05-t004-453f4a53,1789121704649895001,1789121706659989903,0.0,400,0,0.0,False,False,False,False
RFC_DROP_NATIVE,ATTACK_DIVERSE_HIGH,5,r05-t005-d511c492,1789121704660352405,1789121706669227333,0.0,400,0,0.0,False,False,False,False
RFC_DROP_NATIVE,ATTACK_DIVERSE_HIGH,5,r05-t006-9aec91cd,1789121704670160048,1789121706680252768,0.0,400,0,0.0,False,False,False,False
RFC_DROP_NATIVE,ATTACK_DIVERSE_HIGH,5,r05-t007-f1222bb1,1789121704680468516,1789121706689180267,0.0,400,0,0.0,False,False,False,False
RFC_DROP_NATIVE,ATTACK_DIVERSE_HIGH,5,r05-t008-70caa7ca,1789121704690095137,1789121706700624701,0.0,400,0,0.0,False,False,False,False
RFC_DROP_NATIVE,ATTACK_DIVERSE_HIGH,5,r05-t009-16394443,1789121704700384618,1789121706709723349,0.0,400,0,0.0,False,False,False,False
RFC_DROP_NATIVE,ATTACK_DIVERSE_HIGH,5,r05-t010-8659f30b,1789121704710244376,1789121706719469197,0.0,400,0,0.0,False,False,False,False
RFC_DROP_NATIVE,ATTACK_DIVERSE_HIGH,5,r05-t011-abf7258c,1789121704720412923,1789121706739341349,0.0,400,0,0.0,False,False,False,False
RFC_DROP_NATIVE,ATTACK_DIVERSE_HIGH,5,r05-t012-017a3dd2,1789121704730027679,1789121706741577686,0.0,400,0,0.0,False,False,False,False
RFC_DROP_NATIVE,ATTACK_DIVERSE_HIGH,5,r05-t013-0749102d,1789121704740346114,1789121706749552045,0.0,400,0,0.0,False,False,False,False
RFC_DROP_NATIVE,ATTACK_DIVERSE_HIGH,5,r05-t014-0ee99cde,1789121704749999219,1789121706759496948,0.0,400,0,0.0,False,False,False,False
RFC_DROP_NATIVE,ATTACK_DIVERSE_HIGH,5,r05-t015-ff57ca1d,1789121704760305124,1789121706769127463,0.0,400,0,0.0,False,False,False,False
RFC_DROP_NATIVE,ATTACK_DIVERSE_HIGH,5,r05-t016-c608aa9c,1789121704770169722,1789121706781329397,0.0,400,0,0.0,False,False,False,False
RFC_DROP_NATIVE,ATTACK_DIVERSE_HIGH,5,r05-t017-c81cb0b7,1789121704780391048,1789121706801886814,0.0,400,0,0.0,False,False,False,False
RFC_DROP_NATIVE,ATTACK_DIVERSE_HIGH,5,r05-t018-fa86f7e3,1789121704790039407,1789121706801429181,0.0,400,0,0.0,False,False,False,False
RFC_DROP_NATIVE,ATTACK_DIVERSE_HIGH,5,r05-t019-8b7923f4,1789121704800609298,1789121706809560735,0.0,401,0,0.0,False,False,False,False
RFC_DROP_NATIVE,ATTACK_DIVERSE_HIGH,5,r05-t020-205ee6a7,1789121704810270472,1789121706819669195,0.0,401,0,0.0,False,False,False,False
RFC_DROP_NATIVE,ATTACK_DIVERSE_HIGH,5,r05-t021-1556c840,1789121704820209871,1789121706831663339,0.0,401,0,0.0,False,False,False,False
RFC_DROP_NATIVE,ATTACK_DIVERSE_HIGH,5,r05-t022-dd57d99c,1789121704830035074,1789121706841194275,0.0,401,0,0.0,False,False,False,False
RFC_DROP_NATIVE,ATTACK_DIVERSE_HIGH,5,r05-t023-af663d47,1789121704840341833,1789121706852055490,0.0,401,0,0.0,False,False,False,False
RFC_DROP_NATIVE,ATTACK_DIVERSE_HIGH,5,r05-t024-7896ffbe,1789121704850303444,1789121706871988111,0.0,401,0,0.0,False,False,False,False
RFC_DROP_NATIVE,ATTACK_DIVERSE_HIGH,5,r05-t025-5d8e6b1a,1789121704860277491,1789121706869789934,0.0,401,0,0.0,False,False,False,False
RFC_DROP_NATIVE,ATTACK_DIVERSE_HIGH,5,r05-t026-435f2379,1789121704870330041,1789121706881191842,0.0,401,0,0.0,False,False,False,False
RFC_DROP_NATIVE,ATTACK_DIVERSE_HIGH,5,r05-t027-de1babb4,1789121704880129900,1789121706890022328,0.0,401,0,0.0,False,False,False,False
RFC_DROP_NATIVE,ATTACK_DIVERSE_HIGH,5,r05-t028-a57742f4,1789121704889925298,1789121706931275087,0.0,401,0,0.0,False,False,False,False
RFC_DROP_NATIVE,ATTACK_DIVERSE_HIGH,5,r05-t029-f86df3b6,1789121704921665916,1789121706932758669,0.0,401,0,0.0,False,False,False,False
RFC_DROP_NATIVE,ATTACK_DIVERSE_HIGH,5,r05-t030-5b838362,1789121704923905575,1789121706943371751,0.0,400,0,0.0,False,False,False,False
RFC_DROP_NATIVE,ATTACK_DIVERSE_HIGH,5,r05-t031-b70750d7,1789121704925788695,1789121706937062945,0.0,401,0,0.0,False,False,False,False
RFC_DROP_NATIVE,ATTACK_DIVERSE_HIGH,5,r05-t032-454128ae,1789121704933734196,1789121706945194499,0.0,401,0,0.0,False,False,False,False
RFC_DROP_NATIVE,ATTACK_DIVERSE_HIGH,5,r05-t033-c84d8a97,1789121704939941907,1789121706949127144,0.0,401,0,0.0,False,False,False,False
RFC_DROP_NATIVE,ATTACK_DIVERSE_HIGH,5,r05-t034-f1aa3d7b,1789121704949897538,1789121706971446841,0.0,401,0,0.0,False,False,False,False
RFC_DROP_NATIVE,ATTACK_DIVERSE_HIGH,5,r05-t035-9b4b995b,1789121704960114022,1789121706972050278,0.0,401,0,0.0,False,False,False,False
RFC_DROP_NATIVE,ATTACK_DIVERSE_HIGH,5,r05-t036-7b616a15,1789121704970365724,1789121706981244232,0.0,401,0,0.0,False,False,False,False
RFC_DROP_NATIVE,ATTACK_DIVERSE_HIGH,5,r05-t037-0717421f,1789121704980589043,1789121706993062195,0.0,401,0,0.0,False,False,False,False
RFC_DROP_NATIVE,ATTACK_DIVERSE_HIGH,5,r05-t038-4ba4ed26,1789121704990235505,1789121707001325885,0.0,401,0,0.0,False,False,False,False
RFC_DROP_NATIVE,ATTACK_DIVERSE_HIGH,5,r05-t039-2c4b31fd,1789121705000073145,1789121707011980828,0.0,401,0,0.0,False,False,False,False
RFC_DROP_NATIVE,ATTACK_DIVERSE_HIGH,5,r05-t040-a0e98198,1789121705010142591,1789121707021468670,0.0,401,0,0.0,False,False,False,False
RFC_DROP_NATIVE,ATTACK_DIVERSE_HIGH,5,r05-t041-7d7b5e35,1789121705020477541,1789121707032177529,0.0,401,0,0.0,False,False,False,False
RFC_DROP_NATIVE,ATTACK_DIVERSE_HIGH,5,r05-t042-3e7df690,1789121705030549550,1789121707041408693,0.0,401,0,0.0,False,False,False,False
RFC_DROP_NATIVE,ATTACK_DIVERSE_HIGH,5,r05-t043-53fa26f5,1789121705039872033,1789121707050213930,0.0,401,0,0.0,False,False,False,False
RFC_DROP_NATIVE,ATTACK_DIVERSE_HIGH,5,r05-t044-a314ea1d,1789121705050100099,1789121707063207919,0.0,401,0,0.0,False,False,False,False
RFC_DROP_NATIVE,ATTACK_DIVERSE_HIGH,5,r05-t045-852af0aa,1789121705060459920,1789121707072432817,0.0,401,0,0.0,False,False,False,False
RFC_DROP_NATIVE,ATTACK_DIVERSE_HIGH,5,r05-t046-3cb08e58,1789121705070089105,1789121707081352248,0.0,401,0,0.0,False,False,False,False
RFC_DROP_NATIVE,ATTACK_DIVERSE_HIGH,5,r05-t047-56e6382e,1789121705080092197,1789121707092392111,0.0,401,0,0.0,False,False,False,False
RFC_DROP_NATIVE,ATTACK_DIVERSE_HIGH,5,r05-t048-5af012da,1789121705090564221,1789121707104026491,0.0,402,0,0.0,False,False,False,False
RFC_DROP_NATIVE,ATTACK_DIVERSE_HIGH,5,r05-t049-97f6b1eb,1789121705100464986,1789121707113176304,0.0,402,0,0.0,False,False,False,False
B0_OFF,ATTACK_DIVERSE_MODERATE,5,r05-t000-2bdb5569,1789121739704487202,1789121739861667691,0.0,24,0,0.0,False,False,False,False
B0_OFF,ATTACK_DIVERSE_MODERATE,5,r05-t001-cfc3f8c4,1789121739872282316,1789121740160373300,0.0,25,0,0.0,False,False,False,False
B0_OFF,ATTACK_DIVERSE_MODERATE,5,r05-t002-35685d5d,1789121740170622543,1789121740486817350,0.0,26,0,0.0,False,False,False,False
B0_OFF,ATTACK_DIVERSE_MODERATE,5,r05-t003-9a65af0c,1789121740496986040,1789121740797141688,0.0,27,0,0.0,False,False,False,False
B0_OFF,ATTACK_DIVERSE_MODERATE,5,r05-t004-49e89d7a,1789121740806901923,1789121741129783255,0.0,28,0,0.0,False,False,False,False
B0_OFF,ATTACK_DIVERSE_MODERATE,5,r05-t005-399cf0f3,1789121741140736409,1789121741442612314,0.0,29,0,0.0,False,False,False,False
B0_OFF,ATTACK_DIVERSE_MODERATE,5,r05-t006-a1577f43,1789121741453522960,1789121741761030522,0.0,30,0,0.0,False,False,False,False
B0_OFF,ATTACK_DIVERSE_MODERATE,5,r05-t007-f4ce603d,1789121741770914100,1789121742123712208,0.0,31,0,0.0,False,False,False,False
B0_OFF,ATTACK_DIVERSE_MODERATE,5,r05-t008-9b1d746f,1789121742137099396,1789121742456231287,0.0,31,0,0.0,False,False,False,False
B0_OFF,ATTACK_DIVERSE_MODERATE,5,r05-t009-8f307c73,1789121742466625790,1789121742798050150,0.0,31,0,0.0,False,False,False,False
B0_OFF,ATTACK_DIVERSE_MODERATE,5,r05-t010-83d3cb19,1789121742808947703,1789121743150889056,0.0,30,0,0.0,False,False,False,False
B0_OFF,ATTACK_DIVERSE_MODERATE,5,r05-t011-b452f926,1789121743160472152,1789121743488718340,0.0,30,0,0.0,False,False,False,False
B0_OFF,ATTACK_DIVERSE_MODERATE,5,r05-t012-b43ead6b,1789121743498602013,1789121743855536670,0.0,30,0,0.0,False,False,False,False
B0_OFF,ATTACK_DIVERSE_MODERATE,5,r05-t013-b23bbb31,1789121743866368852,1789121744189757029,0.0,31,0,0.0,False,False,False,False
B0_OFF,ATTACK_DIVERSE_MODERATE,5,r05-t014-44f268a8,1789121744199978471,1789121744509152019,0.0,30,0,0.0,False,False,False,False
B0_OFF,ATTACK_DIVERSE_MODERATE,5,r05-t015-021bee4f,1789121744519340446,1789121744875197937,0.0,30,0,0.0,False,False,False,False
B0_OFF,ATTACK_DIVERSE_MODERATE,5,r05-t016-bc469660,1789121744884824677,1789121745217448595,0.0,30,0,0.0,False,False,False,False
B0_OFF,ATTACK_DIVERSE_MODERATE,5,r05-t017-27067cdb,1789121745227241227,1789121745568035799,0.0,30,0,0.0,False,False,False,False
B0_OFF,ATTACK_DIVERSE_MODERATE,5,r05-t018-628154e9,1789121745577993974,1789121745915635486,0.0,30,0,0.0,False,False,False,False
B0_OFF,ATTACK_DIVERSE_MODERATE,5,r05-t019-cd899f8c,1789121745925424898,1789121746225518908,0.0,30,0,0.0,False,False,False,False
B0_OFF,ATTACK_DIVERSE_MODERATE,5,r05-t020-d7c0f712,1789121746235483429,1789121746561604630,0.0,30,0,0.0,False,False,False,False
B0_OFF,ATTACK_DIVERSE_MODERATE,5,r05-t021-c75a2a52,1789121746573341717,1789121746897887430,0.0,30,0,0.0,False,False,False,False
B0_OFF,ATTACK_DIVERSE_MODERATE,5,r05-t022-319cc8cc,1789121746909133667,1789121747287937516,0.0,30,0,0.0,False,False,False,False
B0_OFF,ATTACK_DIVERSE_MODERATE,5,r05-t023-d0ee8921,1789121747297768126,1789121747649393566,0.0,30,0,0.0,False,False,False,False
B0_OFF,ATTACK_DIVERSE_MODERATE,5,r05-t024-5cfe98a4,1789121747661226208,1789121747961248812,0.0,30,0,0.0,False,False,False,False
B0_OFF,ATTACK_DIVERSE_MODERATE,5,r05-t025-685e5b61,1789121747971038320,1789121748285220432,0.0,30,0,0.0,False,False,False,False
B0_OFF,ATTACK_DIVERSE_MODERATE,5,r05-t026-37845849,1789121748296256997,1789121748598541784,0.0,30,0,0.0,False,False,False,False
B0_OFF,ATTACK_DIVERSE_MODERATE,5,r05-t027-017c989a,1789121748608447303,1789121748933258565,0.0,30,0,0.0,False,False,False,False
B0_OFF,ATTACK_DIVERSE_MODERATE,5,r05-t028-ec8c75dc,1789121748944328654,1789121749278723349,0.0,30,0,0.0,False,False,False,False
B0_OFF,ATTACK_DIVERSE_MODERATE,5,r05-t029-36f877f1,1789121749289990895,1789121749611542271,0.0,30,0,0.0,False,False,False,False
B0_OFF,ATTACK_DIVERSE_MODERATE,5,r05-t030-0f70f6b5,1789121749622404960,1789121749926055468,0.0,31,0,0.0,False,False,False,False
B0_OFF,ATTACK_DIVERSE_MODERATE,5,r05-t031-002fe2d5,1789121749936284969,1789121750278429067,0.0,31,0,0.0,False,False,False,False
B0_OFF,ATTACK_DIVERSE_MODERATE,5,r05-t032-b9ad69fa,1789121750288885572,1789121750623699141,0.0,30,0,0.0,False,False,False,False
B0_OFF,ATTACK_DIVERSE_MODERATE,5,r05-t033-6daa5100,1789121750634550369,1789121750970345445,0.0,30,0,0.0,False,False,False,False
B0_OFF,ATTACK_DIVERSE_MODERATE,5,r05-t034-558c99a6,1789121750980918814,1789121751285126084,0.0,30,0,0.0,False,False,False,False
B0_OFF,ATTACK_DIVERSE_MODERATE,5,r05-t035-e6f62abc,1789121751299124977,1789121751608028028,0.0,30,0,0.0,False,False,False,False
B0_OFF,ATTACK_DIVERSE_MODERATE,5,r05-t036-26afb429,1789121751619433557,1789121751919042590,0.0,30,0,0.0,False,False,False,False
B0_OFF,ATTACK_DIVERSE_MODERATE,5,r05-t037-adcd5f41,1789121751930625121,1789121752257681047,0.0,30,0,0.0,False,False,False,False
B0_OFF,ATTACK_DIVERSE_MODERATE,5,r05-t038-e432276c,1789121752267616397,1789121752590175418,0.0,31,0,0.0,False,False,False,False
B0_OFF,ATTACK_DIVERSE_MODERATE,5,r05-t039-e0e92826,1789121752600205947,1789121752934619352,0.0,31,0,0.0,False,False,False,False
B0_OFF,ATTACK_DIVERSE_MODERATE,5,r05-t040-964055b0,1789121752946023695,1789121753299864654,0.0,31,0,0.0,False,False,False,False
B0_OFF,ATTACK_DIVERSE_MODERATE,5,r05-t041-cfe5c9fd,1789121753309973494,1789121753610604098,0.0,30,0,0.0,False,False,False,False
B0_OFF,ATTACK_DIVERSE_MODERATE,5,r05-t042-ddf989bc,1789121753621763593,1789121753941696189,0.0,30,0,0.0,False,False,False,False
B0_OFF,ATTACK_DIVERSE_MODERATE,5,r05-t043-f2a6a421,1789121753953112931,1789121754307601735,0.0,30,0,0.0,False,False,False,False
B0_OFF,ATTACK_DIVERSE_MODERATE,5,r05-t044-108fc2cd,1789121754318395332,1789121754593885010,0.0,30,0,0.0,False,False,False,False
B0_OFF,ATTACK_DIVERSE_MODERATE,5,r05-t045-41b6cf16,1789121754603838445,1789121754934153501,0.0,30,0,0.0,False,False,False,False
B0_OFF,ATTACK_DIVERSE_MODERATE,5,r05-t046-56a77b89,1789121754944167697,1789121755261785277,0.0,30,0,0.0,False,False,False,False
B0_OFF,ATTACK_DIVERSE_MODERATE,5,r05-t047-dadd5017,1789121755272068454,1789121755605908089,0.0,31,0,0.0,False,False,False,False
B0_OFF,ATTACK_DIVERSE_MODERATE,5,r05-t048-adeb688c,1789121755616011062,1789121755927124733,0.0,30,0,0.0,False,False,False,False
B0_OFF,ATTACK_DIVERSE_MODERATE,5,r05-t049-c7158cf0,1789121755936917177,1789121756253277114,0.0,30,0,0.0,False,False,False,False
B1_RL2_TC,BENIGN_DIVERSE_MODERATE,5,r05-t000-2bdb5569,1789121768455038073,1789121769249125049,0.0,24,0,0.0,False,False,False,False
B1_RL2_TC,BENIGN_DIVERSE_MODERATE,5,r05-t001-cfc3f8c4,1789121769259352558,1789121769618083643,0.0,26,0,0.0,False,False,False,False
B1_RL2_TC,BENIGN_DIVERSE_MODERATE,5,r05-t002-35685d5d,1789121769630449744,1789121770000624476,0.0,27,0,0.0,False,False,False,False
B1_RL2_TC,BENIGN_DIVERSE_MODERATE,5,r05-t003-9a65af0c,1789121770010599702,1789121770398804097,0.0,28,0,0.0,False,False,False,False
B1_RL2_TC,BENIGN_DIVERSE_MODERATE,5,r05-t004-49e89d7a,1789121770408796565,1789121770788456034,0.0,29,0,0.0,False,False,False,False
B1_RL2_TC,BENIGN_DIVERSE_MODERATE,5,r05-t005-399cf0f3,1789121770799190144,1789121771171671932,0.0,29,0,0.0,False,False,False,False
B1_RL2_TC,BENIGN_DIVERSE_MODERATE,5,r05-t006-a1577f43,1789121771181541935,1789121771552557182,0.0,30,0,0.0,False,False,False,False
B1_RL2_TC,BENIGN_DIVERSE_MODERATE,5,r05-t007-f4ce603d,1789121771563199995,1789121771988317282,0.0,30,0,0.0,False,False,False,False
B1_RL2_TC,BENIGN_DIVERSE_MODERATE,5,r05-t008-9b1d746f,1789121771998715751,1789121772405289753,0.0,29,0,0.0,False,False,False,False
B1_RL2_TC,BENIGN_DIVERSE_MODERATE,5,r05-t009-8f307c73,1789121772415441036,1789121772796139429,0.0,29,0,0.0,False,False,False,False
B1_RL2_TC,BENIGN_DIVERSE_MODERATE,5,r05-t010-83d3cb19,1789121772806448872,1789121773172106440,0.0,29,0,0.0,False,False,False,False
B1_RL2_TC,BENIGN_DIVERSE_MODERATE,5,r05-t011-b452f926,1789121773182308865,1789121773537834660,0.0,29,0,0.0,False,False,False,False
B1_RL2_TC,BENIGN_DIVERSE_MODERATE,5,r05-t012-b43ead6b,1789121773547748795,1789121773917063481,0.0,29,0,0.0,False,False,False,False
B1_RL2_TC,BENIGN_DIVERSE_MODERATE,5,r05-t013-b23bbb31,1789121773928865699,1789121774325244948,0.0,29,0,0.0,False,False,False,False
B1_RL2_TC,BENIGN_DIVERSE_MODERATE,5,r05-t014-44f268a8,1789121774335581572,1789121774715576291,0.0,29,0,0.0,False,False,False,False
B1_RL2_TC,BENIGN_DIVERSE_MODERATE,5,r05-t015-021bee4f,1789121774725417692,1789121775129144228,0.0,30,0,0.0,False,False,False,False
B1_RL2_TC,BENIGN_DIVERSE_MODERATE,5,r05-t016-bc469660,1789121775139391639,1789121775509367570,0.0,29,0,0.0,False,False,False,False
B1_RL2_TC,BENIGN_DIVERSE_MODERATE,5,r05-t017-27067cdb,1789121775519345822,1789121775884323109,0.0,29,0,0.0,False,False,False,False
B1_RL2_TC,BENIGN_DIVERSE_MODERATE,5,r05-t018-628154e9,1789121775894453556,1789121776275350550,0.0,29,0,0.0,False,False,False,False
B1_RL2_TC,BENIGN_DIVERSE_MODERATE,5,r05-t019-cd899f8c,1789121776286039863,1789121776662497932,0.0,29,0,0.0,False,False,False,False
B1_RL2_TC,BENIGN_DIVERSE_MODERATE,5,r05-t020-d7c0f712,1789121776673005409,1789121777052391349,0.0,29,0,0.0,False,False,False,False
B1_RL2_TC,BENIGN_DIVERSE_MODERATE,5,r05-t021-c75a2a52,1789121777063198385,1789121777428421815,0.0,30,0,0.0,False,False,False,False
B1_RL2_TC,BENIGN_DIVERSE_MODERATE,5,r05-t022-319cc8cc,1789121777439798893,1789121777824434926,0.0,30,0,0.0,False,False,False,False
B1_RL2_TC,BENIGN_DIVERSE_MODERATE,5,r05-t023-d0ee8921,1789121777834400204,1789121778219984729,0.0,29,0,0.0,False,False,False,False
B1_RL2_TC,BENIGN_DIVERSE_MODERATE,5,r05-t024-5cfe98a4,1789121778230098791,1789121778617861203,0.0,30,0,0.0,False,False,False,False
B1_RL2_TC,BENIGN_DIVERSE_MODERATE,5,r05-t025-685e5b61,1789121778627925668,1789121778985582780,0.0,29,0,0.0,False,False,False,False
B1_RL2_TC,BENIGN_DIVERSE_MODERATE,5,r05-t026-37845849,1789121778995304061,1789121779381118248,0.0,29,0,0.0,False,False,False,False
B1_RL2_TC,BENIGN_DIVERSE_MODERATE,5,r05-t027-017c989a,1789121779393776069,1789121779775632577,0.0,29,0,0.0,False,False,False,False
B1_RL2_TC,BENIGN_DIVERSE_MODERATE,5,r05-t028-ec8c75dc,1789121779786783790,1789121780170899829,0.0,29,0,0.0,False,False,False,False
B1_RL2_TC,BENIGN_DIVERSE_MODERATE,5,r05-t029-36f877f1,1789121780182041968,1789121780562952025,0.0,29,0,0.0,False,False,False,False
B1_RL2_TC,BENIGN_DIVERSE_MODERATE,5,r05-t030-0f70f6b5,1789121780575736815,1789121780965399201,0.0,29,0,0.0,False,False,False,False
B1_RL2_TC,BENIGN_DIVERSE_MODERATE,5,r05-t031-002fe2d5,1789121780975419515,1789121781349231522,0.0,29,0,0.0,False,False,False,False
B1_RL2_TC,BENIGN_DIVERSE_MODERATE,5,r05-t032-b9ad69fa,1789121781359583108,1789121781732496220,0.0,29,0,0.0,False,False,False,False
B1_RL2_TC,BENIGN_DIVERSE_MODERATE,5,r05-t033-6daa5100,1789121781742618072,1789121782140750676,0.0,29,0,0.0,False,False,False,False
B1_RL2_TC,BENIGN_DIVERSE_MODERATE,5,r05-t034-558c99a6,1789121782151016041,1789121782540235030,0.0,29,0,0.0,False,False,False,False
B1_RL2_TC,BENIGN_DIVERSE_MODERATE,5,r05-t035-e6f62abc,1789121782550373425,1789121782924360995,0.0,29,0,0.0,False,False,False,False
B1_RL2_TC,BENIGN_DIVERSE_MODERATE,5,r05-t036-26afb429,1789121782934385752,1789121783323502258,0.0,29,0,0.0,False,False,False,False
B1_RL2_TC,BENIGN_DIVERSE_MODERATE,5,r05-t037-adcd5f41,1789121783333420374,1789121783700402640,0.0,29,0,0.0,False,False,False,False
B1_RL2_TC,BENIGN_DIVERSE_MODERATE,5,r05-t038-e432276c,1789121783711925684,1789121784452278450,0.0,29,0,0.0,False,False,False,False
B1_RL2_TC,BENIGN_DIVERSE_MODERATE,5,r05-t039-e0e92826,1789121784462303302,1789121784841826820,0.0,30,0,0.0,False,False,False,False
B1_RL2_TC,BENIGN_DIVERSE_MODERATE,5,r05-t040-964055b0,1789121784853205027,1789121785225829126,0.0,30,0,0.0,False,False,False,False
B1_RL2_TC,BENIGN_DIVERSE_MODERATE,5,r05-t041-cfe5c9fd,1789121785237847283,1789121785592437766,0.0,30,0,0.0,False,False,False,False
B1_RL2_TC,BENIGN_DIVERSE_MODERATE,5,r05-t042-ddf989bc,1789121785602987794,1789121785972778591,0.0,30,0,0.0,False,False,False,False
B1_RL2_TC,BENIGN_DIVERSE_MODERATE,5,r05-t043-f2a6a421,1789121785985809944,1789121786364173821,0.0,30,0,0.0,False,False,False,False
B1_RL2_TC,BENIGN_DIVERSE_MODERATE,5,r05-t044-108fc2cd,1789121786375751605,1789121786779001105,0.0,30,0,0.0,False,False,False,False
B1_RL2_TC,BENIGN_DIVERSE_MODERATE,5,r05-t045-41b6cf16,1789121786789834076,1789121787168536264,0.0,30,0,0.0,False,False,False,False
B1_RL2_TC,BENIGN_DIVERSE_MODERATE,5,r05-t046-56a77b89,1789121787178443459,1789121787538115546,0.0,30,0,0.0,False,False,False,False
B1_RL2_TC,BENIGN_DIVERSE_MODERATE,5,r05-t047-dadd5017,1789121787547830998,1789121787878813844,0.0,30,0,0.0,False,False,False,False
B1_RL2_TC,BENIGN_DIVERSE_MODERATE,5,r05-t048-adeb688c,1789121787889335731,1789121788255484755,0.0,30,0,0.0,False,False,False,False
B1_RL2_TC,BENIGN_DIVERSE_MODERATE,5,r05-t049-c7158cf0,1789121788264918460,1789121788668239480,0.0,30,0,0.0,False,False,False,False
B0_OFF,BENIGN_DIVERSE_MODERATE,5,r05-t000-2bdb5569,1789121801356126567,1789121801699982775,0.0,24,0,0.0,False,False,False,False
B0_OFF,BENIGN_DIVERSE_MODERATE,5,r05-t001-cfc3f8c4,1789121801710345605,1789121802089054668,0.0,25,0,0.0,False,False,False,False
B0_OFF,BENIGN_DIVERSE_MODERATE,5,r05-t002-35685d5d,1789121802099594091,1789121802441810634,0.0,26,0,0.0,False,False,False,False
B0_OFF,BENIGN_DIVERSE_MODERATE,5,r05-t003-9a65af0c,1789121802452344654,1789121802803311758,0.0,27,0,0.0,False,False,False,False
B0_OFF,BENIGN_DIVERSE_MODERATE,5,r05-t004-49e89d7a,1789121802814480771,1789121803143640005,0.0,28,0,0.0,False,False,False,False
B0_OFF,BENIGN_DIVERSE_MODERATE,5,r05-t005-399cf0f3,1789121803154148433,1789121803489236164,0.0,29,0,0.0,False,False,False,False
B0_OFF,BENIGN_DIVERSE_MODERATE,5,r05-t006-a1577f43,1789121803500556744,1789121803818906407,0.0,30,0,0.0,False,False,False,False
B0_OFF,BENIGN_DIVERSE_MODERATE,5,r05-t007-f4ce603d,1789121803829505927,1789121804181532111,0.0,30,0,0.0,False,False,False,False
B0_OFF,BENIGN_DIVERSE_MODERATE,5,r05-t008-9b1d746f,1789121804193895183,1789121804516225141,0.0,30,0,0.0,False,False,False,False
B0_OFF,BENIGN_DIVERSE_MODERATE,5,r05-t009-8f307c73,1789121804527773259,1789121804851306295,0.0,30,0,0.0,False,False,False,False
B0_OFF,BENIGN_DIVERSE_MODERATE,5,r05-t010-83d3cb19,1789121804862690423,1789121805192254549,0.0,30,0,0.0,False,False,False,False
B0_OFF,BENIGN_DIVERSE_MODERATE,5,r05-t011-b452f926,1789121805202121985,1789121805569880750,0.0,30,0,0.0,False,False,False,False
B0_OFF,BENIGN_DIVERSE_MODERATE,5,r05-t012-b43ead6b,1789121805581793762,1789121805908166457,0.0,30,0,0.0,False,False,False,False
B0_OFF,BENIGN_DIVERSE_MODERATE,5,r05-t013-b23bbb31,1789121805920250351,1789121806270492500,0.0,30,0,0.0,False,False,False,False
B0_OFF,BENIGN_DIVERSE_MODERATE,5,r05-t014-44f268a8,1789121806280946977,1789121806609311058,0.0,30,0,0.0,False,False,False,False
B0_OFF,BENIGN_DIVERSE_MODERATE,5,r05-t015-021bee4f,1789121806622169869,1789121806946376802,0.0,30,0,0.0,False,False,False,False
B0_OFF,BENIGN_DIVERSE_MODERATE,5,r05-t016-bc469660,1789121806959393182,1789121807294317805,0.0,30,0,0.0,False,False,False,False
B0_OFF,BENIGN_DIVERSE_MODERATE,5,r05-t017-27067cdb,1789121807305599028,1789121807634453947,0.0,30,0,0.0,False,False,False,False
B0_OFF,BENIGN_DIVERSE_MODERATE,5,r05-t018-628154e9,1789121807644850266,1789121807991955176,0.0,30,0,0.0,False,False,False,False
B0_OFF,BENIGN_DIVERSE_MODERATE,5,r05-t019-cd899f8c,1789121808003316552,1789121808327713437,0.0,30,0,0.0,False,False,False,False
B0_OFF,BENIGN_DIVERSE_MODERATE,5,r05-t020-d7c0f712,1789121808337609384,1789121808693918971,0.0,30,0,0.0,False,False,False,False
B0_OFF,BENIGN_DIVERSE_MODERATE,5,r05-t021-c75a2a52,1789121808703984101,1789121809055854632,0.0,30,0,0.0,False,False,False,False
B0_OFF,BENIGN_DIVERSE_MODERATE,5,r05-t022-319cc8cc,1789121809067394913,1789121809387914669,0.0,30,0,0.0,False,False,False,False
B0_OFF,BENIGN_DIVERSE_MODERATE,5,r05-t023-d0ee8921,1789121809397788620,1789121809712055989,0.0,30,0,0.0,False,False,False,False
B0_OFF,BENIGN_DIVERSE_MODERATE,5,r05-t024-5cfe98a4,1789121809722184654,1789121810067057243,0.0,30,0,0.0,False,False,False,False
B0_OFF,BENIGN_DIVERSE_MODERATE,5,r05-t025-685e5b61,1789121810078978659,1789121810431588514,0.0,30,0,0.0,False,False,False,False
B0_OFF,BENIGN_DIVERSE_MODERATE,5,r05-t026-37845849,1789121810444059300,1789121810779373741,0.0,30,0,0.0,False,False,False,False
B0_OFF,BENIGN_DIVERSE_MODERATE,5,r05-t027-017c989a,1789121810789520629,1789121811158147209,0.0,30,0,0.0,False,False,False,False
B0_OFF,BENIGN_DIVERSE_MODERATE,5,r05-t028-ec8c75dc,1789121811169940415,1789121811518242065,0.0,30,0,0.0,False,False,False,False
B0_OFF,BENIGN_DIVERSE_MODERATE,5,r05-t029-36f877f1,1789121811530426791,1789121811863280156,0.0,30,0,0.0,False,False,False,False
B0_OFF,BENIGN_DIVERSE_MODERATE,5,r05-t030-0f70f6b5,1789121811873649189,1789121812235516496,0.0,30,0,0.0,False,False,False,False
B0_OFF,BENIGN_DIVERSE_MODERATE,5,r05-t031-002fe2d5,1789121812246823303,1789121812584354007,0.0,30,0,0.0,False,False,False,False
B0_OFF,BENIGN_DIVERSE_MODERATE,5,r05-t032-b9ad69fa,1789121812594666318,1789121812910855899,0.0,30,0,0.0,False,False,False,False
B0_OFF,BENIGN_DIVERSE_MODERATE,5,r05-t033-6daa5100,1789121812921046093,1789121813252338922,0.0,30,0,0.0,False,False,False,False
B0_OFF,BENIGN_DIVERSE_MODERATE,5,r05-t034-558c99a6,1789121813263236263,1789121813598695866,0.0,30,0,0.0,False,False,False,False
B0_OFF,BENIGN_DIVERSE_MODERATE,5,r05-t035-e6f62abc,1789121813609404515,1789121813931988204,0.0,30,0,0.0,False,False,False,False
B0_OFF,BENIGN_DIVERSE_MODERATE,5,r05-t036-26afb429,1789121813942878848,1789121814278771565,0.0,30,0,0.0,False,False,False,False
B0_OFF,BENIGN_DIVERSE_MODERATE,5,r05-t037-adcd5f41,1789121814290117391,1789121814630037792,0.0,30,0,0.0,False,False,False,False
B0_OFF,BENIGN_DIVERSE_MODERATE,5,r05-t038-e432276c,1789121814640808111,1789121814974723103,0.0,30,0,0.0,False,False,False,False
B0_OFF,BENIGN_DIVERSE_MODERATE,5,r05-t039-e0e92826,1789121814984641623,1789121815314492720,0.0,30,0,0.0,False,False,False,False
B0_OFF,BENIGN_DIVERSE_MODERATE,5,r05-t040-964055b0,1789121815324978731,1789121815662134390,0.0,30,0,0.0,False,False,False,False
B0_OFF,BENIGN_DIVERSE_MODERATE,5,r05-t041-cfe5c9fd,1789121815672663304,1789121816012640190,0.0,30,0,0.0,False,False,False,False
B0_OFF,BENIGN_DIVERSE_MODERATE,5,r05-t042-ddf989bc,1789121816024668170,1789121816361997150,0.0,30,0,0.0,False,False,False,False
B0_OFF,BENIGN_DIVERSE_MODERATE,5,r05-t043-f2a6a421,1789121816372480896,1789121816697674489,0.0,30,0,0.0,False,False,False,False
B0_OFF,BENIGN_DIVERSE_MODERATE,5,r05-t044-108fc2cd,1789121816708699227,1789121817023425953,0.0,30,0,0.0,False,False,False,False
B0_OFF,BENIGN_DIVERSE_MODERATE,5,r05-t045-41b6cf16,1789121817033896875,1789121817402171276,0.0,30,0,0.0,False,False,False,False
B0_OFF,BENIGN_DIVERSE_MODERATE,5,r05-t046-56a77b89,1789121817413148958,1789121817738050980,0.0,30,0,0.0,False,False,False,False
B0_OFF,BENIGN_DIVERSE_MODERATE,5,r05-t047-dadd5017,1789121817748937098,1789121818072302429,0.0,30,0,0.0,False,False,False,False
B0_OFF,BENIGN_DIVERSE_MODERATE,5,r05-t048-adeb688c,1789121818085674165,1789121818445801446,0.0,30,0,0.0,False,False,False,False
B0_OFF,BENIGN_DIVERSE_MODERATE,5,r05-t049-c7158cf0,1789121818456115078,1789121818776265579,0.0,30,0,0.0,False,False,False,False
B1_RL2_TC,ATTACK_DIVERSE_MODERATE,5,r05-t000-2bdb5569,1789121831556490450,1789121831794597336,0.0,24,0,0.0,False,False,False,False
B1_RL2_TC,ATTACK_DIVERSE_MODERATE,5,r05-t001-cfc3f8c4,1789121831805272490,1789121832094953819,0.0,25,0,0.0,False,False,False,False
B1_RL2_TC,ATTACK_DIVERSE_MODERATE,5,r05-t002-35685d5d,1789121832105097071,1789121832405588167,0.0,26,0,0.0,False,False,False,False
B1_RL2_TC,ATTACK_DIVERSE_MODERATE,5,r05-t003-9a65af0c,1789121832415551334,1789121832731316736,0.0,27,0,0.0,False,False,False,False
B1_RL2_TC,ATTACK_DIVERSE_MODERATE,5,r05-t004-49e89d7a,1789121832741048365,1789121833090875132,0.0,28,0,0.0,False,False,False,False
B1_RL2_TC,ATTACK_DIVERSE_MODERATE,5,r05-t005-399cf0f3,1789121833100617963,1789121833381218515,0.0,29,0,0.0,False,False,False,False
B1_RL2_TC,ATTACK_DIVERSE_MODERATE,5,r05-t006-a1577f43,1789121833392368517,1789121833746170070,0.0,30,0,0.0,False,False,False,False
B1_RL2_TC,ATTACK_DIVERSE_MODERATE,5,r05-t007-f4ce603d,1789121833756076089,1789121834098490596,0.0,30,0,0.0,False,False,False,False
B1_RL2_TC,ATTACK_DIVERSE_MODERATE,5,r05-t008-9b1d746f,1789121834107995243,1789121834431158096,0.0,30,0,0.0,False,False,False,False
B1_RL2_TC,ATTACK_DIVERSE_MODERATE,5,r05-t009-8f307c73,1789121834442016088,1789121834750158007,0.0,30,0,0.0,False,False,False,False
B1_RL2_TC,ATTACK_DIVERSE_MODERATE,5,r05-t010-83d3cb19,1789121834759781699,1789121835102185194,0.0,30,0,0.0,False,False,False,False
B1_RL2_TC,ATTACK_DIVERSE_MODERATE,5,r05-t011-b452f926,1789121835112009097,1789121835410674374,0.0,30,0,0.0,False,False,False,False
B1_RL2_TC,ATTACK_DIVERSE_MODERATE,5,r05-t012-b43ead6b,1789121835421870227,1789121835737946055,0.0,30,0,0.0,False,False,False,False
B1_RL2_TC,ATTACK_DIVERSE_MODERATE,5,r05-t013-b23bbb31,1789121835748107250,1789121836103138168,0.0,30,0,0.0,False,False,False,False
B1_RL2_TC,ATTACK_DIVERSE_MODERATE,5,r05-t014-44f268a8,1789121836113389642,1789121836421625259,0.0,30,0,0.0,False,False,False,False
B1_RL2_TC,ATTACK_DIVERSE_MODERATE,5,r05-t015-021bee4f,1789121836431493589,1789121836778712965,0.0,30,0,0.0,False,False,False,False
B1_RL2_TC,ATTACK_DIVERSE_MODERATE,5,r05-t016-bc469660,1789121836789031746,1789121837105511128,0.0,30,0,0.0,False,False,False,False
B1_RL2_TC,ATTACK_DIVERSE_MODERATE,5,r05-t017-27067cdb,1789121837115269528,1789121837443113553,0.0,30,0,0.0,False,False,False,False
B1_RL2_TC,ATTACK_DIVERSE_MODERATE,5,r05-t018-628154e9,1789121837453125515,1789121837749185204,0.0,30,0,0.0,False,False,False,False
B1_RL2_TC,ATTACK_DIVERSE_MODERATE,5,r05-t019-cd899f8c,1789121837759026194,1789121838081982095,0.0,30,0,0.0,False,False,False,False
B1_RL2_TC,ATTACK_DIVERSE_MODERATE,5,r05-t020-d7c0f712,1789121838091493099,1789121838421695337,0.0,30,0,0.0,False,False,False,False
B1_RL2_TC,ATTACK_DIVERSE_MODERATE,5,r05-t021-c75a2a52,1789121838431157826,1789121838768629311,0.0,30,0,0.0,False,False,False,False
B1_RL2_TC,ATTACK_DIVERSE_MODERATE,5,r05-t022-319cc8cc,1789121838779759986,1789121839069400061,0.0,30,0,0.0,False,False,False,False
B1_RL2_TC,ATTACK_DIVERSE_MODERATE,5,r05-t023-d0ee8921,1789121839079088552,1789121839385198545,0.0,30,0,0.0,False,False,False,False
B1_RL2_TC,ATTACK_DIVERSE_MODERATE,5,r05-t024-5cfe98a4,1789121839395186652,1789121839682709353,0.0,30,0,0.0,False,False,False,False
B1_RL2_TC,ATTACK_DIVERSE_MODERATE,5,r05-t025-685e5b61,1789121839692913333,1789121839999751124,0.0,31,0,0.0,False,False,False,False
B1_RL2_TC,ATTACK_DIVERSE_MODERATE,5,r05-t026-37845849,1789121840009269599,1789121840351072795,0.0,31,0,0.0,False,False,False,False
B1_RL2_TC,ATTACK_DIVERSE_MODERATE,5,r05-t027-017c989a,1789121840361427096,1789121840671913814,0.0,31,0,0.0,False,False,False,False
B1_RL2_TC,ATTACK_DIVERSE_MODERATE,5,r05-t028-ec8c75dc,1789121840681948247,1789121841005843090,0.0,31,0,0.0,False,False,False,False
B1_RL2_TC,ATTACK_DIVERSE_MODERATE,5,r05-t029-36f877f1,1789121841015197738,1789121841309083062,0.0,31,0,0.0,False,False,False,False
B1_RL2_TC,ATTACK_DIVERSE_MODERATE,5,r05-t030-0f70f6b5,1789121841318599473,1789121841941188768,0.0,31,0,0.0,False,False,False,False
B1_RL2_TC,ATTACK_DIVERSE_MODERATE,5,r05-t031-002fe2d5,1789121841951917236,1789121842606406390,0.0,30,0,0.0,False,False,False,False
B1_RL2_TC,ATTACK_DIVERSE_MODERATE,5,r05-t032-b9ad69fa,1789121842615589428,1789121843000275368,0.0,30,0,0.0,False,False,False,False
B1_RL2_TC,ATTACK_DIVERSE_MODERATE,5,r05-t033-6daa5100,1789121843011748702,1789121843316492188,0.0,30,0,0.0,False,False,False,False
B1_RL2_TC,ATTACK_DIVERSE_MODERATE,5,r05-t034-558c99a6,1789121843326037484,1789121843671014442,0.0,30,0,0.0,False,False,False,False
B1_RL2_TC,ATTACK_DIVERSE_MODERATE,5,r05-t035-e6f62abc,1789121843680735756,1789121843974860960,0.0,30,0,0.0,False,False,False,False
B1_RL2_TC,ATTACK_DIVERSE_MODERATE,5,r05-t036-26afb429,1789121843984146212,1789121844290887602,0.0,30,0,0.0,False,False,False,False
B1_RL2_TC,ATTACK_DIVERSE_MODERATE,5,r05-t037-adcd5f41,1789121844300419487,1789121844603474251,0.0,30,0,0.0,False,False,False,False
B1_RL2_TC,ATTACK_DIVERSE_MODERATE,5,r05-t038-e432276c,1789121844612919955,1789121844941493857,0.0,30,0,0.0,False,False,False,False
B1_RL2_TC,ATTACK_DIVERSE_MODERATE,5,r05-t039-e0e92826,1789121844951027431,1789121845305928071,0.0,30,0,0.0,False,False,False,False
B1_RL2_TC,ATTACK_DIVERSE_MODERATE,5,r05-t040-964055b0,1789121845315246145,1789121845643867967,0.0,30,0,0.0,False,False,False,False
B1_RL2_TC,ATTACK_DIVERSE_MODERATE,5,r05-t041-cfe5c9fd,1789121845653777957,1789121845926060052,0.0,30,0,0.0,False,False,False,False
B1_RL2_TC,ATTACK_DIVERSE_MODERATE,5,r05-t042-ddf989bc,1789121845936044131,1789121846275238280,0.0,30,0,0.0,False,False,False,False
B1_RL2_TC,ATTACK_DIVERSE_MODERATE,5,r05-t043-f2a6a421,1789121846289297248,1789121846610688607,0.0,30,0,0.0,False,False,False,False
B1_RL2_TC,ATTACK_DIVERSE_MODERATE,5,r05-t044-108fc2cd,1789121846621521065,1789121846917691832,0.0,30,0,0.0,False,False,False,False
B1_RL2_TC,ATTACK_DIVERSE_MODERATE,5,r05-t045-41b6cf16,1789121846927969165,1789121847262109436,0.0,30,0,0.0,False,False,False,False
B1_RL2_TC,ATTACK_DIVERSE_MODERATE,5,r05-t046-56a77b89,1789121847274534093,1789121847557449828,0.0,30,0,0.0,False,False,False,False
B1_RL2_TC,ATTACK_DIVERSE_MODERATE,5,r05-t047-dadd5017,1789121847568787651,1789121847894048083,0.0,31,0,0.0,False,False,False,False
B1_RL2_TC,ATTACK_DIVERSE_MODERATE,5,r05-t048-adeb688c,1789121847904311251,1789121848262930594,0.0,30,0,0.0,False,False,False,False
B1_RL2_TC,ATTACK_DIVERSE_MODERATE,5,r05-t049-c7158cf0,1789121848272971298,1789121848589158129,0.0,30,0,0.0,False,False,False,False
B0_OFF,ATTACK_DIVERSE_HIGH,5,r05-t000-d7e76f99,1789121862320192096,1789121862498901475,0.0,262,0,0.0,False,False,False,False
B0_OFF,ATTACK_DIVERSE_HIGH,5,r05-t001-fa7a42d9,1789121862510018800,1789121862806865170,0.0,301,0,0.0,False,False,False,False
B0_OFF,ATTACK_DIVERSE_HIGH,5,r05-t002-25ffda75,1789121862819438309,1789121863137352266,0.0,364,0,0.0,False,False,False,False
B0_OFF,ATTACK_DIVERSE_HIGH,5,r05-t003-204e1b81,1789121863149374289,1789121863515717776,0.0,403,0,0.0,False,False,False,False
B0_OFF,ATTACK_DIVERSE_HIGH,5,r05-t004-453f4a53,1789121863528509899,1789121863867046071,0.0,404,0,0.0,False,False,False,False
B0_OFF,ATTACK_DIVERSE_HIGH,5,r05-t005-d511c492,1789121863879503255,1789121864242824429,0.0,405,0,0.0,False,False,False,False
B0_OFF,ATTACK_DIVERSE_HIGH,5,r05-t006-9aec91cd,1789121864254371655,1789121864598037732,0.0,406,0,0.0,False,False,False,False
B0_OFF,ATTACK_DIVERSE_HIGH,5,r05-t007-f1222bb1,1789121864611425275,1789121864969853462,0.0,406,0,0.0,False,False,False,False
B0_OFF,ATTACK_DIVERSE_HIGH,5,r05-t008-70caa7ca,1789121864981163021,1789121865317213744,0.0,406,0,0.0,False,False,False,False
B0_OFF,ATTACK_DIVERSE_HIGH,5,r05-t009-16394443,1789121865329605529,1789121865673347443,0.0,406,0,0.0,False,False,False,False
B0_OFF,ATTACK_DIVERSE_HIGH,5,r05-t010-8659f30b,1789121865685809181,1789121866024880019,0.0,406,0,0.0,False,False,False,False
B0_OFF,ATTACK_DIVERSE_HIGH,5,r05-t011-abf7258c,1789121866036558042,1789121866381765830,0.0,406,0,0.0,False,False,False,False
B0_OFF,ATTACK_DIVERSE_HIGH,5,r05-t012-017a3dd2,1789121866395290146,1789121866742649099,0.0,406,0,0.0,False,False,False,False
B0_OFF,ATTACK_DIVERSE_HIGH,5,r05-t013-0749102d,1789121866756224575,1789121867078170289,0.0,406,0,0.0,False,False,False,False
B0_OFF,ATTACK_DIVERSE_HIGH,5,r05-t014-0ee99cde,1789121867089443021,1789121867439305654,0.0,406,0,0.0,False,False,False,False
B0_OFF,ATTACK_DIVERSE_HIGH,5,r05-t015-ff57ca1d,1789121867452368777,1789121867803401528,0.0,405,0,0.0,False,False,False,False
B0_OFF,ATTACK_DIVERSE_HIGH,5,r05-t016-c608aa9c,1789121867816580353,1789121868121057157,0.0,406,0,0.0,False,False,False,False
B0_OFF,ATTACK_DIVERSE_HIGH,5,r05-t017-c81cb0b7,1789121868133657471,1789121868486049887,0.0,406,0,0.0,False,False,False,False
B0_OFF,ATTACK_DIVERSE_HIGH,5,r05-t018-fa86f7e3,1789121868499021606,1789121868844787308,0.0,406,0,0.0,False,False,False,False
B0_OFF,ATTACK_DIVERSE_HIGH,5,r05-t019-8b7923f4,1789121868856421763,1789121869182538252,0.0,406,0,0.0,False,False,False,False
B0_OFF,ATTACK_DIVERSE_HIGH,5,r05-t020-205ee6a7,1789121869193897831,1789121869523007480,0.0,406,0,0.0,False,False,False,False
B0_OFF,ATTACK_DIVERSE_HIGH,5,r05-t021-1556c840,1789121869534100918,1789121869865209391,0.0,406,0,0.0,False,False,False,False
B0_OFF,ATTACK_DIVERSE_HIGH,5,r05-t022-dd57d99c,1789121869876493322,1789121870217186931,0.0,406,0,0.0,False,False,False,False
B0_OFF,ATTACK_DIVERSE_HIGH,5,r05-t023-af663d47,1789121870228935950,1789121870550014610,0.0,406,0,0.0,False,False,False,False
B0_OFF,ATTACK_DIVERSE_HIGH,5,r05-t024-7896ffbe,1789121870560820546,1789121870902078522,0.0,406,0,0.0,False,False,False,False
B0_OFF,ATTACK_DIVERSE_HIGH,5,r05-t025-5d8e6b1a,1789121870914395040,1789121871269477740,0.0,406,0,0.0,False,False,False,False
B0_OFF,ATTACK_DIVERSE_HIGH,5,r05-t026-435f2379,1789121871281040154,1789121871604949004,0.0,406,0,0.0,False,False,False,False
B0_OFF,ATTACK_DIVERSE_HIGH,5,r05-t027-de1babb4,1789121871616106317,1789121871966310611,0.0,406,0,0.0,False,False,False,False
B0_OFF,ATTACK_DIVERSE_HIGH,5,r05-t028-a57742f4,1789121871978303538,1789121872317634264,0.0,406,0,0.0,False,False,False,False
B0_OFF,ATTACK_DIVERSE_HIGH,5,r05-t029-f86df3b6,1789121872329787732,1789121872697746444,0.0,406,0,0.0,False,False,False,False
B0_OFF,ATTACK_DIVERSE_HIGH,5,r05-t030-5b838362,1789121872709247832,1789121873057809338,0.0,406,0,0.0,False,False,False,False
B0_OFF,ATTACK_DIVERSE_HIGH,5,r05-t031-b70750d7,1789121873068788572,1789121873396469276,0.0,406,0,0.0,False,False,False,False
B0_OFF,ATTACK_DIVERSE_HIGH,5,r05-t032-454128ae,1789121873408135078,1789121873730065655,0.0,406,0,0.0,False,False,False,False
B0_OFF,ATTACK_DIVERSE_HIGH,5,r05-t033-c84d8a97,1789121873741533593,1789121874086365369,0.0,406,0,0.0,False,False,False,False
B0_OFF,ATTACK_DIVERSE_HIGH,5,r05-t034-f1aa3d7b,1789121874098852199,1789121874461893719,0.0,406,0,0.0,False,False,False,False
B0_OFF,ATTACK_DIVERSE_HIGH,5,r05-t035-9b4b995b,1789121874474640964,1789121874825569458,0.0,406,0,0.0,False,False,False,False
B0_OFF,ATTACK_DIVERSE_HIGH,5,r05-t036-7b616a15,1789121874837135479,1789121875141383758,0.0,406,0,0.0,False,False,False,False
B0_OFF,ATTACK_DIVERSE_HIGH,5,r05-t037-0717421f,1789121875153630865,1789121875491723859,0.0,406,0,0.0,False,False,False,False
B0_OFF,ATTACK_DIVERSE_HIGH,5,r05-t038-4ba4ed26,1789121875504068954,1789121875845283065,0.0,406,0,0.0,False,False,False,False
B0_OFF,ATTACK_DIVERSE_HIGH,5,r05-t039-2c4b31fd,1789121875856946882,1789121876184750897,0.0,405,0,0.0,False,False,False,False
B0_OFF,ATTACK_DIVERSE_HIGH,5,r05-t040-a0e98198,1789121876196032405,1789121876508358114,0.0,406,0,0.0,False,False,False,False
B0_OFF,ATTACK_DIVERSE_HIGH,5,r05-t041-7d7b5e35,1789121876521159786,1789121876917066059,0.0,406,0,0.0,False,False,False,False
B0_OFF,ATTACK_DIVERSE_HIGH,5,r05-t042-3e7df690,1789121876931162346,1789121877245113481,0.0,406,0,0.0,False,False,False,False
B0_OFF,ATTACK_DIVERSE_HIGH,5,r05-t043-53fa26f5,1789121877256164716,1789121877618021513,0.0,406,0,0.0,False,False,False,False
B0_OFF,ATTACK_DIVERSE_HIGH,5,r05-t044-a314ea1d,1789121877629680984,1789121877945152282,0.0,406,0,0.0,False,False,False,False
B0_OFF,ATTACK_DIVERSE_HIGH,5,r05-t045-852af0aa,1789121877957068485,1789121878301128840,0.0,406,0,0.0,False,False,False,False
B0_OFF,ATTACK_DIVERSE_HIGH,5,r05-t046-3cb08e58,1789121878314000908,1789121878659808109,0.0,406,0,0.0,False,False,False,False
B0_OFF,ATTACK_DIVERSE_HIGH,5,r05-t047-56e6382e,1789121878673552797,1789121878997376870,0.0,406,0,0.0,False,False,False,False
B0_OFF,ATTACK_DIVERSE_HIGH,5,r05-t048-5af012da,1789121879009092657,1789121879389594516,0.0,406,0,0.0,False,False,False,False
B0_OFF,ATTACK_DIVERSE_HIGH,5,r05-t049-97f6b1eb,1789121879400789565,1789121879719027263,0.0,406,0,0.0,False,False,False,False
B1_RL2_TC,BENIGN_DIVERSE_HIGH,5,r05-t000-d7e76f99,1789121894921296017,1789121896116571066,0.0,400,0,0.0,False,False,False,False
B1_RL2_TC,BENIGN_DIVERSE_HIGH,5,r05-t001-fa7a42d9,1789121896127359294,1789121896525751654,0.0,403,0,0.0,False,False,False,False
B1_RL2_TC,BENIGN_DIVERSE_HIGH,5,r05-t002-25ffda75,1789121896537378777,1789121896928742298,0.0,404,0,0.0,False,False,False,False
B1_RL2_TC,BENIGN_DIVERSE_HIGH,5,r05-t003-204e1b81,1789121896939594481,1789121897346127921,0.0,405,0,0.0,False,False,False,False
B1_RL2_TC,BENIGN_DIVERSE_HIGH,5,r05-t004-453f4a53,1789121897357128099,1789121897764862307,0.0,405,0,0.0,False,False,False,False
B1_RL2_TC,BENIGN_DIVERSE_HIGH,5,r05-t005-d511c492,1789121897775907514,1789121898180741604,0.0,405,0,0.0,False,False,False,False
B1_RL2_TC,BENIGN_DIVERSE_HIGH,5,r05-t006-9aec91cd,1789121898191804616,1789121898595477344,0.0,405,0,0.0,False,False,False,False
B1_RL2_TC,BENIGN_DIVERSE_HIGH,5,r05-t007-f1222bb1,1789121898606816987,1789121898997184667,0.0,405,0,0.0,False,False,False,False
B1_RL2_TC,BENIGN_DIVERSE_HIGH,5,r05-t008-70caa7ca,1789121899010395673,1789121899396234580,0.0,405,0,0.0,False,False,False,False
B1_RL2_TC,BENIGN_DIVERSE_HIGH,5,r05-t009-16394443,1789121899407066985,1789121899788144050,0.0,405,0,0.0,False,False,False,False
B1_RL2_TC,BENIGN_DIVERSE_HIGH,5,r05-t010-8659f30b,1789121899800752261,1789121900191096928,0.0,405,0,0.0,False,False,False,False
B1_RL2_TC,BENIGN_DIVERSE_HIGH,5,r05-t011-abf7258c,1789121900203435799,1789121900584295138,0.0,404,0,0.0,False,False,False,False
B1_RL2_TC,BENIGN_DIVERSE_HIGH,5,r05-t012-017a3dd2,1789121900595273390,1789121900979644470,0.0,405,0,0.0,False,False,False,False
B1_RL2_TC,BENIGN_DIVERSE_HIGH,5,r05-t013-0749102d,1789121900991361227,1789121901392518695,0.0,405,0,0.0,False,False,False,False
B1_RL2_TC,BENIGN_DIVERSE_HIGH,5,r05-t014-0ee99cde,1789121901404349192,1789121901810920259,0.0,405,0,0.0,False,False,False,False
B1_RL2_TC,BENIGN_DIVERSE_HIGH,5,r05-t015-ff57ca1d,1789121901822084415,1789121902215203547,0.0,405,0,0.0,False,False,False,False
B1_RL2_TC,BENIGN_DIVERSE_HIGH,5,r05-t016-c608aa9c,1789121902225969566,1789121902616754609,0.0,405,0,0.0,False,False,False,False
B1_RL2_TC,BENIGN_DIVERSE_HIGH,5,r05-t017-c81cb0b7,1789121902628240287,1789121902997648989,0.0,405,0,0.0,False,False,False,False
B1_RL2_TC,BENIGN_DIVERSE_HIGH,5,r05-t018-fa86f7e3,1789121903009465565,1789121903408552412,0.0,405,0,0.0,False,False,False,False
B1_RL2_TC,BENIGN_DIVERSE_HIGH,5,r05-t019-8b7923f4,1789121903422092990,1789121903822450583,0.0,405,0,0.0,False,False,False,False
B1_RL2_TC,BENIGN_DIVERSE_HIGH,5,r05-t020-205ee6a7,1789121903833559337,1789121904258159601,0.0,405,0,0.0,False,False,False,False
B1_RL2_TC,BENIGN_DIVERSE_HIGH,5,r05-t021-1556c840,1789121904268772765,1789121904671616733,0.0,405,0,0.0,False,False,False,False
B1_RL2_TC,BENIGN_DIVERSE_HIGH,5,r05-t022-dd57d99c,1789121904682358602,1789121905065693898,0.0,405,0,0.0,False,False,False,False
B1_RL2_TC,BENIGN_DIVERSE_HIGH,5,r05-t023-af663d47,1789121905077080325,1789121905465930174,0.0,405,0,0.0,False,False,False,False
B1_RL2_TC,BENIGN_DIVERSE_HIGH,5,r05-t024-7896ffbe,1789121905476947821,1789121905885656591,0.0,405,0,0.0,False,False,False,False
B1_RL2_TC,BENIGN_DIVERSE_HIGH,5,r05-t025-5d8e6b1a,1789121905897123126,1789121906270080964,0.0,405,0,0.0,False,False,False,False
B1_RL2_TC,BENIGN_DIVERSE_HIGH,5,r05-t026-435f2379,1789121906280777904,1789121906694881307,0.0,405,0,0.0,False,False,False,False
B1_RL2_TC,BENIGN_DIVERSE_HIGH,5,r05-t027-de1babb4,1789121906706709204,1789121907126179268,0.0,405,0,0.0,False,False,False,False
B1_RL2_TC,BENIGN_DIVERSE_HIGH,5,r05-t028-a57742f4,1789121907137970122,1789121907522907149,0.0,405,0,0.0,False,False,False,False
B1_RL2_TC,BENIGN_DIVERSE_HIGH,5,r05-t029-f86df3b6,1789121907534182891,1789121907946476271,0.0,405,0,0.0,False,False,False,False
B1_RL2_TC,BENIGN_DIVERSE_HIGH,5,r05-t030-5b838362,1789121907957612534,1789121908365777088,0.0,405,0,0.0,False,False,False,False
B1_RL2_TC,BENIGN_DIVERSE_HIGH,5,r05-t031-b70750d7,1789121908377088552,1789121908777090709,0.0,405,0,0.0,False,False,False,False
B1_RL2_TC,BENIGN_DIVERSE_HIGH,5,r05-t032-454128ae,1789121908788346606,1789121909194086897,0.0,405,0,0.0,False,False,False,False
B1_RL2_TC,BENIGN_DIVERSE_HIGH,5,r05-t033-c84d8a97,1789121909204227998,1789121909612820347,0.0,405,0,0.0,False,False,False,False
B1_RL2_TC,BENIGN_DIVERSE_HIGH,5,r05-t034-f1aa3d7b,1789121909625236496,1789121910009795246,0.0,405,0,0.0,False,False,False,False
B1_RL2_TC,BENIGN_DIVERSE_HIGH,5,r05-t035-9b4b995b,1789121910021749487,1789121910422994015,0.0,405,0,0.0,False,False,False,False
B1_RL2_TC,BENIGN_DIVERSE_HIGH,5,r05-t036-7b616a15,1789121910435254621,1789121910806980294,0.0,405,0,0.0,False,False,False,False
B1_RL2_TC,BENIGN_DIVERSE_HIGH,5,r05-t037-0717421f,1789121910818568826,1789121911206207941,0.0,405,0,0.0,False,False,False,False
B1_RL2_TC,BENIGN_DIVERSE_HIGH,5,r05-t038-4ba4ed26,1789121911219795683,1789121911625741792,0.0,405,0,0.0,False,False,False,False
B1_RL2_TC,BENIGN_DIVERSE_HIGH,5,r05-t039-2c4b31fd,1789121911639467406,1789121912055470795,0.0,405,0,0.0,False,False,False,False
B1_RL2_TC,BENIGN_DIVERSE_HIGH,5,r05-t040-a0e98198,1789121912068357452,1789121912474497566,0.0,405,0,0.0,False,False,False,False
B1_RL2_TC,BENIGN_DIVERSE_HIGH,5,r05-t041-7d7b5e35,1789121912485410436,1789121912870571708,0.0,405,0,0.0,False,False,False,False
B1_RL2_TC,BENIGN_DIVERSE_HIGH,5,r05-t042-3e7df690,1789121912881711655,1789121913272028289,0.0,405,0,0.0,False,False,False,False
B1_RL2_TC,BENIGN_DIVERSE_HIGH,5,r05-t043-53fa26f5,1789121913284090732,1789121913692967588,0.0,405,0,0.0,False,False,False,False
B1_RL2_TC,BENIGN_DIVERSE_HIGH,5,r05-t044-a314ea1d,1789121913705799102,1789121914110927741,0.0,405,0,0.0,False,False,False,False
B1_RL2_TC,BENIGN_DIVERSE_HIGH,5,r05-t045-852af0aa,1789121914121445443,1789121914528291959,0.0,405,0,0.0,False,False,False,False
B1_RL2_TC,BENIGN_DIVERSE_HIGH,5,r05-t046-3cb08e58,1789121914539922047,1789121914915267781,0.0,405,0,0.0,False,False,False,False
B1_RL2_TC,BENIGN_DIVERSE_HIGH,5,r05-t047-56e6382e,1789121914926218098,1789121915354664632,0.0,405,0,0.0,False,False,False,False
B1_RL2_TC,BENIGN_DIVERSE_HIGH,5,r05-t048-5af012da,1789121915368238558,1789121915771472753,0.0,405,0,0.0,False,False,False,False
B1_RL2_TC,BENIGN_DIVERSE_HIGH,5,r05-t049-97f6b1eb,1789121915782349833,1789121916162834342,0.0,405,0,0.0,False,False,False,False
B0_OFF,BENIGN_DIVERSE_HIGH,5,r05-t000-d7e76f99,1789121931258044598,1789121931639360261,0.0,400,0,0.0,False,False,False,False
B0_OFF,BENIGN_DIVERSE_HIGH,5,r05-t001-fa7a42d9,1789121931651246278,1789121932013066616,0.0,401,0,0.0,False,False,False,False
B0_OFF,BENIGN_DIVERSE_HIGH,5,r05-t002-25ffda75,1789121932024601307,1789121932374282549,0.0,402,0,0.0,False,False,False,False
B0_OFF,BENIGN_DIVERSE_HIGH,5,r05-t003-204e1b81,1789121932386094598,1789121932714464879,0.0,403,0,0.0,False,False,False,False
B0_OFF,BENIGN_DIVERSE_HIGH,5,r05-t004-453f4a53,1789121932726304511,1789121933081644367,0.0,404,0,0.0,False,False,False,False
B0_OFF,BENIGN_DIVERSE_HIGH,5,r05-t005-d511c492,1789121933093757389,1789121933442814484,0.0,405,0,0.0,False,False,False,False
B0_OFF,BENIGN_DIVERSE_HIGH,5,r05-t006-9aec91cd,1789121933454268405,1789121933803291491,0.0,406,0,0.0,False,False,False,False
B0_OFF,BENIGN_DIVERSE_HIGH,5,r05-t007-f1222bb1,1789121933814388798,1789121934154888916,0.0,406,0,0.0,False,False,False,False
B0_OFF,BENIGN_DIVERSE_HIGH,5,r05-t008-70caa7ca,1789121934166377129,1789121934528476335,0.0,406,0,0.0,False,False,False,False
B0_OFF,BENIGN_DIVERSE_HIGH,5,r05-t009-16394443,1789121934540820331,1789121934890782331,0.0,406,0,0.0,False,False,False,False
B0_OFF,BENIGN_DIVERSE_HIGH,5,r05-t010-8659f30b,1789121934902453812,1789121935258650301,0.0,406,0,0.0,False,False,False,False
B0_OFF,BENIGN_DIVERSE_HIGH,5,r05-t011-abf7258c,1789121935270243940,1789121935614496314,0.0,406,0,0.0,False,False,False,False
B0_OFF,BENIGN_DIVERSE_HIGH,5,r05-t012-017a3dd2,1789121935625886847,1789121935982938362,0.0,406,0,0.0,False,False,False,False
B0_OFF,BENIGN_DIVERSE_HIGH,5,r05-t013-0749102d,1789121935994175386,1789121936343214343,0.0,406,0,0.0,False,False,False,False
B0_OFF,BENIGN_DIVERSE_HIGH,5,r05-t014-0ee99cde,1789121936354496900,1789121936687940851,0.0,406,0,0.0,False,False,False,False
B0_OFF,BENIGN_DIVERSE_HIGH,5,r05-t015-ff57ca1d,1789121936699039385,1789121937048045562,0.0,406,0,0.0,False,False,False,False
B0_OFF,BENIGN_DIVERSE_HIGH,5,r05-t016-c608aa9c,1789121937058606385,1789121937398593071,0.0,406,0,0.0,False,False,False,False
B0_OFF,BENIGN_DIVERSE_HIGH,5,r05-t017-c81cb0b7,1789121937410009679,1789121937750887195,0.0,406,0,0.0,False,False,False,False
B0_OFF,BENIGN_DIVERSE_HIGH,5,r05-t018-fa86f7e3,1789121937761999522,1789121938090456996,0.0,406,0,0.0,False,False,False,False
B0_OFF,BENIGN_DIVERSE_HIGH,5,r05-t019-8b7923f4,1789121938102977457,1789121938447828662,0.0,406,0,0.0,False,False,False,False
B0_OFF,BENIGN_DIVERSE_HIGH,5,r05-t020-205ee6a7,1789121938459274553,1789121938810416643,0.0,406,0,0.0,False,False,False,False
B0_OFF,BENIGN_DIVERSE_HIGH,5,r05-t021-1556c840,1789121938823678205,1789121939163866296,0.0,406,0,0.0,False,False,False,False
B0_OFF,BENIGN_DIVERSE_HIGH,5,r05-t022-dd57d99c,1789121939175334482,1789121939508166038,0.0,406,0,0.0,False,False,False,False
B0_OFF,BENIGN_DIVERSE_HIGH,5,r05-t023-af663d47,1789121939519923611,1789121939866540204,0.0,406,0,0.0,False,False,False,False
B0_OFF,BENIGN_DIVERSE_HIGH,5,r05-t024-7896ffbe,1789121939878941797,1789121940199542816,0.0,406,0,0.0,False,False,False,False
B0_OFF,BENIGN_DIVERSE_HIGH,5,r05-t025-5d8e6b1a,1789121940211203145,1789121940534408343,0.0,406,0,0.0,False,False,False,False
B0_OFF,BENIGN_DIVERSE_HIGH,5,r05-t026-435f2379,1789121940546023116,1789121940892221777,0.0,406,0,0.0,False,False,False,False
B0_OFF,BENIGN_DIVERSE_HIGH,5,r05-t027-de1babb4,1789121940904330316,1789121941223419665,0.0,406,0,0.0,False,False,False,False
B0_OFF,BENIGN_DIVERSE_HIGH,5,r05-t028-a57742f4,1789121941235054811,1789121941590744721,0.0,406,0,0.0,False,False,False,False
B0_OFF,BENIGN_DIVERSE_HIGH,5,r05-t029-f86df3b6,1789121941602243953,1789121941936559028,0.0,406,0,0.0,False,False,False,False
B0_OFF,BENIGN_DIVERSE_HIGH,5,r05-t030-5b838362,1789121941951653744,1789121942310418491,0.0,406,0,0.0,False,False,False,False
B0_OFF,BENIGN_DIVERSE_HIGH,5,r05-t031-b70750d7,1789121942322511090,1789121942650375986,0.0,406,0,0.0,False,False,False,False
B0_OFF,BENIGN_DIVERSE_HIGH,5,r05-t032-454128ae,1789121942662411806,1789121943039977768,0.0,406,0,0.0,False,False,False,False
B0_OFF,BENIGN_DIVERSE_HIGH,5,r05-t033-c84d8a97,1789121943052586676,1789121943399475100,0.0,406,0,0.0,False,False,False,False
B0_OFF,BENIGN_DIVERSE_HIGH,5,r05-t034-f1aa3d7b,1789121943411456684,1789121943751021997,0.0,406,0,0.0,False,False,False,False
B0_OFF,BENIGN_DIVERSE_HIGH,5,r05-t035-9b4b995b,1789121943763193542,1789121944092806286,0.0,406,0,0.0,False,False,False,False
B0_OFF,BENIGN_DIVERSE_HIGH,5,r05-t036-7b616a15,1789121944106520438,1789121944454727175,0.0,406,0,0.0,False,False,False,False
B0_OFF,BENIGN_DIVERSE_HIGH,5,r05-t037-0717421f,1789121944467276000,1789121944814447857,0.0,406,0,0.0,False,False,False,False
B0_OFF,BENIGN_DIVERSE_HIGH,5,r05-t038-4ba4ed26,1789121944826635436,1789121945149724997,0.0,406,0,0.0,False,False,False,False
B0_OFF,BENIGN_DIVERSE_HIGH,5,r05-t039-2c4b31fd,1789121945162556878,1789121945490542788,0.0,406,0,0.0,False,False,False,False
B0_OFF,BENIGN_DIVERSE_HIGH,5,r05-t040-a0e98198,1789121945501231337,1789121945841042637,0.0,406,0,0.0,False,False,False,False
B0_OFF,BENIGN_DIVERSE_HIGH,5,r05-t041-7d7b5e35,1789121945853946578,1789121946195765860,0.0,406,0,0.0,False,False,False,False
B0_OFF,BENIGN_DIVERSE_HIGH,5,r05-t042-3e7df690,1789121946207486838,1789121946558603163,0.0,406,0,0.0,False,False,False,False
B0_OFF,BENIGN_DIVERSE_HIGH,5,r05-t043-53fa26f5,1789121946569808399,1789121946903108872,0.0,406,0,0.0,False,False,False,False
B0_OFF,BENIGN_DIVERSE_HIGH,5,r05-t044-a314ea1d,1789121946917455534,1789121947264476195,0.0,406,0,0.0,False,False,False,False
B0_OFF,BENIGN_DIVERSE_HIGH,5,r05-t045-852af0aa,1789121947276089744,1789121947638385043,0.0,406,0,0.0,False,False,False,False
B0_OFF,BENIGN_DIVERSE_HIGH,5,r05-t046-3cb08e58,1789121947649843941,1789121948003255551,0.0,406,0,0.0,False,False,False,False
B0_OFF,BENIGN_DIVERSE_HIGH,5,r05-t047-56e6382e,1789121948014530128,1789121948378208902,0.0,406,0,0.0,False,False,False,False
B0_OFF,BENIGN_DIVERSE_HIGH,5,r05-t048-5af012da,1789121948392618338,1789121948734502475,0.0,406,0,0.0,False,False,False,False
B0_OFF,BENIGN_DIVERSE_HIGH,5,r05-t049-97f6b1eb,1789121948746332571,1789121949078225739,0.0,406,0,0.0,False,False,False,False
RFC_DROP_NATIVE,BENIGN_DIVERSE_HIGH,5,r05-t000-d7e76f99,1789121963882235172,1789121965893489151,0.0,400,0,0.0,False,False,False,False
RFC_DROP_NATIVE,BENIGN_DIVERSE_HIGH,5,r05-t001-fa7a42d9,1789121963889387870,1789121965900879347,0.0,400,0,0.0,False,False,False,False
RFC_DROP_NATIVE,BENIGN_DIVERSE_HIGH,5,r05-t002-25ffda75,1789121963899772942,1789121965909959253,0.0,400,0,0.0,False,False,False,False
RFC_DROP_NATIVE,BENIGN_DIVERSE_HIGH,5,r05-t003-204e1b81,1789121963909030923,1789121965918047747,0.0,400,0,0.0,False,False,False,False
RFC_DROP_NATIVE,BENIGN_DIVERSE_HIGH,5,r05-t004-453f4a53,1789121963918763940,1789121965928125151,0.0,400,0,0.0,False,False,False,False
RFC_DROP_NATIVE,BENIGN_DIVERSE_HIGH,5,r05-t005-d511c492,1789121963929616378,1789121965938564201,0.0,400,0,0.0,False,False,False,False
RFC_DROP_NATIVE,BENIGN_DIVERSE_HIGH,5,r05-t006-9aec91cd,1789121963939271852,1789121965949718212,0.0,400,0,0.0,False,False,False,False
RFC_DROP_NATIVE,BENIGN_DIVERSE_HIGH,5,r05-t007-f1222bb1,1789121963949532876,1789121965960893193,0.0,400,0,0.0,False,False,False,False
RFC_DROP_NATIVE,BENIGN_DIVERSE_HIGH,5,r05-t008-70caa7ca,1789121963958937400,1789121965970086095,0.0,400,0,0.0,False,False,False,False
RFC_DROP_NATIVE,BENIGN_DIVERSE_HIGH,5,r05-t009-16394443,1789121963969154759,1789121965978140230,0.0,400,0,0.0,False,False,False,False
RFC_DROP_NATIVE,BENIGN_DIVERSE_HIGH,5,r05-t010-8659f30b,1789121963979114150,1789121965989849113,0.0,400,0,0.0,False,False,False,False
RFC_DROP_NATIVE,BENIGN_DIVERSE_HIGH,5,r05-t011-abf7258c,1789121963989258429,1789121965998525620,0.0,400,0,0.0,False,False,False,False
RFC_DROP_NATIVE,BENIGN_DIVERSE_HIGH,5,r05-t012-017a3dd2,1789121963999003124,1789121966008414290,0.0,400,0,0.0,False,False,False,False
RFC_DROP_NATIVE,BENIGN_DIVERSE_HIGH,5,r05-t013-0749102d,1789121964009895228,1789121966020905071,0.0,400,0,0.0,False,False,False,False
RFC_DROP_NATIVE,BENIGN_DIVERSE_HIGH,5,r05-t014-0ee99cde,1789121964019224676,1789121966030289330,0.0,400,0,0.0,False,False,False,False
RFC_DROP_NATIVE,BENIGN_DIVERSE_HIGH,5,r05-t015-ff57ca1d,1789121964029085544,1789121966040721640,0.0,400,0,0.0,False,False,False,False
RFC_DROP_NATIVE,BENIGN_DIVERSE_HIGH,5,r05-t016-c608aa9c,1789121964039240928,1789121966049990279,0.0,400,0,0.0,False,False,False,False
RFC_DROP_NATIVE,BENIGN_DIVERSE_HIGH,5,r05-t017-c81cb0b7,1789121964049608068,1789121966058238671,0.0,400,0,0.0,False,False,False,False
RFC_DROP_NATIVE,BENIGN_DIVERSE_HIGH,5,r05-t018-fa86f7e3,1789121964059525883,1789121966069991368,0.0,400,0,0.0,False,False,False,False
RFC_DROP_NATIVE,BENIGN_DIVERSE_HIGH,5,r05-t019-8b7923f4,1789121964069543452,1789121966077839824,0.0,400,0,0.0,False,False,False,False
RFC_DROP_NATIVE,BENIGN_DIVERSE_HIGH,5,r05-t020-205ee6a7,1789121964079169980,1789121966089799136,0.0,400,0,0.0,False,False,False,False
RFC_DROP_NATIVE,BENIGN_DIVERSE_HIGH,5,r05-t021-1556c840,1789121964089255219,1789121966100469609,0.0,400,0,0.0,False,False,False,False
RFC_DROP_NATIVE,BENIGN_DIVERSE_HIGH,5,r05-t022-dd57d99c,1789121964099156998,1789121966120140322,0.0,400,0,0.0,False,False,False,False
RFC_DROP_NATIVE,BENIGN_DIVERSE_HIGH,5,r05-t023-af663d47,1789121964109115244,1789121966120402076,0.0,400,0,0.0,False,False,False,False
RFC_DROP_NATIVE,BENIGN_DIVERSE_HIGH,5,r05-t024-7896ffbe,1789121964118909768,1789121966130788046,0.0,400,0,0.0,False,False,False,False
RFC_DROP_NATIVE,BENIGN_DIVERSE_HIGH,5,r05-t025-5d8e6b1a,1789121964129405706,1789121966141171394,0.0,400,0,0.0,False,False,False,False
RFC_DROP_NATIVE,BENIGN_DIVERSE_HIGH,5,r05-t026-435f2379,1789121964139117369,1789121966160318593,0.0,400,0,0.0,False,False,False,False
RFC_DROP_NATIVE,BENIGN_DIVERSE_HIGH,5,r05-t027-de1babb4,1789121964149233935,1789121966157822367,0.0,400,0,0.0,False,False,False,False
RFC_DROP_NATIVE,BENIGN_DIVERSE_HIGH,5,r05-t028-a57742f4,1789121964159048862,1789121966198018614,0.0,400,0,0.0,False,False,False,False
RFC_DROP_NATIVE,BENIGN_DIVERSE_HIGH,5,r05-t029-f86df3b6,1789121964190394393,1789121966201278014,0.0,400,0,0.0,False,False,False,False
RFC_DROP_NATIVE,BENIGN_DIVERSE_HIGH,5,r05-t030-5b838362,1789121964192347144,1789121966213344706,0.0,400,0,0.0,False,False,False,False
RFC_DROP_NATIVE,BENIGN_DIVERSE_HIGH,5,r05-t031-b70750d7,1789121964194161519,1789121966205912569,0.0,400,0,0.0,False,False,False,False
RFC_DROP_NATIVE,BENIGN_DIVERSE_HIGH,5,r05-t032-454128ae,1789121964199230004,1789121966210335077,0.0,400,0,0.0,False,False,False,False
RFC_DROP_NATIVE,BENIGN_DIVERSE_HIGH,5,r05-t033-c84d8a97,1789121964209182463,1789121966219877831,0.0,400,0,0.0,False,False,False,False
RFC_DROP_NATIVE,BENIGN_DIVERSE_HIGH,5,r05-t034-f1aa3d7b,1789121964220431731,1789121966229981823,0.0,400,0,0.0,False,False,False,False
RFC_DROP_NATIVE,BENIGN_DIVERSE_HIGH,5,r05-t035-9b4b995b,1789121964229313369,1789121966240336991,0.0,400,0,0.0,False,False,False,False
RFC_DROP_NATIVE,BENIGN_DIVERSE_HIGH,5,r05-t036-7b616a15,1789121964239275801,1789121966249869353,0.0,400,0,0.0,False,False,False,False
RFC_DROP_NATIVE,BENIGN_DIVERSE_HIGH,5,r05-t037-0717421f,1789121964249281220,1789121966260867677,0.0,400,0,0.0,False,False,False,False
RFC_DROP_NATIVE,BENIGN_DIVERSE_HIGH,5,r05-t038-4ba4ed26,1789121964259134115,1789121966280372965,0.0,400,0,0.0,False,False,False,False
RFC_DROP_NATIVE,BENIGN_DIVERSE_HIGH,5,r05-t039-2c4b31fd,1789121964269330784,1789121966278544701,0.0,400,0,0.0,False,False,False,False
RFC_DROP_NATIVE,BENIGN_DIVERSE_HIGH,5,r05-t040-a0e98198,1789121964279248224,1789121966300819019,0.0,401,0,0.0,False,False,False,False
RFC_DROP_NATIVE,BENIGN_DIVERSE_HIGH,5,r05-t041-7d7b5e35,1789121964289101691,1789121966301163159,0.0,401,0,0.0,False,False,False,False
RFC_DROP_NATIVE,BENIGN_DIVERSE_HIGH,5,r05-t042-3e7df690,1789121964299322942,1789121966319709893,0.0,401,0,0.0,False,False,False,False
RFC_DROP_NATIVE,BENIGN_DIVERSE_HIGH,5,r05-t043-53fa26f5,1789121964308835097,1789121966319582011,0.0,401,0,0.0,False,False,False,False
RFC_DROP_NATIVE,BENIGN_DIVERSE_HIGH,5,r05-t044-a314ea1d,1789121964320617019,1789121966329972662,0.0,401,0,0.0,False,False,False,False
RFC_DROP_NATIVE,BENIGN_DIVERSE_HIGH,5,r05-t045-852af0aa,1789121964328905072,1789121966339825852,0.0,401,0,0.0,False,False,False,False
RFC_DROP_NATIVE,BENIGN_DIVERSE_HIGH,5,r05-t046-3cb08e58,1789121964339088455,1789121966360201317,0.0,401,0,0.0,False,False,False,False
RFC_DROP_NATIVE,BENIGN_DIVERSE_HIGH,5,r05-t047-56e6382e,1789121964349020129,1789121966357979671,0.0,401,0,0.0,False,False,False,False
RFC_DROP_NATIVE,BENIGN_DIVERSE_HIGH,5,r05-t048-5af012da,1789121964359211774,1789121966370038780,0.0,401,0,0.0,False,False,False,False
RFC_DROP_NATIVE,BENIGN_DIVERSE_HIGH,5,r05-t049-97f6b1eb,1789121964369123897,1789121966381349882,0.0,401,0,0.0,False,False,False,False
RFC_DROP_NATIVE,ATTACK_DIVERSE_MODERATE,5,r05-t000-2bdb5569,1789122003663640750,1789122005675159334,0.0,24,0,0.0,False,False,False,False
RFC_DROP_NATIVE,ATTACK_DIVERSE_MODERATE,5,r05-t001-cfc3f8c4,1789122003668633160,1789122005679486901,0.0,24,0,0.0,False,False,False,False
RFC_DROP_NATIVE,ATTACK_DIVERSE_MODERATE,5,r05-t002-35685d5d,1789122003677758558,1789122005687465965,0.0,24,0,0.0,False,False,False,False
RFC_DROP_NATIVE,ATTACK_DIVERSE_MODERATE,5,r05-t003-9a65af0c,1789122003687687163,1789122005696091292,0.0,24,0,0.0,False,False,False,False
RFC_DROP_NATIVE,ATTACK_DIVERSE_MODERATE,5,r05-t004-49e89d7a,1789122003697570212,1789122005707309687,0.0,24,0,0.0,False,False,False,False
RFC_DROP_NATIVE,ATTACK_DIVERSE_MODERATE,5,r05-t005-399cf0f3,1789122003707563519,1789122005715216410,0.0,24,0,0.0,False,False,False,False
RFC_DROP_NATIVE,ATTACK_DIVERSE_MODERATE,5,r05-t006-a1577f43,1789122003717837514,1789122005727210283,0.0,24,0,0.0,False,False,False,False
RFC_DROP_NATIVE,ATTACK_DIVERSE_MODERATE,5,r05-t007-f4ce603d,1789122003727659918,1789122005737980388,0.0,24,0,0.0,False,False,False,False
RFC_DROP_NATIVE,ATTACK_DIVERSE_MODERATE,5,r05-t008-9b1d746f,1789122003737928726,1789122005747389493,0.0,24,0,0.0,False,False,False,False
RFC_DROP_NATIVE,ATTACK_DIVERSE_MODERATE,5,r05-t009-8f307c73,1789122003747832714,1789122005757623026,0.0,24,0,0.0,False,False,False,False
RFC_DROP_NATIVE,ATTACK_DIVERSE_MODERATE,5,r05-t010-83d3cb19,1789122003757785935,1789122005767276978,0.0,24,0,0.0,False,False,False,False
RFC_DROP_NATIVE,ATTACK_DIVERSE_MODERATE,5,r05-t011-b452f926,1789122003767774715,1789122005777363753,0.0,24,0,0.0,False,False,False,False
RFC_DROP_NATIVE,ATTACK_DIVERSE_MODERATE,5,r05-t012-b43ead6b,1789122003778085306,1789122005787233127,0.0,24,0,0.0,False,False,False,False
RFC_DROP_NATIVE,ATTACK_DIVERSE_MODERATE,5,r05-t013-b23bbb31,1789122003788257721,1789122005798305708,0.0,24,0,0.0,False,False,False,False
RFC_DROP_NATIVE,ATTACK_DIVERSE_MODERATE,5,r05-t014-44f268a8,1789122003797783874,1789122005807272370,0.0,24,0,0.0,False,False,False,False
RFC_DROP_NATIVE,ATTACK_DIVERSE_MODERATE,5,r05-t015-021bee4f,1789122003807654567,1789122005817448086,0.0,24,0,0.0,False,False,False,False
RFC_DROP_NATIVE,ATTACK_DIVERSE_MODERATE,5,r05-t016-bc469660,1789122003817501776,1789122005827774805,0.0,24,0,0.0,False,False,False,False
RFC_DROP_NATIVE,ATTACK_DIVERSE_MODERATE,5,r05-t017-27067cdb,1789122003827896592,1789122005839116756,0.0,25,0,0.0,False,False,False,False
RFC_DROP_NATIVE,ATTACK_DIVERSE_MODERATE,5,r05-t018-628154e9,1789122003838093813,1789122005847235033,0.0,25,0,0.0,False,False,False,False
RFC_DROP_NATIVE,ATTACK_DIVERSE_MODERATE,5,r05-t019-cd899f8c,1789122003847667501,1789122005858048335,0.0,25,0,0.0,False,False,False,False
RFC_DROP_NATIVE,ATTACK_DIVERSE_MODERATE,5,r05-t020-d7c0f712,1789122003857525368,1789122005867313888,0.0,25,0,0.0,False,False,False,False
RFC_DROP_NATIVE,ATTACK_DIVERSE_MODERATE,5,r05-t021-c75a2a52,1789122003867593469,1789122005877162418,0.0,25,0,0.0,False,False,False,False
RFC_DROP_NATIVE,ATTACK_DIVERSE_MODERATE,5,r05-t022-319cc8cc,1789122003877507266,1789122005887230141,0.0,25,0,0.0,False,False,False,False
RFC_DROP_NATIVE,ATTACK_DIVERSE_MODERATE,5,r05-t023-d0ee8921,1789122003887677513,1789122005908157948,0.0,25,0,0.0,False,False,False,False
RFC_DROP_NATIVE,ATTACK_DIVERSE_MODERATE,5,r05-t024-5cfe98a4,1789122003897596119,1789122005907773132,0.0,25,0,0.0,False,False,False,False
RFC_DROP_NATIVE,ATTACK_DIVERSE_MODERATE,5,r05-t025-685e5b61,1789122003907913878,1789122005917750782,0.0,25,0,0.0,False,False,False,False
RFC_DROP_NATIVE,ATTACK_DIVERSE_MODERATE,5,r05-t026-37845849,1789122003917806265,1789122005927337015,0.0,25,0,0.0,False,False,False,False
RFC_DROP_NATIVE,ATTACK_DIVERSE_MODERATE,5,r05-t027-017c989a,1789122003927380236,1789122005935510278,0.0,25,0,0.0,False,False,False,False
RFC_DROP_NATIVE,ATTACK_DIVERSE_MODERATE,5,r05-t028-ec8c75dc,1789122003937479368,1789122005973606307,0.0,25,0,0.0,False,False,False,False
RFC_DROP_NATIVE,ATTACK_DIVERSE_MODERATE,5,r05-t029-36f877f1,1789122003955885409,1789122005976241817,0.0,25,0,0.0,False,False,False,False
RFC_DROP_NATIVE,ATTACK_DIVERSE_MODERATE,5,r05-t030-0f70f6b5,1789122003963929081,1789122005984712652,0.0,25,0,0.0,False,False,False,False
RFC_DROP_NATIVE,ATTACK_DIVERSE_MODERATE,5,r05-t031-002fe2d5,1789122003967718094,1789122005978512321,0.0,25,0,0.0,False,False,False,False
RFC_DROP_NATIVE,ATTACK_DIVERSE_MODERATE,5,r05-t032-b9ad69fa,1789122003977816376,1789122005987200086,0.0,25,0,0.0,False,False,False,False
RFC_DROP_NATIVE,ATTACK_DIVERSE_MODERATE,5,r05-t033-6daa5100,1789122003987708669,1789122005997597542,0.0,25,0,0.0,False,False,False,False
RFC_DROP_NATIVE,ATTACK_DIVERSE_MODERATE,5,r05-t034-558c99a6,1789122003997599546,1789122006017478048,0.0,25,0,0.0,False,False,False,False
RFC_DROP_NATIVE,ATTACK_DIVERSE_MODERATE,5,r05-t035-e6f62abc,1789122004007776112,1789122006017717804,0.0,25,0,0.0,False,False,False,False
RFC_DROP_NATIVE,ATTACK_DIVERSE_MODERATE,5,r05-t036-26afb429,1789122004017770739,1789122006027511628,0.0,25,0,0.0,False,False,False,False
RFC_DROP_NATIVE,ATTACK_DIVERSE_MODERATE,5,r05-t037-adcd5f41,1789122004027671803,1789122006038198922,0.0,25,0,0.0,False,False,False,False
RFC_DROP_NATIVE,ATTACK_DIVERSE_MODERATE,5,r05-t038-e432276c,1789122004037777913,1789122006047270936,0.0,25,0,0.0,False,False,False,False
RFC_DROP_NATIVE,ATTACK_DIVERSE_MODERATE,5,r05-t039-e0e92826,1789122004047671526,1789122006058307677,0.0,25,0,0.0,False,False,False,False
RFC_DROP_NATIVE,ATTACK_DIVERSE_MODERATE,5,r05-t040-964055b0,1789122004057580419,1789122006067240856,0.0,25,0,0.0,False,False,False,False
RFC_DROP_NATIVE,ATTACK_DIVERSE_MODERATE,5,r05-t041-cfe5c9fd,1789122004067771792,1789122006078091319,0.0,25,0,0.0,False,False,False,False
RFC_DROP_NATIVE,ATTACK_DIVERSE_MODERATE,5,r05-t042-ddf989bc,1789122004077533361,1789122006087642371,0.0,25,0,0.0,False,False,False,False
RFC_DROP_NATIVE,ATTACK_DIVERSE_MODERATE,5,r05-t043-f2a6a421,1789122004087610704,1789122006097529288,0.0,25,0,0.0,False,False,False,False
RFC_DROP_NATIVE,ATTACK_DIVERSE_MODERATE,5,r05-t044-108fc2cd,1789122004097603822,1789122006117469120,0.0,25,0,0.0,False,False,False,False
RFC_DROP_NATIVE,ATTACK_DIVERSE_MODERATE,5,r05-t045-41b6cf16,1789122004107795478,1789122006117771878,0.0,25,0,0.0,False,False,False,False
RFC_DROP_NATIVE,ATTACK_DIVERSE_MODERATE,5,r05-t046-56a77b89,1789122004117981476,1789122006127413476,0.0,25,0,0.0,False,False,False,False
RFC_DROP_NATIVE,ATTACK_DIVERSE_MODERATE,5,r05-t047-dadd5017,1789122004127718049,1789122006137726800,0.0,25,0,0.0,False,False,False,False
RFC_DROP_NATIVE,ATTACK_DIVERSE_MODERATE,5,r05-t048-adeb688c,1789122004137752668,1789122006147185328,0.0,25,0,0.0,False,False,False,False
RFC_DROP_NATIVE,ATTACK_DIVERSE_MODERATE,5,r05-t049-c7158cf0,1789122004147720509,1789122006157808487,0.0,26,0,0.0,False,False,False,False
B1_RL2_TC,ATTACK_DIVERSE_HIGH,5,r05-t000-d7e76f99,1789122039484011920,1789122039753194420,0.0,400,0,0.0,False,False,False,False
B1_RL2_TC,ATTACK_DIVERSE_HIGH,5,r05-t001-fa7a42d9,1789122039765429693,1789122040000922642,0.0,401,0,0.0,False,False,False,False
B1_RL2_TC,ATTACK_DIVERSE_HIGH,5,r05-t002-25ffda75,1789122040012290024,1789122040352613645,0.0,402,0,0.0,False,False,False,False
B1_RL2_TC,ATTACK_DIVERSE_HIGH,5,r05-t003-204e1b81,1789122040363681122,1789122040709031384,0.0,403,0,0.0,False,False,False,False
B1_RL2_TC,ATTACK_DIVERSE_HIGH,5,r05-t004-453f4a53,1789122040720327155,1789122041028266253,0.0,404,0,0.0,False,False,False,False
B1_RL2_TC,ATTACK_DIVERSE_HIGH,5,r05-t005-d511c492,1789122041039586149,1789122041378430351,0.0,405,0,0.0,False,False,False,False
B1_RL2_TC,ATTACK_DIVERSE_HIGH,5,r05-t006-9aec91cd,1789122041390027049,1789122041768929691,0.0,406,0,0.0,False,False,False,False
B1_RL2_TC,ATTACK_DIVERSE_HIGH,5,r05-t007-f1222bb1,1789122041779470261,1789122042079176777,0.0,406,0,0.0,False,False,False,False
B1_RL2_TC,ATTACK_DIVERSE_HIGH,5,r05-t008-70caa7ca,1789122042090502253,1789122042418218790,0.0,406,0,0.0,False,False,False,False
B1_RL2_TC,ATTACK_DIVERSE_HIGH,5,r05-t009-16394443,1789122042429516359,1789122042772941534,0.0,406,0,0.0,False,False,False,False
B1_RL2_TC,ATTACK_DIVERSE_HIGH,5,r05-t010-8659f30b,1789122042783911309,1789122043102927555,0.0,406,0,0.0,False,False,False,False
B1_RL2_TC,ATTACK_DIVERSE_HIGH,5,r05-t011-abf7258c,1789122043113504356,1789122043495684366,0.0,406,0,0.0,False,False,False,False
B1_RL2_TC,ATTACK_DIVERSE_HIGH,5,r05-t012-017a3dd2,1789122043506733134,1789122043836702695,0.0,406,0,0.0,False,False,False,False
B1_RL2_TC,ATTACK_DIVERSE_HIGH,5,r05-t013-0749102d,1789122043848454161,1789122044183578452,0.0,406,0,0.0,False,False,False,False
B1_RL2_TC,ATTACK_DIVERSE_HIGH,5,r05-t014-0ee99cde,1789122044195431709,1789122044511540668,0.0,406,0,0.0,False,False,False,False
B1_RL2_TC,ATTACK_DIVERSE_HIGH,5,r05-t015-ff57ca1d,1789122044523426563,1789122044856690898,0.0,406,0,0.0,False,False,False,False
B1_RL2_TC,ATTACK_DIVERSE_HIGH,5,r05-t016-c608aa9c,1789122044868222510,1789122045221410064,0.0,406,0,0.0,False,False,False,False
B1_RL2_TC,ATTACK_DIVERSE_HIGH,5,r05-t017-c81cb0b7,1789122045233695460,1789122045550825451,0.0,406,0,0.0,False,False,False,False
B1_RL2_TC,ATTACK_DIVERSE_HIGH,5,r05-t018-fa86f7e3,1789122045562403702,1789122045865137364,0.0,406,0,0.0,False,False,False,False
B1_RL2_TC,ATTACK_DIVERSE_HIGH,5,r05-t019-8b7923f4,1789122045875862028,1789122046223086390,0.0,406,0,0.0,False,False,False,False
B1_RL2_TC,ATTACK_DIVERSE_HIGH,5,r05-t020-205ee6a7,1789122046234267695,1789122046552710751,0.0,406,0,0.0,False,False,False,False
B1_RL2_TC,ATTACK_DIVERSE_HIGH,5,r05-t021-1556c840,1789122046563613644,1789122046888665168,0.0,406,0,0.0,False,False,False,False
B1_RL2_TC,ATTACK_DIVERSE_HIGH,5,r05-t022-dd57d99c,1789122046899900774,1789122047235222119,0.0,406,0,0.0,False,False,False,False
B1_RL2_TC,ATTACK_DIVERSE_HIGH,5,r05-t023-af663d47,1789122047246872834,1789122047595430317,0.0,406,0,0.0,False,False,False,False
B1_RL2_TC,ATTACK_DIVERSE_HIGH,5,r05-t024-7896ffbe,1789122047607139213,1789122047922492308,0.0,406,0,0.0,False,False,False,False
B1_RL2_TC,ATTACK_DIVERSE_HIGH,5,r05-t025-5d8e6b1a,1789122047933464260,1789122048295802501,0.0,406,0,0.0,False,False,False,False
B1_RL2_TC,ATTACK_DIVERSE_HIGH,5,r05-t026-435f2379,1789122048307239135,1789122048639756894,0.0,406,0,0.0,False,False,False,False
B1_RL2_TC,ATTACK_DIVERSE_HIGH,5,r05-t027-de1babb4,1789122048650539355,1789122048958688720,0.0,406,0,0.0,False,False,False,False
B1_RL2_TC,ATTACK_DIVERSE_HIGH,5,r05-t028-a57742f4,1789122049664041074,1789122050012258007,0.0,335,0,0.0,False,False,False,False
B1_RL2_TC,ATTACK_DIVERSE_HIGH,5,r05-t029-f86df3b6,1789122051029991740,1789122051337975712,0.0,108,0,0.0,False,False,False,False
B1_RL2_TC,ATTACK_DIVERSE_HIGH,5,r05-t030-5b838362,1789122051349080523,1789122051703988511,0.0,68,0,0.0,False,False,False,False
B1_RL2_TC,ATTACK_DIVERSE_HIGH,5,r05-t031-b70750d7,1789122051714841583,1789122052048406911,0.0,142,0,0.0,False,False,False,False
B1_RL2_TC,ATTACK_DIVERSE_HIGH,5,r05-t032-454128ae,1789122052059188139,1789122052391415067,0.0,202,0,0.0,False,False,False,False
B1_RL2_TC,ATTACK_DIVERSE_HIGH,5,r05-t033-c84d8a97,1789122052403327221,1789122052694150170,0.0,232,0,0.0,False,False,False,False
B1_RL2_TC,ATTACK_DIVERSE_HIGH,5,r05-t034-f1aa3d7b,1789122052705192234,1789122053020042227,0.0,293,0,0.0,False,False,False,False
B1_RL2_TC,ATTACK_DIVERSE_HIGH,5,r05-t035-9b4b995b,1789122053031116899,1789122053399257243,0.0,359,0,0.0,False,False,False,False
B1_RL2_TC,ATTACK_DIVERSE_HIGH,5,r05-t036-7b616a15,1789122053411734291,1789122053744460523,0.0,406,0,0.0,False,False,False,False
B1_RL2_TC,ATTACK_DIVERSE_HIGH,5,r05-t037-0717421f,1789122053755318619,1789122054085726038,0.0,406,0,0.0,False,False,False,False
B1_RL2_TC,ATTACK_DIVERSE_HIGH,5,r05-t038-4ba4ed26,1789122054096457791,1789122054404926379,0.0,406,0,0.0,False,False,False,False
B1_RL2_TC,ATTACK_DIVERSE_HIGH,5,r05-t039-2c4b31fd,1789122054415918210,1789122054754473371,0.0,406,0,0.0,False,False,False,False
B1_RL2_TC,ATTACK_DIVERSE_HIGH,5,r05-t040-a0e98198,1789122054765338197,1789122055063078538,0.0,406,0,0.0,False,False,False,False
B1_RL2_TC,ATTACK_DIVERSE_HIGH,5,r05-t041-7d7b5e35,1789122055074666446,1789122055449195684,0.0,406,0,0.0,False,False,False,False
B1_RL2_TC,ATTACK_DIVERSE_HIGH,5,r05-t042-3e7df690,1789122055460723786,1789122055783822558,0.0,406,0,0.0,False,False,False,False
B1_RL2_TC,ATTACK_DIVERSE_HIGH,5,r05-t043-53fa26f5,1789122055795881054,1789122056097662093,0.0,406,0,0.0,False,False,False,False
B1_RL2_TC,ATTACK_DIVERSE_HIGH,5,r05-t044-a314ea1d,1789122056108849077,1789122056454494605,0.0,406,0,0.0,False,False,False,False
B1_RL2_TC,ATTACK_DIVERSE_HIGH,5,r05-t045-852af0aa,1789122056466114646,1789122056788939311,0.0,406,0,0.0,False,False,False,False
B1_RL2_TC,ATTACK_DIVERSE_HIGH,5,r05-t046-3cb08e58,1789122056799873042,1789122057145267969,0.0,406,0,0.0,False,False,False,False
B1_RL2_TC,ATTACK_DIVERSE_HIGH,5,r05-t047-56e6382e,1789122057155942664,1789122057479815038,0.0,406,0,0.0,False,False,False,False
B1_RL2_TC,ATTACK_DIVERSE_HIGH,5,r05-t048-5af012da,1789122057491060598,1789122057810563194,0.0,406,0,0.0,False,False,False,False
B1_RL2_TC,ATTACK_DIVERSE_HIGH,5,r05-t049-97f6b1eb,1789122057822476390,1789122058169356913,0.0,406,0,0.0,False,False,False,False
B5_LOCKED_TC,BENIGN_DIVERSE_HIGH,5,r05-t000-d7e76f99,1789122071256171381,1789122072460746741,0.0,400,0,0.0,False,False,False,False
B5_LOCKED_TC,BENIGN_DIVERSE_HIGH,5,r05-t001-fa7a42d9,1789122072471795529,1789122072846745677,0.0,403,0,0.0,False,False,False,False
B5_LOCKED_TC,BENIGN_DIVERSE_HIGH,5,r05-t002-25ffda75,1789122072858656347,1789122073243001010,0.0,404,0,0.0,False,False,False,False
B5_LOCKED_TC,BENIGN_DIVERSE_HIGH,5,r05-t003-204e1b81,1789122073254325118,1789122073656237696,0.0,405,0,0.0,False,False,False,False
B5_LOCKED_TC,BENIGN_DIVERSE_HIGH,5,r05-t004-453f4a53,1789122073667573024,1789122074076147480,0.0,405,0,0.0,False,False,False,False
B5_LOCKED_TC,BENIGN_DIVERSE_HIGH,5,r05-t005-d511c492,1789122074087016656,1789122074495505226,0.0,405,0,0.0,False,False,False,False
B5_LOCKED_TC,BENIGN_DIVERSE_HIGH,5,r05-t006-9aec91cd,1789122074506386161,1789122074904174678,0.0,405,0,0.0,False,False,False,False
B5_LOCKED_TC,BENIGN_DIVERSE_HIGH,5,r05-t007-f1222bb1,1789122074916449377,1789122075342197779,0.0,405,0,0.0,False,False,False,False
B5_LOCKED_TC,BENIGN_DIVERSE_HIGH,5,r05-t008-70caa7ca,1789122075354294315,1789122075734112308,0.0,405,0,0.0,False,False,False,False
B5_LOCKED_TC,BENIGN_DIVERSE_HIGH,5,r05-t009-16394443,1789122075745652759,1789122076128537509,0.0,405,0,0.0,False,False,False,False
B5_LOCKED_TC,BENIGN_DIVERSE_HIGH,5,r05-t010-8659f30b,1789122076139418822,1789122076551422796,0.0,405,0,0.0,False,False,False,False
B5_LOCKED_TC,BENIGN_DIVERSE_HIGH,5,r05-t011-abf7258c,1789122076565570341,1789122076948735075,0.0,405,0,0.0,False,False,False,False
B5_LOCKED_TC,BENIGN_DIVERSE_HIGH,5,r05-t012-017a3dd2,1789122076960108633,1789122077350705265,0.0,405,0,0.0,False,False,False,False
B5_LOCKED_TC,BENIGN_DIVERSE_HIGH,5,r05-t013-0749102d,1789122077364178991,1789122077749365087,0.0,405,0,0.0,False,False,False,False
B5_LOCKED_TC,BENIGN_DIVERSE_HIGH,5,r05-t014-0ee99cde,1789122077760563230,1789122078184825423,0.0,405,0,0.0,False,False,False,False
B5_LOCKED_TC,BENIGN_DIVERSE_HIGH,5,r05-t015-ff57ca1d,1789122078197114519,1789122078583594832,0.0,405,0,0.0,False,False,False,False
B5_LOCKED_TC,BENIGN_DIVERSE_HIGH,5,r05-t016-c608aa9c,1789122078595266467,1789122079013110142,0.0,405,0,0.0,False,False,False,False
B5_LOCKED_TC,BENIGN_DIVERSE_HIGH,5,r05-t017-c81cb0b7,1789122079024460305,1789122079441198440,0.0,405,0,0.0,False,False,False,False
B5_LOCKED_TC,BENIGN_DIVERSE_HIGH,5,r05-t018-fa86f7e3,1789122079452374513,1789122079849264353,0.0,405,0,0.0,False,False,False,False
B5_LOCKED_TC,BENIGN_DIVERSE_HIGH,5,r05-t019-8b7923f4,1789122079860663960,1789122080270896626,0.0,405,0,0.0,False,False,False,False
B5_LOCKED_TC,BENIGN_DIVERSE_HIGH,5,r05-t020-205ee6a7,1789122080283766338,1789122080669519791,0.0,405,0,0.0,False,False,False,False
B5_LOCKED_TC,BENIGN_DIVERSE_HIGH,5,r05-t021-1556c840,1789122081405913833,1789122081793505275,0.0,326,0,0.0,False,False,False,False
B5_LOCKED_TC,BENIGN_DIVERSE_HIGH,5,r05-t022-dd57d99c,1789122082820175773,1789122083226643711,0.0,90,0,0.0,False,False,False,False
B5_LOCKED_TC,BENIGN_DIVERSE_HIGH,5,r05-t023-af663d47,1789122083237506175,1789122083625437273,0.0,97,0,0.0,False,False,False,False
B5_LOCKED_TC,BENIGN_DIVERSE_HIGH,5,r05-t024-7896ffbe,1789122083636340182,1789122084013218055,0.0,178,0,0.0,False,False,False,False
B5_LOCKED_TC,BENIGN_DIVERSE_HIGH,5,r05-t025-5d8e6b1a,1789122084024457401,1789122084430964425,0.0,207,0,0.0,False,False,False,False
B5_LOCKED_TC,BENIGN_DIVERSE_HIGH,5,r05-t026-435f2379,1789122084442582874,1789122084832419812,0.0,291,0,0.0,False,False,False,False
B5_LOCKED_TC,BENIGN_DIVERSE_HIGH,5,r05-t027-de1babb4,1789122084844167828,1789122085242533556,0.0,373,0,0.0,False,False,False,False
B5_LOCKED_TC,BENIGN_DIVERSE_HIGH,5,r05-t028-a57742f4,1789122085254837046,1789122085639369546,0.0,405,0,0.0,False,False,False,False
B5_LOCKED_TC,BENIGN_DIVERSE_HIGH,5,r05-t029-f86df3b6,1789122085650955153,1789122086050858117,0.0,405,0,0.0,False,False,False,False
B5_LOCKED_TC,BENIGN_DIVERSE_HIGH,5,r05-t030-5b838362,1789122086063562741,1789122086461777735,0.0,405,0,0.0,False,False,False,False
B5_LOCKED_TC,BENIGN_DIVERSE_HIGH,5,r05-t031-b70750d7,1789122086474179942,1789122086903638563,0.0,405,0,0.0,False,False,False,False
B5_LOCKED_TC,BENIGN_DIVERSE_HIGH,5,r05-t032-454128ae,1789122086915197117,1789122087286638857,0.0,405,0,0.0,False,False,False,False
B5_LOCKED_TC,BENIGN_DIVERSE_HIGH,5,r05-t033-c84d8a97,1789122087298783546,1789122087679022036,0.0,405,0,0.0,False,False,False,False
B5_LOCKED_TC,BENIGN_DIVERSE_HIGH,5,r05-t034-f1aa3d7b,1789122087691006119,1789122088050859119,0.0,405,0,0.0,False,False,False,False
B5_LOCKED_TC,BENIGN_DIVERSE_HIGH,5,r05-t035-9b4b995b,1789122088061914785,1789122088454756903,0.0,405,0,0.0,False,False,False,False
B5_LOCKED_TC,BENIGN_DIVERSE_HIGH,5,r05-t036-7b616a15,1789122088466630784,1789122088843103402,0.0,405,0,0.0,False,False,False,False
B5_LOCKED_TC,BENIGN_DIVERSE_HIGH,5,r05-t037-0717421f,1789122088854907609,1789122089253159433,0.0,405,0,0.0,False,False,False,False
B5_LOCKED_TC,BENIGN_DIVERSE_HIGH,5,r05-t038-4ba4ed26,1789122089263778086,1789122089650719382,0.0,405,0,0.0,False,False,False,False
B5_LOCKED_TC,BENIGN_DIVERSE_HIGH,5,r05-t039-2c4b31fd,1789122089664506383,1789122090058021393,0.0,405,0,0.0,False,False,False,False
B5_LOCKED_TC,BENIGN_DIVERSE_HIGH,5,r05-t040-a0e98198,1789122090068932304,1789122090500987188,0.0,405,0,0.0,False,False,False,False
B5_LOCKED_TC,BENIGN_DIVERSE_HIGH,5,r05-t041-7d7b5e35,1789122090512869328,1789122090912016725,0.0,405,0,0.0,False,False,False,False
B5_LOCKED_TC,BENIGN_DIVERSE_HIGH,5,r05-t042-3e7df690,1789122090922805475,1789122091291767229,0.0,405,0,0.0,False,False,False,False
B5_LOCKED_TC,BENIGN_DIVERSE_HIGH,5,r05-t043-53fa26f5,1789122091303076523,1789122091673517517,0.0,405,0,0.0,False,False,False,False
B5_LOCKED_TC,BENIGN_DIVERSE_HIGH,5,r05-t044-a314ea1d,1789122091685993280,1789122092086078177,0.0,405,0,0.0,False,False,False,False
B5_LOCKED_TC,BENIGN_DIVERSE_HIGH,5,r05-t045-852af0aa,1789122092097298098,1789122092484025184,0.0,405,0,0.0,False,False,False,False
B5_LOCKED_TC,BENIGN_DIVERSE_HIGH,5,r05-t046-3cb08e58,1789122092495964472,1789122092894546745,0.0,405,0,0.0,False,False,False,False
B5_LOCKED_TC,BENIGN_DIVERSE_HIGH,5,r05-t047-56e6382e,1789122092905958147,1789122093271236491,0.0,405,0,0.0,False,False,False,False
B5_LOCKED_TC,BENIGN_DIVERSE_HIGH,5,r05-t048-5af012da,1789122093282146852,1789122093653146525,0.0,405,0,0.0,False,False,False,False
B5_LOCKED_TC,BENIGN_DIVERSE_HIGH,5,r05-t049-97f6b1eb,1789122093664841675,1789122094040283980,0.0,405,0,0.0,False,False,False,False
B5_LOCKED_TC,ATTACK_DIVERSE_MODERATE,5,r05-t000-2bdb5569,1789122106293762032,1789122106442041608,0.0,24,0,0.0,False,False,False,False
B5_LOCKED_TC,ATTACK_DIVERSE_MODERATE,5,r05-t001-cfc3f8c4,1789122106452557261,1789122106735887095,0.0,25,0,0.0,False,False,False,False
B5_LOCKED_TC,ATTACK_DIVERSE_MODERATE,5,r05-t002-35685d5d,1789122106746912580,1789122107079840961,0.0,26,0,0.0,False,False,False,False
B5_LOCKED_TC,ATTACK_DIVERSE_MODERATE,5,r05-t003-9a65af0c,1789122107090744225,1789122107421249532,0.0,27,0,0.0,False,False,False,False
B5_LOCKED_TC,ATTACK_DIVERSE_MODERATE,5,r05-t004-49e89d7a,1789122107433230316,1789122107752171519,0.0,28,0,0.0,False,False,False,False
B5_LOCKED_TC,ATTACK_DIVERSE_MODERATE,5,r05-t005-399cf0f3,1789122107763223339,1789122108119696853,0.0,29,0,0.0,False,False,False,False
B5_LOCKED_TC,ATTACK_DIVERSE_MODERATE,5,r05-t006-a1577f43,1789122108130832124,1789122108436704666,0.0,30,0,0.0,False,False,False,False
B5_LOCKED_TC,ATTACK_DIVERSE_MODERATE,5,r05-t007-f4ce603d,1789122108447438798,1789122108780527970,0.0,30,0,0.0,False,False,False,False
B5_LOCKED_TC,ATTACK_DIVERSE_MODERATE,5,r05-t008-9b1d746f,1789122108791216160,1789122109116482830,0.0,30,0,0.0,False,False,False,False
B5_LOCKED_TC,ATTACK_DIVERSE_MODERATE,5,r05-t009-8f307c73,1789122109127858917,1789122109448680591,0.0,30,0,0.0,False,False,False,False
B5_LOCKED_TC,ATTACK_DIVERSE_MODERATE,5,r05-t010-83d3cb19,1789122109461035323,1789122109789443144,0.0,30,0,0.0,False,False,False,False
B5_LOCKED_TC,ATTACK_DIVERSE_MODERATE,5,r05-t011-b452f926,1789122109799871816,1789122110095667180,0.0,30,0,0.0,False,False,False,False
B5_LOCKED_TC,ATTACK_DIVERSE_MODERATE,5,r05-t012-b43ead6b,1789122110107132685,1789122110455574407,0.0,30,0,0.0,False,False,False,False
B5_LOCKED_TC,ATTACK_DIVERSE_MODERATE,5,r05-t013-b23bbb31,1789122110469303225,1789122110772645627,0.0,30,0,0.0,False,False,False,False
B5_LOCKED_TC,ATTACK_DIVERSE_MODERATE,5,r05-t014-44f268a8,1789122110784949196,1789122111104727206,0.0,30,0,0.0,False,False,False,False
B5_LOCKED_TC,ATTACK_DIVERSE_MODERATE,5,r05-t015-021bee4f,1789122111117068932,1789122111432483294,0.0,30,0,0.0,False,False,False,False
B5_LOCKED_TC,ATTACK_DIVERSE_MODERATE,5,r05-t016-bc469660,1789122111444133610,1789122111769894823,0.0,30,0,0.0,False,False,False,False
B5_LOCKED_TC,ATTACK_DIVERSE_MODERATE,5,r05-t017-27067cdb,1789122111779939253,1789122112127747562,0.0,31,0,0.0,False,False,False,False
B5_LOCKED_TC,ATTACK_DIVERSE_MODERATE,5,r05-t018-628154e9,1789122112137720612,1789122112438734014,0.0,30,0,0.0,False,False,False,False
B5_LOCKED_TC,ATTACK_DIVERSE_MODERATE,5,r05-t019-cd899f8c,1789122113186678558,1789122113505867673,0.0,23,0,0.0,False,False,False,False
B5_LOCKED_TC,ATTACK_DIVERSE_MODERATE,5,r05-t020-d7c0f712,1789122114525131955,1789122114819371171,0.0,7,0,0.0,False,False,False,False
B5_LOCKED_TC,ATTACK_DIVERSE_MODERATE,5,r05-t021-c75a2a52,1789122114829891730,1789122115163134580,0.0,6,0,0.0,False,False,False,False
B5_LOCKED_TC,ATTACK_DIVERSE_MODERATE,5,r05-t022-319cc8cc,1789122115173344933,1789122115478416430,0.0,11,0,0.0,False,False,False,False
B5_LOCKED_TC,ATTACK_DIVERSE_MODERATE,5,r05-t023-d0ee8921,1789122115489319239,1789122115833442780,0.0,16,0,0.0,False,False,False,False
B5_LOCKED_TC,ATTACK_DIVERSE_MODERATE,5,r05-t024-5cfe98a4,1789122115845166472,1789122116161524450,0.0,17,0,0.0,False,False,False,False
B5_LOCKED_TC,ATTACK_DIVERSE_MODERATE,5,r05-t025-685e5b61,1789122116171989954,1789122116484686895,0.0,22,0,0.0,False,False,False,False
B5_LOCKED_TC,ATTACK_DIVERSE_MODERATE,5,r05-t026-37845849,1789122116496382584,1789122116787772534,0.0,27,0,0.0,False,False,False,False
B5_LOCKED_TC,ATTACK_DIVERSE_MODERATE,5,r05-t027-017c989a,1789122116798070691,1789122117139129019,0.0,31,0,0.0,False,False,False,False
B5_LOCKED_TC,ATTACK_DIVERSE_MODERATE,5,r05-t028-ec8c75dc,1789122117148885171,1789122117475767694,0.0,31,0,0.0,False,False,False,False
B5_LOCKED_TC,ATTACK_DIVERSE_MODERATE,5,r05-t029-36f877f1,1789122117487976626,1789122117820046813,0.0,30,0,0.0,False,False,False,False
B5_LOCKED_TC,ATTACK_DIVERSE_MODERATE,5,r05-t030-0f70f6b5,1789122117829891718,1789122118158866869,0.0,30,0,0.0,False,False,False,False
B5_LOCKED_TC,ATTACK_DIVERSE_MODERATE,5,r05-t031-002fe2d5,1789122118169665118,1789122118489205332,0.0,30,0,0.0,False,False,False,False
B5_LOCKED_TC,ATTACK_DIVERSE_MODERATE,5,r05-t032-b9ad69fa,1789122118502019371,1789122118793133488,0.0,30,0,0.0,False,False,False,False
B5_LOCKED_TC,ATTACK_DIVERSE_MODERATE,5,r05-t033-6daa5100,1789122118803786987,1789122119124166663,0.0,30,0,0.0,False,False,False,False
B5_LOCKED_TC,ATTACK_DIVERSE_MODERATE,5,r05-t034-558c99a6,1789122119134576504,1789122119471954431,0.0,30,0,0.0,False,False,False,False
B5_LOCKED_TC,ATTACK_DIVERSE_MODERATE,5,r05-t035-e6f62abc,1789122119483063636,1789122119777556102,0.0,30,0,0.0,False,False,False,False
B5_LOCKED_TC,ATTACK_DIVERSE_MODERATE,5,r05-t036-26afb429,1789122119788180840,1789122120114486203,0.0,31,0,0.0,False,False,False,False
B5_LOCKED_TC,ATTACK_DIVERSE_MODERATE,5,r05-t037-adcd5f41,1789122120125115117,1789122120417345574,0.0,31,0,0.0,False,False,False,False
B5_LOCKED_TC,ATTACK_DIVERSE_MODERATE,5,r05-t038-e432276c,1789122120427268672,1789122120757782165,0.0,31,0,0.0,False,False,False,False
B5_LOCKED_TC,ATTACK_DIVERSE_MODERATE,5,r05-t039-e0e92826,1789122120767950249,1789122121114301706,0.0,31,0,0.0,False,False,False,False
B5_LOCKED_TC,ATTACK_DIVERSE_MODERATE,5,r05-t040-964055b0,1789122121125097012,1789122121462432132,0.0,30,0,0.0,False,False,False,False
B5_LOCKED_TC,ATTACK_DIVERSE_MODERATE,5,r05-t041-cfe5c9fd,1789122121473453442,1789122121770500269,0.0,30,0,0.0,False,False,False,False
B5_LOCKED_TC,ATTACK_DIVERSE_MODERATE,5,r05-t042-ddf989bc,1789122121781809845,1789122122110152925,0.0,30,0,0.0,False,False,False,False
B5_LOCKED_TC,ATTACK_DIVERSE_MODERATE,5,r05-t043-f2a6a421,1789122122120816485,1789122122450153840,0.0,30,0,0.0,False,False,False,False
B5_LOCKED_TC,ATTACK_DIVERSE_MODERATE,5,r05-t044-108fc2cd,1789122122461731372,1789122122786827184,0.0,30,0,0.0,False,False,False,False
B5_LOCKED_TC,ATTACK_DIVERSE_MODERATE,5,r05-t045-41b6cf16,1789122122798841724,1789122123123378749,0.0,30,0,0.0,False,False,False,False
B5_LOCKED_TC,ATTACK_DIVERSE_MODERATE,5,r05-t046-56a77b89,1789122123133754610,1789122123449789567,0.0,30,0,0.0,False,False,False,False
B5_LOCKED_TC,ATTACK_DIVERSE_MODERATE,5,r05-t047-dadd5017,1789122123460851501,1789122123814073183,0.0,30,0,0.0,False,False,False,False
B5_LOCKED_TC,ATTACK_DIVERSE_MODERATE,5,r05-t048-adeb688c,1789122123825561018,1789122124129863344,0.0,30,0,0.0,False,False,False,False
B5_LOCKED_TC,ATTACK_DIVERSE_MODERATE,5,r05-t049-c7158cf0,1789122124140341148,1789122124442339130,0.0,30,0,0.0,False,False,False,False
B5_LOCKED_TC,BENIGN_DIVERSE_MODERATE,5,r05-t000-2bdb5569,1789122135093641313,1789122135461175326,0.0,24,0,0.0,False,False,False,False
B5_LOCKED_TC,BENIGN_DIVERSE_MODERATE,5,r05-t001-cfc3f8c4,1789122135473183331,1789122135802824491,0.0,25,0,0.0,False,False,False,False
B5_LOCKED_TC,BENIGN_DIVERSE_MODERATE,5,r05-t002-35685d5d,1789122135813171451,1789122136147809705,0.0,26,0,0.0,False,False,False,False
B5_LOCKED_TC,BENIGN_DIVERSE_MODERATE,5,r05-t003-9a65af0c,1789122136158355782,1789122136514930862,0.0,27,0,0.0,False,False,False,False
B5_LOCKED_TC,BENIGN_DIVERSE_MODERATE,5,r05-t004-49e89d7a,1789122136525917244,1789122136854540271,0.0,28,0,0.0,False,False,False,False
B5_LOCKED_TC,BENIGN_DIVERSE_MODERATE,5,r05-t005-399cf0f3,1789122136864784229,1789122137195083676,0.0,29,0,0.0,False,False,False,False
B5_LOCKED_TC,BENIGN_DIVERSE_MODERATE,5,r05-t006-a1577f43,1789122137205707193,1789122137556976551,0.0,30,0,0.0,False,False,False,False
B5_LOCKED_TC,BENIGN_DIVERSE_MODERATE,5,r05-t007-f4ce603d,1789122137569515694,1789122137925199695,0.0,30,0,0.0,False,False,False,False
B5_LOCKED_TC,BENIGN_DIVERSE_MODERATE,5,r05-t008-9b1d746f,1789122137936866341,1789122138267028924,0.0,30,0,0.0,False,False,False,False
B5_LOCKED_TC,BENIGN_DIVERSE_MODERATE,5,r05-t009-8f307c73,1789122138277746388,1789122138626848370,0.0,30,0,0.0,False,False,False,False
B5_LOCKED_TC,BENIGN_DIVERSE_MODERATE,5,r05-t010-83d3cb19,1789122138638356740,1789122138997167392,0.0,30,0,0.0,False,False,False,False
B5_LOCKED_TC,BENIGN_DIVERSE_MODERATE,5,r05-t011-b452f926,1789122139008569459,1789122139341019021,0.0,30,0,0.0,False,False,False,False
B5_LOCKED_TC,BENIGN_DIVERSE_MODERATE,5,r05-t012-b43ead6b,1789122139351223834,1789122139673642326,0.0,30,0,0.0,False,False,False,False
B5_LOCKED_TC,BENIGN_DIVERSE_MODERATE,5,r05-t013-b23bbb31,1789122139684873289,1789122140009781462,0.0,30,0,0.0,False,False,False,False
B5_LOCKED_TC,BENIGN_DIVERSE_MODERATE,5,r05-t014-44f268a8,1789122140021531398,1789122140375233842,0.0,30,0,0.0,False,False,False,False
B5_LOCKED_TC,BENIGN_DIVERSE_MODERATE,5,r05-t015-021bee4f,1789122140386193246,1789122140738941131,0.0,30,0,0.0,False,False,False,False
B5_LOCKED_TC,BENIGN_DIVERSE_MODERATE,5,r05-t016-bc469660,1789122140749318558,1789122141091882099,0.0,30,0,0.0,False,False,False,False
B5_LOCKED_TC,BENIGN_DIVERSE_MODERATE,5,r05-t017-27067cdb,1789122141102988083,1789122141444252123,0.0,30,0,0.0,False,False,False,False
B5_LOCKED_TC,BENIGN_DIVERSE_MODERATE,5,r05-t018-628154e9,1789122141454413358,1789122141765810191,0.0,30,0,0.0,False,False,False,False
B5_LOCKED_TC,BENIGN_DIVERSE_MODERATE,5,r05-t019-cd899f8c,1789122141775914081,1789122142109824331,0.0,30,0,0.0,False,False,False,False
B5_LOCKED_TC,BENIGN_DIVERSE_MODERATE,5,r05-t020-d7c0f712,1789122142120273505,1789122142482819605,0.0,30,0,0.0,False,False,False,False
B5_LOCKED_TC,BENIGN_DIVERSE_MODERATE,5,r05-t021-c75a2a52,1789122142492972161,1789122142826914422,0.0,30,0,0.0,False,False,False,False
B5_LOCKED_TC,BENIGN_DIVERSE_MODERATE,5,r05-t022-319cc8cc,1789122142839020188,1789122143186114586,0.0,29,0,0.0,False,False,False,False
B5_LOCKED_TC,BENIGN_DIVERSE_MODERATE,5,r05-t023-d0ee8921,1789122143197249065,1789122143528073572,0.0,30,0,0.0,False,False,False,False
B5_LOCKED_TC,BENIGN_DIVERSE_MODERATE,5,r05-t024-5cfe98a4,1789122143538536889,1789122143875977900,0.0,30,0,0.0,False,False,False,False
B5_LOCKED_TC,BENIGN_DIVERSE_MODERATE,5,r05-t025-685e5b61,1789122143887114846,1789122144240984923,0.0,30,0,0.0,False,False,False,False
B5_LOCKED_TC,BENIGN_DIVERSE_MODERATE,5,r05-t026-37845849,1789122144957140473,1789122145297918306,0.0,23,0,0.0,False,False,False,False
B5_LOCKED_TC,BENIGN_DIVERSE_MODERATE,5,r05-t027-017c989a,1789122146321333722,1789122146685091727,0.0,6,0,0.0,False,False,False,False
B5_LOCKED_TC,BENIGN_DIVERSE_MODERATE,5,r05-t028-ec8c75dc,1789122146696066742,1789122147039428322,0.0,7,0,0.0,False,False,False,False
B5_LOCKED_TC,BENIGN_DIVERSE_MODERATE,5,r05-t029-36f877f1,1789122147049474193,1789122147397862410,0.0,12,0,0.0,False,False,False,False
B5_LOCKED_TC,BENIGN_DIVERSE_MODERATE,5,r05-t030-0f70f6b5,1789122147409116293,1789122147764620089,0.0,15,0,0.0,False,False,False,False
B5_LOCKED_TC,BENIGN_DIVERSE_MODERATE,5,r05-t031-002fe2d5,1789122147774442998,1789122148137496051,0.0,20,0,0.0,False,False,False,False
B5_LOCKED_TC,BENIGN_DIVERSE_MODERATE,5,r05-t032-b9ad69fa,1789122148149337474,1789122148481307635,0.0,26,0,0.0,False,False,False,False
B5_LOCKED_TC,BENIGN_DIVERSE_MODERATE,5,r05-t033-6daa5100,1789122148493951490,1789122148848951085,0.0,30,0,0.0,False,False,False,False
B5_LOCKED_TC,BENIGN_DIVERSE_MODERATE,5,r05-t034-558c99a6,1789122148861109911,1789122149199484910,0.0,30,0,0.0,False,False,False,False
B5_LOCKED_TC,BENIGN_DIVERSE_MODERATE,5,r05-t035-e6f62abc,1789122149209985624,1789122149563948531,0.0,30,0,0.0,False,False,False,False
B5_LOCKED_TC,BENIGN_DIVERSE_MODERATE,5,r05-t036-26afb429,1789122149574434153,1789122149916658432,0.0,30,0,0.0,False,False,False,False
B5_LOCKED_TC,BENIGN_DIVERSE_MODERATE,5,r05-t037-adcd5f41,1789122149926664436,1789122150273111876,0.0,30,0,0.0,False,False,False,False
B5_LOCKED_TC,BENIGN_DIVERSE_MODERATE,5,r05-t038-e432276c,1789122150283935689,1789122150615699974,0.0,30,0,0.0,False,False,False,False
B5_LOCKED_TC,BENIGN_DIVERSE_MODERATE,5,r05-t039-e0e92826,1789122150626329681,1789122150954271167,0.0,30,0,0.0,False,False,False,False
B5_LOCKED_TC,BENIGN_DIVERSE_MODERATE,5,r05-t040-964055b0,1789122150965062425,1789122151305259458,0.0,30,0,0.0,False,False,False,False
B5_LOCKED_TC,BENIGN_DIVERSE_MODERATE,5,r05-t041-cfe5c9fd,1789122151318335281,1789122151654472914,0.0,30,0,0.0,False,False,False,False
B5_LOCKED_TC,BENIGN_DIVERSE_MODERATE,5,r05-t042-ddf989bc,1789122151665742190,1789122152025416266,0.0,30,0,0.0,False,False,False,False
B5_LOCKED_TC,BENIGN_DIVERSE_MODERATE,5,r05-t043-f2a6a421,1789122152036689902,1789122152370392124,0.0,30,0,0.0,False,False,False,False
B5_LOCKED_TC,BENIGN_DIVERSE_MODERATE,5,r05-t044-108fc2cd,1789122152381170413,1789122152728650228,0.0,30,0,0.0,False,False,False,False
B5_LOCKED_TC,BENIGN_DIVERSE_MODERATE,5,r05-t045-41b6cf16,1789122152738954598,1789122153101553354,0.0,30,0,0.0,False,False,False,False
B5_LOCKED_TC,BENIGN_DIVERSE_MODERATE,5,r05-t046-56a77b89,1789122153111909495,1789122153455558893,0.0,30,0,0.0,False,False,False,False
B5_LOCKED_TC,BENIGN_DIVERSE_MODERATE,5,r05-t047-dadd5017,1789122153466004927,1789122153806057928,0.0,30,0,0.0,False,False,False,False
B5_LOCKED_TC,BENIGN_DIVERSE_MODERATE,5,r05-t048-adeb688c,1789122153818806041,1789122154144690214,0.0,30,0,0.0,False,False,False,False
B5_LOCKED_TC,BENIGN_DIVERSE_MODERATE,5,r05-t049-c7158cf0,1789122154154358898,1789122154509755662,0.0,30,0,0.0,False,False,False,False
B5_LOCKED_TC,ATTACK_DIVERSE_HIGH,5,r05-t000-d7e76f99,1789122166513000561,1789122166814529596,0.0,400,0,0.0,False,False,False,False
B5_LOCKED_TC,ATTACK_DIVERSE_HIGH,5,r05-t001-fa7a42d9,1789122166825856898,1789122167062075813,0.0,401,0,0.0,False,False,False,False
B5_LOCKED_TC,ATTACK_DIVERSE_HIGH,5,r05-t002-25ffda75,1789122167073798095,1789122167437256652,0.0,402,0,0.0,False,False,False,False
B5_LOCKED_TC,ATTACK_DIVERSE_HIGH,5,r05-t003-204e1b81,1789122167449355859,1789122167796362034,0.0,403,0,0.0,False,False,False,False
B5_LOCKED_TC,ATTACK_DIVERSE_HIGH,5,r05-t004-453f4a53,1789122167807351871,1789122168156170875,0.0,404,0,0.0,False,False,False,False
B5_LOCKED_TC,ATTACK_DIVERSE_HIGH,5,r05-t005-d511c492,1789122168167669729,1789122168474765913,0.0,405,0,0.0,False,False,False,False
B5_LOCKED_TC,ATTACK_DIVERSE_HIGH,5,r05-t006-9aec91cd,1789122168486711638,1789122168807596742,0.0,406,0,0.0,False,False,False,False
B5_LOCKED_TC,ATTACK_DIVERSE_HIGH,5,r05-t007-f1222bb1,1789122168818571066,1789122169158014886,0.0,406,0,0.0,False,False,False,False
B5_LOCKED_TC,ATTACK_DIVERSE_HIGH,5,r05-t008-70caa7ca,1789122169169098939,1789122169506343032,0.0,406,0,0.0,False,False,False,False
B5_LOCKED_TC,ATTACK_DIVERSE_HIGH,5,r05-t009-16394443,1789122169517759684,1789122169861843798,0.0,406,0,0.0,False,False,False,False
B5_LOCKED_TC,ATTACK_DIVERSE_HIGH,5,r05-t010-8659f30b,1789122169873397613,1789122170203032246,0.0,406,0,0.0,False,False,False,False
B5_LOCKED_TC,ATTACK_DIVERSE_HIGH,5,r05-t011-abf7258c,1789122170214354207,1789122170547570041,0.0,406,0,0.0,False,False,False,False
B5_LOCKED_TC,ATTACK_DIVERSE_HIGH,5,r05-t012-017a3dd2,1789122170558879325,1789122170889118423,0.0,406,0,0.0,False,False,False,False
B5_LOCKED_TC,ATTACK_DIVERSE_HIGH,5,r05-t013-0749102d,1789122170899914150,1789122171236035678,0.0,406,0,0.0,False,False,False,False
B5_LOCKED_TC,ATTACK_DIVERSE_HIGH,5,r05-t014-0ee99cde,1789122171247135339,1789122171583078837,0.0,406,0,0.0,False,False,False,False
B5_LOCKED_TC,ATTACK_DIVERSE_HIGH,5,r05-t015-ff57ca1d,1789122171594230337,1789122171922522280,0.0,406,0,0.0,False,False,False,False
B5_LOCKED_TC,ATTACK_DIVERSE_HIGH,5,r05-t016-c608aa9c,1789122171933405980,1789122172279177301,0.0,406,0,0.0,False,False,False,False
B5_LOCKED_TC,ATTACK_DIVERSE_HIGH,5,r05-t017-c81cb0b7,1789122172290039149,1789122172647676167,0.0,406,0,0.0,False,False,False,False
B5_LOCKED_TC,ATTACK_DIVERSE_HIGH,5,r05-t018-fa86f7e3,1789122172659151942,1789122172977813387,0.0,406,0,0.0,False,False,False,False
B5_LOCKED_TC,ATTACK_DIVERSE_HIGH,5,r05-t019-8b7923f4,1789122172988640233,1789122173314496338,0.0,406,0,0.0,False,False,False,False
B5_LOCKED_TC,ATTACK_DIVERSE_HIGH,5,r05-t020-205ee6a7,1789122173325990086,1789122173662509956,0.0,406,0,0.0,False,False,False,False
B5_LOCKED_TC,ATTACK_DIVERSE_HIGH,5,r05-t021-1556c840,1789122173674175677,1789122174021356757,0.0,406,0,0.0,False,False,False,False
B5_LOCKED_TC,ATTACK_DIVERSE_HIGH,5,r05-t022-dd57d99c,1789122174032085982,1789122174358380349,0.0,406,0,0.0,False,False,False,False
B5_LOCKED_TC,ATTACK_DIVERSE_HIGH,5,r05-t023-af663d47,1789122174369696540,1789122174701952228,0.0,406,0,0.0,False,False,False,False
B5_LOCKED_TC,ATTACK_DIVERSE_HIGH,5,r05-t024-7896ffbe,1789122174713715573,1789122175028949346,0.0,406,0,0.0,False,False,False,False
B5_LOCKED_TC,ATTACK_DIVERSE_HIGH,5,r05-t025-5d8e6b1a,1789122175043071715,1789122175413148248,0.0,406,0,0.0,False,False,False,False
B5_LOCKED_TC,ATTACK_DIVERSE_HIGH,5,r05-t026-435f2379,1789122175424635373,1789122175709592764,0.0,406,0,0.0,False,False,False,False
B5_LOCKED_TC,ATTACK_DIVERSE_HIGH,5,r05-t027-de1babb4,1789122175721856752,1789122176059340191,0.0,406,0,0.0,False,False,False,False
B5_LOCKED_TC,ATTACK_DIVERSE_HIGH,5,r05-t028-a57742f4,1789122176738321513,1789122177072619834,0.0,302,0,0.0,False,False,False,False
B5_LOCKED_TC,ATTACK_DIVERSE_HIGH,5,r05-t029-f86df3b6,1789122178097251257,1789122178461066411,0.0,79,0,0.0,False,False,False,False
B5_LOCKED_TC,ATTACK_DIVERSE_HIGH,5,r05-t030-5b838362,1789122178472333560,1789122178799045381,0.0,115,0,0.0,False,False,False,False
B5_LOCKED_TC,ATTACK_DIVERSE_HIGH,5,r05-t031-b70750d7,1789122178810830805,1789122179125880514,0.0,184,0,0.0,False,False,False,False
B5_LOCKED_TC,ATTACK_DIVERSE_HIGH,5,r05-t032-454128ae,1789122179139142105,1789122179486727038,0.0,200,0,0.0,False,False,False,False
B5_LOCKED_TC,ATTACK_DIVERSE_HIGH,5,r05-t033-c84d8a97,1789122179497494769,1789122179818539558,0.0,270,0,0.0,False,False,False,False
B5_LOCKED_TC,ATTACK_DIVERSE_HIGH,5,r05-t034-f1aa3d7b,1789122179829997316,1789122180176513562,0.0,337,0,0.0,False,False,False,False
B5_LOCKED_TC,ATTACK_DIVERSE_HIGH,5,r05-t035-9b4b995b,1789122180188487038,1789122180578311736,0.0,406,0,0.0,False,False,False,False
B5_LOCKED_TC,ATTACK_DIVERSE_HIGH,5,r05-t036-7b616a15,1789122180589493674,1789122180897791644,0.0,406,0,0.0,False,False,False,False
B5_LOCKED_TC,ATTACK_DIVERSE_HIGH,5,r05-t037-0717421f,1789122180909361341,1789122181261852856,0.0,406,0,0.0,False,False,False,False
B5_LOCKED_TC,ATTACK_DIVERSE_HIGH,5,r05-t038-4ba4ed26,1789122181272980860,1789122181647708385,0.0,406,0,0.0,False,False,False,False
B5_LOCKED_TC,ATTACK_DIVERSE_HIGH,5,r05-t039-2c4b31fd,1789122181659235904,1789122181995976048,0.0,406,0,0.0,False,False,False,False
B5_LOCKED_TC,ATTACK_DIVERSE_HIGH,5,r05-t040-a0e98198,1789122182007480250,1789122182268297951,0.0,406,0,0.0,False,False,False,False
B5_LOCKED_TC,ATTACK_DIVERSE_HIGH,5,r05-t041-7d7b5e35,1789122182279612774,1789122182677208991,0.0,406,0,0.0,False,False,False,False
B5_LOCKED_TC,ATTACK_DIVERSE_HIGH,5,r05-t042-3e7df690,1789122182688371875,1789122183038450667,0.0,406,0,0.0,False,False,False,False
B5_LOCKED_TC,ATTACK_DIVERSE_HIGH,5,r05-t043-53fa26f5,1789122183051313501,1789122183369093365,0.0,406,0,0.0,False,False,False,False
B5_LOCKED_TC,ATTACK_DIVERSE_HIGH,5,r05-t044-a314ea1d,1789122183381224846,1789122183750641157,0.0,406,0,0.0,False,False,False,False
B5_LOCKED_TC,ATTACK_DIVERSE_HIGH,5,r05-t045-852af0aa,1789122183762047447,1789122184080259715,0.0,406,0,0.0,False,False,False,False
B5_LOCKED_TC,ATTACK_DIVERSE_HIGH,5,r05-t046-3cb08e58,1789122184092634602,1789122184440384649,0.0,406,0,0.0,False,False,False,False
B5_LOCKED_TC,ATTACK_DIVERSE_HIGH,5,r05-t047-56e6382e,1789122184451950081,1789122184762910246,0.0,406,0,0.0,False,False,False,False
B5_LOCKED_TC,ATTACK_DIVERSE_HIGH,5,r05-t048-5af012da,1789122184774843913,1789122185122915846,0.0,406,0,0.0,False,False,False,False
B5_LOCKED_TC,ATTACK_DIVERSE_HIGH,5,r05-t049-97f6b1eb,1789122185134887141,1789122185485897831,0.0,405,0,0.0,False,False,False,False
B0_OFF,BENIGN_DIVERSE_HIGH,6,r06-t000-aa8088a2,1789122198949094815,1789122199682062543,0.0,400,0,0.0,False,False,False,False
B0_OFF,BENIGN_DIVERSE_HIGH,6,r06-t001-b67a9cef,1789122199693929939,1789122200044910539,0.0,402,0,0.0,False,False,False,False
B0_OFF,BENIGN_DIVERSE_HIGH,6,r06-t002-175e360b,1789122200057073748,1789122200393027844,0.0,403,0,0.0,False,False,False,False
B0_OFF,BENIGN_DIVERSE_HIGH,6,r06-t003-d7aaecd1,1789122200404560117,1789122200738322672,0.0,404,0,0.0,False,False,False,False
B0_OFF,BENIGN_DIVERSE_HIGH,6,r06-t004-25401628,1789122200749321859,1789122201103607211,0.0,405,0,0.0,False,False,False,False
B0_OFF,BENIGN_DIVERSE_HIGH,6,r06-t005-ef52da1e,1789122201115777209,1789122201462377154,0.0,405,0,0.0,False,False,False,False
B0_OFF,BENIGN_DIVERSE_HIGH,6,r06-t006-3a4b5758,1789122201474501153,1789122201819097609,0.0,406,0,0.0,False,False,False,False
B0_OFF,BENIGN_DIVERSE_HIGH,6,r06-t007-54356fb6,1789122201830530029,1789122202166778655,0.0,406,0,0.0,False,False,False,False
B0_OFF,BENIGN_DIVERSE_HIGH,6,r06-t008-2bf94a0a,1789122202179031385,1789122202498645826,0.0,406,0,0.0,False,False,False,False
B0_OFF,BENIGN_DIVERSE_HIGH,6,r06-t009-f10f9e82,1789122202510015065,1789122202845832792,0.0,406,0,0.0,False,False,False,False
B0_OFF,BENIGN_DIVERSE_HIGH,6,r06-t010-2998fbd5,1789122202857529777,1789122203194954590,0.0,406,0,0.0,False,False,False,False
B0_OFF,BENIGN_DIVERSE_HIGH,6,r06-t011-d089f060,1789122203208847179,1789122203539395130,0.0,406,0,0.0,False,False,False,False
B0_OFF,BENIGN_DIVERSE_HIGH,6,r06-t012-13d57a8f,1789122203550072411,1789122203916496386,0.0,406,0,0.0,False,False,False,False
B0_OFF,BENIGN_DIVERSE_HIGH,6,r06-t013-7feedcad,1789122203928408583,1789122204293933722,0.0,406,0,0.0,False,False,False,False
B0_OFF,BENIGN_DIVERSE_HIGH,6,r06-t014-b93676a3,1789122204306316886,1789122204642667056,0.0,406,0,0.0,False,False,False,False
B0_OFF,BENIGN_DIVERSE_HIGH,6,r06-t015-a34ba3fe,1789122204653595639,1789122204988988056,0.0,406,0,0.0,False,False,False,False
B0_OFF,BENIGN_DIVERSE_HIGH,6,r06-t016-64751829,1789122205000382397,1789122205330881754,0.0,406,0,0.0,False,False,False,False
B0_OFF,BENIGN_DIVERSE_HIGH,6,r06-t017-a849d5d0,1789122205344169911,1789122205690002609,0.0,406,0,0.0,False,False,False,False
B0_OFF,BENIGN_DIVERSE_HIGH,6,r06-t018-b91c75a8,1789122205702280156,1789122206059297192,0.0,406,0,0.0,False,False,False,False
B0_OFF,BENIGN_DIVERSE_HIGH,6,r06-t019-24d41948,1789122206070623142,1789122206420237693,0.0,406,0,0.0,False,False,False,False
B0_OFF,BENIGN_DIVERSE_HIGH,6,r06-t020-21ba9f1d,1789122206431264221,1789122206763099375,0.0,406,0,0.0,False,False,False,False
B0_OFF,BENIGN_DIVERSE_HIGH,6,r06-t021-e1f33c2d,1789122206774145796,1789122207094252801,0.0,406,0,0.0,False,False,False,False
B0_OFF,BENIGN_DIVERSE_HIGH,6,r06-t022-d87ade95,1789122207106728701,1789122207435797821,0.0,406,0,0.0,False,False,False,False
B0_OFF,BENIGN_DIVERSE_HIGH,6,r06-t023-746e18fe,1789122207448470084,1789122207791007810,0.0,406,0,0.0,False,False,False,False
B0_OFF,BENIGN_DIVERSE_HIGH,6,r06-t024-95b8cf41,1789122208522003171,1789122208858923389,0.0,281,0,0.0,False,False,False,False
B0_OFF,BENIGN_DIVERSE_HIGH,6,r06-t025-fff13e3c,1789122209839087950,1789122210194272552,0.0,84,0,0.0,False,False,False,False
B0_OFF,BENIGN_DIVERSE_HIGH,6,r06-t026-92f8a6a7,1789122210207173099,1789122210548094172,0.0,124,0,0.0,False,False,False,False
B0_OFF,BENIGN_DIVERSE_HIGH,6,r06-t027-88f76b44,1789122210560183407,1789122210906945253,0.0,196,0,0.0,False,False,False,False
B0_OFF,BENIGN_DIVERSE_HIGH,6,r06-t028-f0325934,1789122210918787545,1789122211271357972,0.0,210,0,0.0,False,False,False,False
B0_OFF,BENIGN_DIVERSE_HIGH,6,r06-t029-c05404ea,1789122211282940873,1789122211607012023,0.0,272,0,0.0,False,False,False,False
B0_OFF,BENIGN_DIVERSE_HIGH,6,r06-t030-c0fa813d,1789122211618428626,1789122211953441868,0.0,340,0,0.0,False,False,False,False
B0_OFF,BENIGN_DIVERSE_HIGH,6,r06-t031-b118364b,1789122211966139424,1789122212298482164,0.0,406,0,0.0,False,False,False,False
B0_OFF,BENIGN_DIVERSE_HIGH,6,r06-t032-191d7886,1789122212310236684,1789122212630545932,0.0,406,0,0.0,False,False,False,False
B0_OFF,BENIGN_DIVERSE_HIGH,6,r06-t033-f764ef10,1789122212643196695,1789122212981385702,0.0,406,0,0.0,False,False,False,False
B0_OFF,BENIGN_DIVERSE_HIGH,6,r06-t034-831cef14,1789122212993910218,1789122213335417753,0.0,406,0,0.0,False,False,False,False
B0_OFF,BENIGN_DIVERSE_HIGH,6,r06-t035-17ccd54f,1789122213347452288,1789122213681384952,0.0,406,0,0.0,False,False,False,False
B0_OFF,BENIGN_DIVERSE_HIGH,6,r06-t036-608c5cfb,1789122213692713088,1789122214034437896,0.0,406,0,0.0,False,False,False,False
B0_OFF,BENIGN_DIVERSE_HIGH,6,r06-t037-002c4925,1789122214046009123,1789122214383609242,0.0,406,0,0.0,False,False,False,False
B0_OFF,BENIGN_DIVERSE_HIGH,6,r06-t038-da464eb7,1789122214395294753,1789122214731284540,0.0,406,0,0.0,False,False,False,False
B0_OFF,BENIGN_DIVERSE_HIGH,6,r06-t039-f683dd7b,1789122214742550219,1789122215086171260,0.0,406,0,0.0,False,False,False,False
B0_OFF,BENIGN_DIVERSE_HIGH,6,r06-t040-f8bb63aa,1789122215097966784,1789122215419465960,0.0,406,0,0.0,False,False,False,False
B0_OFF,BENIGN_DIVERSE_HIGH,6,r06-t041-da2adeef,1789122215431822468,1789122215778024406,0.0,406,0,0.0,False,False,False,False
B0_OFF,BENIGN_DIVERSE_HIGH,6,r06-t042-6da892d3,1789122215789896627,1789122216126620627,0.0,406,0,0.0,False,False,False,False
B0_OFF,BENIGN_DIVERSE_HIGH,6,r06-t043-afccbe3f,1789122216138285350,1789122216474835170,0.0,406,0,0.0,False,False,False,False
B0_OFF,BENIGN_DIVERSE_HIGH,6,r06-t044-02914889,1789122216486210387,1789122216829968969,0.0,406,0,0.0,False,False,False,False
B0_OFF,BENIGN_DIVERSE_HIGH,6,r06-t045-dccdc511,1789122216843339515,1789122217186438302,0.0,405,0,0.0,False,False,False,False
B0_OFF,BENIGN_DIVERSE_HIGH,6,r06-t046-aa6bce1c,1789122217197512334,1789122217526480734,0.0,406,0,0.0,False,False,False,False
B0_OFF,BENIGN_DIVERSE_HIGH,6,r06-t047-b28398e8,1789122217537088039,1789122217891272913,0.0,406,0,0.0,False,False,False,False
B0_OFF,BENIGN_DIVERSE_HIGH,6,r06-t048-52d101cf,1789122217902100816,1789122218229907100,0.0,406,0,0.0,False,False,False,False
B0_OFF,BENIGN_DIVERSE_HIGH,6,r06-t049-b9762869,1789122218240998787,1789122218578028148,0.0,406,0,0.0,False,False,False,False
RFC_DROP_NATIVE,BENIGN_DIVERSE_HIGH,6,r06-t000-aa8088a2,1789122231669632003,1789122233680664481,0.0,400,0,0.0,False,False,False,False
RFC_DROP_NATIVE,BENIGN_DIVERSE_HIGH,6,r06-t001-b67a9cef,1789122231676965198,1789122233687757092,0.0,400,0,0.0,False,False,False,False
RFC_DROP_NATIVE,BENIGN_DIVERSE_HIGH,6,r06-t002-175e360b,1789122231686758245,1789122233696821493,0.0,400,0,0.0,False,False,False,False
RFC_DROP_NATIVE,BENIGN_DIVERSE_HIGH,6,r06-t003-d7aaecd1,1789122231696231299,1789122233718047676,0.0,400,0,0.0,False,False,False,False
RFC_DROP_NATIVE,BENIGN_DIVERSE_HIGH,6,r06-t004-25401628,1789122231706344906,1789122233716195706,0.0,400,0,0.0,False,False,False,False
RFC_DROP_NATIVE,BENIGN_DIVERSE_HIGH,6,r06-t005-ef52da1e,1789122231716926744,1789122233727785676,0.0,400,0,0.0,False,False,False,False
RFC_DROP_NATIVE,BENIGN_DIVERSE_HIGH,6,r06-t006-3a4b5758,1789122231726756709,1789122233736306402,0.0,400,0,0.0,False,False,False,False
RFC_DROP_NATIVE,BENIGN_DIVERSE_HIGH,6,r06-t007-54356fb6,1789122231737021576,1789122233747126180,0.0,400,0,0.0,False,False,False,False
RFC_DROP_NATIVE,BENIGN_DIVERSE_HIGH,6,r06-t008-2bf94a0a,1789122231746628521,1789122233766636361,0.0,400,0,0.0,False,False,False,False
RFC_DROP_NATIVE,BENIGN_DIVERSE_HIGH,6,r06-t009-f10f9e82,1789122231756703602,1789122233777264465,0.0,400,0,0.0,False,False,False,False
RFC_DROP_NATIVE,BENIGN_DIVERSE_HIGH,6,r06-t010-2998fbd5,1789122231767062986,1789122233776102617,0.0,400,0,0.0,False,False,False,False
RFC_DROP_NATIVE,BENIGN_DIVERSE_HIGH,6,r06-t011-d089f060,1789122231776882659,1789122233787128705,0.0,400,0,0.0,False,False,False,False
RFC_DROP_NATIVE,BENIGN_DIVERSE_HIGH,6,r06-t012-13d57a8f,1789122231787216265,1789122233799463656,0.0,400,0,0.0,False,False,False,False
RFC_DROP_NATIVE,BENIGN_DIVERSE_HIGH,6,r06-t013-7feedcad,1789122231796567234,1789122233807245066,0.0,400,0,0.0,False,False,False,False
RFC_DROP_NATIVE,BENIGN_DIVERSE_HIGH,6,r06-t014-b93676a3,1789122231806839371,1789122233818284751,0.0,400,0,0.0,False,False,False,False
RFC_DROP_NATIVE,BENIGN_DIVERSE_HIGH,6,r06-t015-a34ba3fe,1789122231817174866,1789122233826084763,0.0,400,0,0.0,False,False,False,False
RFC_DROP_NATIVE,BENIGN_DIVERSE_HIGH,6,r06-t016-64751829,1789122231826889826,1789122233836114239,0.0,400,0,0.0,False,False,False,False
RFC_DROP_NATIVE,BENIGN_DIVERSE_HIGH,6,r06-t017-a849d5d0,1789122231837211914,1789122233847929309,0.0,400,0,0.0,False,False,False,False
RFC_DROP_NATIVE,BENIGN_DIVERSE_HIGH,6,r06-t018-b91c75a8,1789122231846377628,1789122233856401219,0.0,400,0,0.0,False,False,False,False
RFC_DROP_NATIVE,BENIGN_DIVERSE_HIGH,6,r06-t019-24d41948,1789122231856545337,1789122233877198638,0.0,400,0,0.0,False,False,False,False
RFC_DROP_NATIVE,BENIGN_DIVERSE_HIGH,6,r06-t020-21ba9f1d,1789122231867132652,1789122233879436128,0.0,400,0,0.0,False,False,False,False
RFC_DROP_NATIVE,BENIGN_DIVERSE_HIGH,6,r06-t021-e1f33c2d,1789122231876424419,1789122233887910494,0.0,400,0,0.0,False,False,False,False
RFC_DROP_NATIVE,BENIGN_DIVERSE_HIGH,6,r06-t022-d87ade95,1789122231887063759,1789122233898034391,0.0,400,0,0.0,False,False,False,False
RFC_DROP_NATIVE,BENIGN_DIVERSE_HIGH,6,r06-t023-746e18fe,1789122231896480351,1789122233907969070,0.0,400,0,0.0,False,False,False,False
RFC_DROP_NATIVE,BENIGN_DIVERSE_HIGH,6,r06-t024-95b8cf41,1789122231906528051,1789122233917952280,0.0,400,0,0.0,False,False,False,False
RFC_DROP_NATIVE,BENIGN_DIVERSE_HIGH,6,r06-t025-fff13e3c,1789122231916995073,1789122233927979490,0.0,400,0,0.0,False,False,False,False
RFC_DROP_NATIVE,BENIGN_DIVERSE_HIGH,6,r06-t026-92f8a6a7,1789122231926864318,1789122233938981691,0.0,400,0,0.0,False,False,False,False
RFC_DROP_NATIVE,BENIGN_DIVERSE_HIGH,6,r06-t027-88f76b44,1789122231936657270,1789122233947884160,0.0,400,0,0.0,False,False,False,False
RFC_DROP_NATIVE,BENIGN_DIVERSE_HIGH,6,r06-t028-f0325934,1789122231946728103,1789122233992321443,0.0,400,0,0.0,False,False,False,False
RFC_DROP_NATIVE,BENIGN_DIVERSE_HIGH,6,r06-t029-c05404ea,1789122231980594405,1789122233993675060,0.0,400,0,0.0,False,False,False,False
RFC_DROP_NATIVE,BENIGN_DIVERSE_HIGH,6,r06-t030-c0fa813d,1789122231982799037,1789122233995909623,0.0,400,0,0.0,False,False,False,False
RFC_DROP_NATIVE,BENIGN_DIVERSE_HIGH,6,r06-t031-b118364b,1789122231984545162,1789122233994810848,0.0,400,0,0.0,False,False,False,False
RFC_DROP_NATIVE,BENIGN_DIVERSE_HIGH,6,r06-t032-191d7886,1789122231987817978,1789122234010147249,0.0,400,0,0.0,False,False,False,False
RFC_DROP_NATIVE,BENIGN_DIVERSE_HIGH,6,r06-t033-f764ef10,1789122231996418961,1789122234007788805,0.0,399,0,0.0,False,False,False,False
RFC_DROP_NATIVE,BENIGN_DIVERSE_HIGH,6,r06-t034-831cef14,1789122232006532661,1789122234015871700,0.0,400,0,0.0,False,False,False,False
RFC_DROP_NATIVE,BENIGN_DIVERSE_HIGH,6,r06-t035-17ccd54f,1789122232016329296,1789122234026026474,0.0,400,0,0.0,False,False,False,False
RFC_DROP_NATIVE,BENIGN_DIVERSE_HIGH,6,r06-t036-608c5cfb,1789122232026324498,1789122234035970877,0.0,400,0,0.0,False,False,False,False
RFC_DROP_NATIVE,BENIGN_DIVERSE_HIGH,6,r06-t037-002c4925,1789122232036342738,1789122234046713609,0.0,400,0,0.0,False,False,False,False
RFC_DROP_NATIVE,BENIGN_DIVERSE_HIGH,6,r06-t038-da464eb7,1789122232046405357,1789122234056154939,0.0,400,0,0.0,False,False,False,False
RFC_DROP_NATIVE,BENIGN_DIVERSE_HIGH,6,r06-t039-f683dd7b,1789122232056254489,1789122234067849621,0.0,400,0,0.0,False,False,False,False
RFC_DROP_NATIVE,BENIGN_DIVERSE_HIGH,6,r06-t040-f8bb63aa,1789122232066573839,1789122234078195503,0.0,401,0,0.0,False,False,False,False
RFC_DROP_NATIVE,BENIGN_DIVERSE_HIGH,6,r06-t041-da2adeef,1789122232076739847,1789122234088078720,0.0,401,0,0.0,False,False,False,False
RFC_DROP_NATIVE,BENIGN_DIVERSE_HIGH,6,r06-t042-6da892d3,1789122232086213279,1789122234098680198,0.0,401,0,0.0,False,False,False,False
RFC_DROP_NATIVE,BENIGN_DIVERSE_HIGH,6,r06-t043-afccbe3f,1789122232096810603,1789122234117917785,0.0,401,0,0.0,False,False,False,False
RFC_DROP_NATIVE,BENIGN_DIVERSE_HIGH,6,r06-t044-02914889,1789122232106375152,1789122234120068692,0.0,401,0,0.0,False,False,False,False
RFC_DROP_NATIVE,BENIGN_DIVERSE_HIGH,6,r06-t045-dccdc511,1789122232116503204,1789122234127943580,0.0,401,0,0.0,False,False,False,False
RFC_DROP_NATIVE,BENIGN_DIVERSE_HIGH,6,r06-t046-aa6bce1c,1789122232126820097,1789122234139386535,0.0,401,0,0.0,False,False,False,False
RFC_DROP_NATIVE,BENIGN_DIVERSE_HIGH,6,r06-t047-b28398e8,1789122232136455650,1789122234148575101,0.0,401,0,0.0,False,False,False,False
RFC_DROP_NATIVE,BENIGN_DIVERSE_HIGH,6,r06-t048-52d101cf,1789122232146728071,1789122234168591092,0.0,401,0,0.0,False,False,False,False
RFC_DROP_NATIVE,BENIGN_DIVERSE_HIGH,6,r06-t049-b9762869,1789122232156621016,1789122234178099177,0.0,401,0,0.0,False,False,False,False
B0_OFF,ATTACK_DIVERSE_HIGH,6,r06-t000-aa8088a2,1789122268003996741,1789122268190823931,0.0,400,0,0.0,False,False,False,False
B0_OFF,ATTACK_DIVERSE_HIGH,6,r06-t001-b67a9cef,1789122268202396434,1789122268504080039,0.0,401,0,0.0,False,False,False,False
B0_OFF,ATTACK_DIVERSE_HIGH,6,r06-t002-175e360b,1789122268515946803,1789122268853983723,0.0,402,0,0.0,False,False,False,False
B0_OFF,ATTACK_DIVERSE_HIGH,6,r06-t003-d7aaecd1,1789122268864697225,1789122269215039250,0.0,403,0,0.0,False,False,False,False
B0_OFF,ATTACK_DIVERSE_HIGH,6,r06-t004-25401628,1789122269225897849,1789122269561979464,0.0,404,0,0.0,False,False,False,False
B0_OFF,ATTACK_DIVERSE_HIGH,6,r06-t005-ef52da1e,1789122269573318992,1789122269926104194,0.0,405,0,0.0,False,False,False,False
B0_OFF,ATTACK_DIVERSE_HIGH,6,r06-t006-3a4b5758,1789122269937902922,1789122270274657346,0.0,406,0,0.0,False,False,False,False
B0_OFF,ATTACK_DIVERSE_HIGH,6,r06-t007-54356fb6,1789122270286120428,1789122270604424431,0.0,405,0,0.0,False,False,False,False
B0_OFF,ATTACK_DIVERSE_HIGH,6,r06-t008-2bf94a0a,1789122270616073317,1789122270948790226,0.0,406,0,0.0,False,False,False,False
B0_OFF,ATTACK_DIVERSE_HIGH,6,r06-t009-f10f9e82,1789122270959701207,1789122271298210058,0.0,406,0,0.0,False,False,False,False
B0_OFF,ATTACK_DIVERSE_HIGH,6,r06-t010-2998fbd5,1789122273002417618,1789122275013210645,0.0,129,0,0.0,False,False,False,False
B0_OFF,ATTACK_DIVERSE_HIGH,6,r06-t011-d089f060,1789122275026855563,1789122275117881527,0.0,339,0,0.0,False,False,False,False
B0_OFF,ATTACK_DIVERSE_HIGH,6,r06-t012-13d57a8f,1789122275128804748,1789122275447334507,0.0,360,0,0.0,False,False,False,False
B0_OFF,ATTACK_DIVERSE_HIGH,6,r06-t013-7feedcad,1789122275458975423,1789122275793608176,0.0,401,0,0.0,False,False,False,False
B0_OFF,ATTACK_DIVERSE_HIGH,6,r06-t014-b93676a3,1789122275806604578,1789122276133811290,0.0,403,0,0.0,False,False,False,False
B0_OFF,ATTACK_DIVERSE_HIGH,6,r06-t015-a34ba3fe,1789122276145061426,1789122276477446960,0.0,404,0,0.0,False,False,False,False
B0_OFF,ATTACK_DIVERSE_HIGH,6,r06-t016-64751829,1789122276488447617,1789122276830505176,0.0,405,0,0.0,False,False,False,False
B0_OFF,ATTACK_DIVERSE_HIGH,6,r06-t017-a849d5d0,1789122276842415786,1789122277173462725,0.0,406,0,0.0,False,False,False,False
B0_OFF,ATTACK_DIVERSE_HIGH,6,r06-t018-b91c75a8,1789122277184572702,1789122277507000764,0.0,406,0,0.0,False,False,False,False
B0_OFF,ATTACK_DIVERSE_HIGH,6,r06-t019-24d41948,1789122277517751751,1789122277862022177,0.0,406,0,0.0,False,False,False,False
B0_OFF,ATTACK_DIVERSE_HIGH,6,r06-t020-21ba9f1d,1789122277873258648,1789122278210133590,0.0,406,0,0.0,False,False,False,False
B0_OFF,ATTACK_DIVERSE_HIGH,6,r06-t021-e1f33c2d,1789122278221359243,1789122278553331626,0.0,406,0,0.0,False,False,False,False
B0_OFF,ATTACK_DIVERSE_HIGH,6,r06-t022-d87ade95,1789122278564982394,1789122278913867297,0.0,406,0,0.0,False,False,False,False
B0_OFF,ATTACK_DIVERSE_HIGH,6,r06-t023-746e18fe,1789122278925464137,1789122279255559773,0.0,406,0,0.0,False,False,False,False
B0_OFF,ATTACK_DIVERSE_HIGH,6,r06-t024-95b8cf41,1789122279266868306,1789122279613201944,0.0,406,0,0.0,False,False,False,False
B0_OFF,ATTACK_DIVERSE_HIGH,6,r06-t025-fff13e3c,1789122279625768907,1789122279962606881,0.0,406,0,0.0,False,False,False,False
B0_OFF,ATTACK_DIVERSE_HIGH,6,r06-t026-92f8a6a7,1789122279974004029,1789122280298333895,0.0,405,0,0.0,False,False,False,False
B0_OFF,ATTACK_DIVERSE_HIGH,6,r06-t027-88f76b44,1789122280309833116,1789122280633528174,0.0,406,0,0.0,False,False,False,False
B0_OFF,ATTACK_DIVERSE_HIGH,6,r06-t028-f0325934,1789122280645038485,1789122280993271522,0.0,406,0,0.0,False,False,False,False
B0_OFF,ATTACK_DIVERSE_HIGH,6,r06-t029-c05404ea,1789122281005385363,1789122281348799343,0.0,406,0,0.0,False,False,False,False
B0_OFF,ATTACK_DIVERSE_HIGH,6,r06-t030-c0fa813d,1789122281360129390,1789122281698879746,0.0,406,0,0.0,False,False,False,False
B0_OFF,ATTACK_DIVERSE_HIGH,6,r06-t031-b118364b,1789122281710527670,1789122282062301903,0.0,406,0,0.0,False,False,False,False
B0_OFF,ATTACK_DIVERSE_HIGH,6,r06-t032-191d7886,1789122282073660951,1789122282426318398,0.0,406,0,0.0,False,False,False,False
B0_OFF,ATTACK_DIVERSE_HIGH,6,r06-t033-f764ef10,1789122282438062236,1789122282758116015,0.0,406,0,0.0,False,False,False,False
B0_OFF,ATTACK_DIVERSE_HIGH,6,r06-t034-831cef14,1789122282769535719,1789122283108752845,0.0,406,0,0.0,False,False,False,False
B0_OFF,ATTACK_DIVERSE_HIGH,6,r06-t035-17ccd54f,1789122283121159259,1789122283454555929,0.0,406,0,0.0,False,False,False,False
B0_OFF,ATTACK_DIVERSE_HIGH,6,r06-t036-608c5cfb,1789122283467745096,1789122283810112090,0.0,406,0,0.0,False,False,False,False
B0_OFF,ATTACK_DIVERSE_HIGH,6,r06-t037-002c4925,1789122283821239127,1789122284154082876,0.0,406,0,0.0,False,False,False,False
B0_OFF,ATTACK_DIVERSE_HIGH,6,r06-t038-da464eb7,1789122284165596883,1789122284534271221,0.0,406,0,0.0,False,False,False,False
B0_OFF,ATTACK_DIVERSE_HIGH,6,r06-t039-f683dd7b,1789122284546214088,1789122284893237124,0.0,406,0,0.0,False,False,False,False
B0_OFF,ATTACK_DIVERSE_HIGH,6,r06-t040-f8bb63aa,1789122284905241972,1789122285237028784,0.0,406,0,0.0,False,False,False,False
B0_OFF,ATTACK_DIVERSE_HIGH,6,r06-t041-da2adeef,1789122285248496920,1789122285592660386,0.0,406,0,0.0,False,False,False,False
B0_OFF,ATTACK_DIVERSE_HIGH,6,r06-t042-6da892d3,1789122285604316934,1789122285939399853,0.0,406,0,0.0,False,False,False,False
B0_OFF,ATTACK_DIVERSE_HIGH,6,r06-t043-afccbe3f,1789122285950588684,1789122286302157254,0.0,406,0,0.0,False,False,False,False
B0_OFF,ATTACK_DIVERSE_HIGH,6,r06-t044-02914889,1789122286314197927,1789122286642897337,0.0,406,0,0.0,False,False,False,False
B0_OFF,ATTACK_DIVERSE_HIGH,6,r06-t045-dccdc511,1789122286656660214,1789122286988474190,0.0,406,0,0.0,False,False,False,False
B0_OFF,ATTACK_DIVERSE_HIGH,6,r06-t046-aa6bce1c,1789122287001098731,1789122287309361732,0.0,406,0,0.0,False,False,False,False
B0_OFF,ATTACK_DIVERSE_HIGH,6,r06-t047-b28398e8,1789122287321022960,1789122287662873211,0.0,406,0,0.0,False,False,False,False
B0_OFF,ATTACK_DIVERSE_HIGH,6,r06-t048-52d101cf,1789122287675099025,1789122288030097384,0.0,406,0,0.0,False,False,False,False
B0_OFF,ATTACK_DIVERSE_HIGH,6,r06-t049-b9762869,1789122288042142028,1789122288372669953,0.0,406,0,0.0,False,False,False,False
RFC_DROP_NATIVE,BENIGN_DIVERSE_MODERATE,6,r06-t000-262c6be8,1789122300586785747,1789122302608623587,0.0,24,0,0.0,False,False,False,False
RFC_DROP_NATIVE,BENIGN_DIVERSE_MODERATE,6,r06-t001-f9e61ac3,1789122300592735994,1789122302614137960,0.0,24,0,0.0,False,False,False,False
RFC_DROP_NATIVE,BENIGN_DIVERSE_MODERATE,6,r06-t002-28c1fa73,1789122300602248369,1789122302612147349,0.0,24,0,0.0,False,False,False,False
RFC_DROP_NATIVE,BENIGN_DIVERSE_MODERATE,6,r06-t003-020aa5bf,1789122300611767080,1789122302620177475,0.0,24,0,0.0,False,False,False,False
RFC_DROP_NATIVE,BENIGN_DIVERSE_MODERATE,6,r06-t004-96c60591,1789122300621723667,1789122302631627472,0.0,24,0,0.0,False,False,False,False
RFC_DROP_NATIVE,BENIGN_DIVERSE_MODERATE,6,r06-t005-b356b098,1789122300631662565,1789122302640083210,0.0,24,0,0.0,False,False,False,False
RFC_DROP_NATIVE,BENIGN_DIVERSE_MODERATE,6,r06-t006-106a6a00,1789122300641600045,1789122302650331826,0.0,24,0,0.0,False,False,False,False
RFC_DROP_NATIVE,BENIGN_DIVERSE_MODERATE,6,r06-t007-d51340de,1789122300651672511,1789122302660499111,0.0,24,0,0.0,False,False,False,False
RFC_DROP_NATIVE,BENIGN_DIVERSE_MODERATE,6,r06-t008-ea8334f9,1789122300662046352,1789122302671679143,0.0,24,0,0.0,False,False,False,False
RFC_DROP_NATIVE,BENIGN_DIVERSE_MODERATE,6,r06-t009-6327ea1d,1789122300671963778,1789122302681869178,0.0,24,0,0.0,False,False,False,False
RFC_DROP_NATIVE,BENIGN_DIVERSE_MODERATE,6,r06-t010-936446fe,1789122300682074743,1789122302701966201,0.0,24,0,0.0,False,False,False,False
RFC_DROP_NATIVE,BENIGN_DIVERSE_MODERATE,6,r06-t011-523eda71,1789122300692266870,1789122302712856457,0.0,24,0,0.0,False,False,False,False
RFC_DROP_NATIVE,BENIGN_DIVERSE_MODERATE,6,r06-t012-ba261c47,1789122300702632388,1789122302712059265,0.0,24,0,0.0,False,False,False,False
RFC_DROP_NATIVE,BENIGN_DIVERSE_MODERATE,6,r06-t013-328c427c,1789122300712892243,1789122302723810128,0.0,24,0,0.0,False,False,False,False
RFC_DROP_NATIVE,BENIGN_DIVERSE_MODERATE,6,r06-t014-4edd4894,1789122300722112322,1789122302731749256,0.0,24,0,0.0,False,False,False,False
RFC_DROP_NATIVE,BENIGN_DIVERSE_MODERATE,6,r06-t015-e0bdf5c2,1789122300732099464,1789122302752209519,0.0,24,0,0.0,False,False,False,False
RFC_DROP_NATIVE,BENIGN_DIVERSE_MODERATE,6,r06-t016-0f20a434,1789122300742475482,1789122302751910453,0.0,24,0,0.0,False,False,False,False
RFC_DROP_NATIVE,BENIGN_DIVERSE_MODERATE,6,r06-t017-fbd329b7,1789122300752350719,1789122302773459201,0.0,24,0,0.0,False,False,False,False
RFC_DROP_NATIVE,BENIGN_DIVERSE_MODERATE,6,r06-t018-a29921fa,1789122300762489305,1789122302771646228,0.0,24,0,0.0,False,False,False,False
RFC_DROP_NATIVE,BENIGN_DIVERSE_MODERATE,6,r06-t019-c2a50ca2,1789122300772913565,1789122302783764122,0.0,24,0,0.0,False,False,False,False
RFC_DROP_NATIVE,BENIGN_DIVERSE_MODERATE,6,r06-t020-7d3dddad,1789122300781823848,1789122302792085637,0.0,24,0,0.0,False,False,False,False
RFC_DROP_NATIVE,BENIGN_DIVERSE_MODERATE,6,r06-t021-fefe58e6,1789122300791975205,1789122302801468241,0.0,24,0,0.0,False,False,False,False
RFC_DROP_NATIVE,BENIGN_DIVERSE_MODERATE,6,r06-t022-3af4471f,1789122300801459012,1789122302812219913,0.0,24,0,0.0,False,False,False,False
RFC_DROP_NATIVE,BENIGN_DIVERSE_MODERATE,6,r06-t023-4fd12147,1789122300811703356,1789122302821740250,0.0,24,0,0.0,False,False,False,False
RFC_DROP_NATIVE,BENIGN_DIVERSE_MODERATE,6,r06-t024-65575251,1789122300821592024,1789122302832216838,0.0,24,0,0.0,False,False,False,False
RFC_DROP_NATIVE,BENIGN_DIVERSE_MODERATE,6,r06-t025-c3d433f0,1789122300832119107,1789122302842762812,0.0,24,0,0.0,False,False,False,False
RFC_DROP_NATIVE,BENIGN_DIVERSE_MODERATE,6,r06-t026-895e7bdd,1789122300841672157,1789122302851221015,0.0,24,0,0.0,False,False,False,False
RFC_DROP_NATIVE,BENIGN_DIVERSE_MODERATE,6,r06-t027-d3044a17,1789122300851700353,1789122302861869554,0.0,24,0,0.0,False,False,False,False
RFC_DROP_NATIVE,BENIGN_DIVERSE_MODERATE,6,r06-t028-d9e746ea,1789122300861404943,1789122302883862967,0.0,24,0,0.0,False,False,False,False
RFC_DROP_NATIVE,BENIGN_DIVERSE_MODERATE,6,r06-t029-342924e1,1789122300876045257,1789122302884845001,0.0,24,0,0.0,False,False,False,False
RFC_DROP_NATIVE,BENIGN_DIVERSE_MODERATE,6,r06-t030-5203b7ec,1789122300882069099,1789122302891755647,0.0,24,0,0.0,False,False,False,False
RFC_DROP_NATIVE,BENIGN_DIVERSE_MODERATE,6,r06-t031-31dd327a,1789122300891771985,1789122302899711931,0.0,24,0,0.0,False,False,False,False
RFC_DROP_NATIVE,BENIGN_DIVERSE_MODERATE,6,r06-t032-dbd09852,1789122300901498709,1789122302911672378,0.0,24,0,0.0,False,False,False,False
RFC_DROP_NATIVE,BENIGN_DIVERSE_MODERATE,6,r06-t033-64e71c20,1789122300911930064,1789122302922342055,0.0,24,0,0.0,False,False,False,False
RFC_DROP_NATIVE,BENIGN_DIVERSE_MODERATE,6,r06-t034-28be858b,1789122300921850895,1789122302931688070,0.0,24,0,0.0,False,False,False,False
RFC_DROP_NATIVE,BENIGN_DIVERSE_MODERATE,6,r06-t035-83a297fd,1789122300931860361,1789122302941692979,0.0,24,0,0.0,False,False,False,False
RFC_DROP_NATIVE,BENIGN_DIVERSE_MODERATE,6,r06-t036-03b79cea,1789122300941453897,1789122302951543567,0.0,24,0,0.0,False,False,False,False
RFC_DROP_NATIVE,BENIGN_DIVERSE_MODERATE,6,r06-t037-0bc0a34c,1789122300951849210,1789122302961095847,0.0,24,0,0.0,False,False,False,False
RFC_DROP_NATIVE,BENIGN_DIVERSE_MODERATE,6,r06-t038-b232e1a1,1789122300961572624,1789122302971708271,0.0,24,0,0.0,False,False,False,False
RFC_DROP_NATIVE,BENIGN_DIVERSE_MODERATE,6,r06-t039-ac8d4375,1789122300971602144,1789122302979805983,0.0,25,0,0.0,False,False,False,False
RFC_DROP_NATIVE,BENIGN_DIVERSE_MODERATE,6,r06-t040-1e472142,1789122300981771568,1789122302991856197,0.0,25,0,0.0,False,False,False,False
RFC_DROP_NATIVE,BENIGN_DIVERSE_MODERATE,6,r06-t041-a808bbff,1789122300991488455,1789122303000563321,0.0,25,0,0.0,False,False,False,False
RFC_DROP_NATIVE,BENIGN_DIVERSE_MODERATE,6,r06-t042-3c54d4a4,1789122301001376367,1789122303011275749,0.0,25,0,0.0,False,False,False,False
RFC_DROP_NATIVE,BENIGN_DIVERSE_MODERATE,6,r06-t043-0c26774b,1789122301011724101,1789122303019726653,0.0,25,0,0.0,False,False,False,False
RFC_DROP_NATIVE,BENIGN_DIVERSE_MODERATE,6,r06-t044-c67dbac4,1789122301021643986,1789122303031833931,0.0,25,0,0.0,False,False,False,False
RFC_DROP_NATIVE,BENIGN_DIVERSE_MODERATE,6,r06-t045-cdc3613b,1789122301032064369,1789122303043094726,0.0,25,0,0.0,False,False,False,False
RFC_DROP_NATIVE,BENIGN_DIVERSE_MODERATE,6,r06-t046-0a1ad0f4,1789122301042286197,1789122303062249716,0.0,25,0,0.0,False,False,False,False
RFC_DROP_NATIVE,BENIGN_DIVERSE_MODERATE,6,r06-t047-514725ae,1789122301051651952,1789122303062386974,0.0,25,0,0.0,False,False,False,False
RFC_DROP_NATIVE,BENIGN_DIVERSE_MODERATE,6,r06-t048-5195e116,1789122301061760929,1789122303072087223,0.0,25,0,0.0,False,False,False,False
RFC_DROP_NATIVE,BENIGN_DIVERSE_MODERATE,6,r06-t049-697f4ebc,1789122301743768332,1789122303754901792,0.0,27,0,0.0,False,False,False,False
RFC_DROP_NATIVE,ATTACK_DIVERSE_MODERATE,6,r06-t000-262c6be8,1789122335708660113,1789122337728693412,0.0,19,0,0.0,False,False,False,False
RFC_DROP_NATIVE,ATTACK_DIVERSE_MODERATE,6,r06-t001-f9e61ac3,1789122335714343085,1789122337725150387,0.0,19,0,0.0,False,False,False,False
RFC_DROP_NATIVE,ATTACK_DIVERSE_MODERATE,6,r06-t002-28c1fa73,1789122335723792824,1789122337742902169,0.0,19,0,0.0,False,False,False,False
RFC_DROP_NATIVE,ATTACK_DIVERSE_MODERATE,6,r06-t003-020aa5bf,1789122335733670628,1789122337743513717,0.0,18,0,0.0,False,False,False,False
RFC_DROP_NATIVE,ATTACK_DIVERSE_MODERATE,6,r06-t004-96c60591,1789122335743612466,1789122337762892128,0.0,18,0,0.0,False,False,False,False
RFC_DROP_NATIVE,ATTACK_DIVERSE_MODERATE,6,r06-t005-b356b098,1789122335753593995,1789122337763228783,0.0,18,0,0.0,False,False,False,False
RFC_DROP_NATIVE,ATTACK_DIVERSE_MODERATE,6,r06-t006-106a6a00,1789122335763911421,1789122337772690931,0.0,18,0,0.0,False,False,False,False
RFC_DROP_NATIVE,ATTACK_DIVERSE_MODERATE,6,r06-t007-d51340de,1789122335773441583,1789122337783294903,0.0,18,0,0.0,False,False,False,False
RFC_DROP_NATIVE,ATTACK_DIVERSE_MODERATE,6,r06-t008-ea8334f9,1789122335783532708,1789122337794859676,0.0,18,0,0.0,False,False,False,False
RFC_DROP_NATIVE,ATTACK_DIVERSE_MODERATE,6,r06-t009-6327ea1d,1789122335793714582,1789122337813936385,0.0,18,0,0.0,False,False,False,False
RFC_DROP_NATIVE,ATTACK_DIVERSE_MODERATE,6,r06-t010-936446fe,1789122335803557906,1789122337812631160,0.0,18,0,0.0,False,False,False,False
RFC_DROP_NATIVE,ATTACK_DIVERSE_MODERATE,6,r06-t011-523eda71,1789122335813403882,1789122337823516751,0.0,17,0,0.0,False,False,False,False
RFC_DROP_NATIVE,ATTACK_DIVERSE_MODERATE,6,r06-t012-ba261c47,1789122335823520774,1789122337833103368,0.0,17,0,0.0,False,False,False,False
RFC_DROP_NATIVE,ATTACK_DIVERSE_MODERATE,6,r06-t013-328c427c,1789122335833393936,1789122337842973309,0.0,17,0,0.0,False,False,False,False
RFC_DROP_NATIVE,ATTACK_DIVERSE_MODERATE,6,r06-t014-4edd4894,1789122335843410703,1789122337852678334,0.0,17,0,0.0,False,False,False,False
RFC_DROP_NATIVE,ATTACK_DIVERSE_MODERATE,6,r06-t015-e0bdf5c2,1789122335853408336,1789122337863639990,0.0,17,0,0.0,False,False,False,False
RFC_DROP_NATIVE,ATTACK_DIVERSE_MODERATE,6,r06-t016-0f20a434,1789122335864099928,1789122337885099618,0.0,17,0,0.0,False,False,False,False
RFC_DROP_NATIVE,ATTACK_DIVERSE_MODERATE,6,r06-t017-fbd329b7,1789122335873421503,1789122337883323796,0.0,17,0,0.0,False,False,False,False
RFC_DROP_NATIVE,ATTACK_DIVERSE_MODERATE,6,r06-t018-a29921fa,1789122335883507514,1789122337892902646,0.0,17,0,0.0,False,False,False,False
RFC_DROP_NATIVE,ATTACK_DIVERSE_MODERATE,6,r06-t019-c2a50ca2,1789122335893558098,1789122337903576335,0.0,16,0,0.0,False,False,False,False
RFC_DROP_NATIVE,ATTACK_DIVERSE_MODERATE,6,r06-t020-7d3dddad,1789122335903609913,1789122337913429605,0.0,16,0,0.0,False,False,False,False
RFC_DROP_NATIVE,ATTACK_DIVERSE_MODERATE,6,r06-t021-fefe58e6,1789122335913488949,1789122337922709975,0.0,16,0,0.0,False,False,False,False
RFC_DROP_NATIVE,ATTACK_DIVERSE_MODERATE,6,r06-t022-3af4471f,1789122335923849475,1789122337932587306,0.0,16,0,0.0,False,False,False,False
RFC_DROP_NATIVE,ATTACK_DIVERSE_MODERATE,6,r06-t023-4fd12147,1789122335933603378,1789122337942660813,0.0,16,0,0.0,False,False,False,False
RFC_DROP_NATIVE,ATTACK_DIVERSE_MODERATE,6,r06-t024-65575251,1789122335943598073,1789122337953488241,0.0,16,0,0.0,False,False,False,False
RFC_DROP_NATIVE,ATTACK_DIVERSE_MODERATE,6,r06-t025-c3d433f0,1789122335954458277,1789122337964254951,0.0,16,0,0.0,False,False,False,False
RFC_DROP_NATIVE,ATTACK_DIVERSE_MODERATE,6,r06-t026-895e7bdd,1789122335963620997,1789122337972765011,0.0,16,0,0.0,False,False,False,False
RFC_DROP_NATIVE,ATTACK_DIVERSE_MODERATE,6,r06-t027-d3044a17,1789122335973389489,1789122337983066051,0.0,16,0,0.0,False,False,False,False
RFC_DROP_NATIVE,ATTACK_DIVERSE_MODERATE,6,r06-t028-d9e746ea,1789122335983494823,1789122338004735022,0.0,15,0,0.0,False,False,False,False
RFC_DROP_NATIVE,ATTACK_DIVERSE_MODERATE,6,r06-t029-342924e1,1789122335997448200,1789122338006945257,0.0,15,0,0.0,False,False,False,False
RFC_DROP_NATIVE,ATTACK_DIVERSE_MODERATE,6,r06-t030-5203b7ec,1789122336003930278,1789122338022828480,0.0,15,0,0.0,False,False,False,False
RFC_DROP_NATIVE,ATTACK_DIVERSE_MODERATE,6,r06-t031-31dd327a,1789122336013365903,1789122338022940350,0.0,15,0,0.0,False,False,False,False
RFC_DROP_NATIVE,ATTACK_DIVERSE_MODERATE,6,r06-t032-dbd09852,1789122336023504676,1789122338032707359,0.0,15,0,0.0,False,False,False,False
RFC_DROP_NATIVE,ATTACK_DIVERSE_MODERATE,6,r06-t033-64e71c20,1789122336033364293,1789122338044049343,0.0,15,0,0.0,False,False,False,False
RFC_DROP_NATIVE,ATTACK_DIVERSE_MODERATE,6,r06-t034-28be858b,1789122336043449072,1789122338052780827,0.0,15,0,0.0,False,False,False,False
RFC_DROP_NATIVE,ATTACK_DIVERSE_MODERATE,6,r06-t035-83a297fd,1789122336053337865,1789122338063383765,0.0,15,0,0.0,False,False,False,False
RFC_DROP_NATIVE,ATTACK_DIVERSE_MODERATE,6,r06-t036-03b79cea,1789122336063655102,1789122338082743306,0.0,14,0,0.0,False,False,False,False
RFC_DROP_NATIVE,ATTACK_DIVERSE_MODERATE,6,r06-t037-0bc0a34c,1789122336073507614,1789122338083176477,0.0,14,0,0.0,False,False,False,False
RFC_DROP_NATIVE,ATTACK_DIVERSE_MODERATE,6,r06-t038-b232e1a1,1789122336083541242,1789122338092859044,0.0,14,0,0.0,False,False,False,False
RFC_DROP_NATIVE,ATTACK_DIVERSE_MODERATE,6,r06-t039-ac8d4375,1789122336093565208,1789122338105052204,0.0,14,0,0.0,False,False,False,False
RFC_DROP_NATIVE,ATTACK_DIVERSE_MODERATE,6,r06-t040-1e472142,1789122336103574964,1789122338113766721,0.0,14,0,0.0,False,False,False,False
RFC_DROP_NATIVE,ATTACK_DIVERSE_MODERATE,6,r06-t041-a808bbff,1789122336113849953,1789122338124645201,0.0,14,0,0.0,False,False,False,False
RFC_DROP_NATIVE,ATTACK_DIVERSE_MODERATE,6,r06-t042-3c54d4a4,1789122336123618728,1789122338135095534,0.0,14,0,0.0,False,False,False,False
RFC_DROP_NATIVE,ATTACK_DIVERSE_MODERATE,6,r06-t043-0c26774b,1789122336133824094,1789122338144164837,0.0,13,0,0.0,False,False,False,False
RFC_DROP_NATIVE,ATTACK_DIVERSE_MODERATE,6,r06-t044-c67dbac4,1789122336143693940,1789122338154855260,0.0,12,0,0.0,False,False,False,False
RFC_DROP_NATIVE,ATTACK_DIVERSE_MODERATE,6,r06-t045-cdc3613b,1789122336153518509,1789122338163885890,0.0,12,0,0.0,False,False,False,False
RFC_DROP_NATIVE,ATTACK_DIVERSE_MODERATE,6,r06-t046-0a1ad0f4,1789122336163237458,1789122338172753867,0.0,12,0,0.0,False,False,False,False
RFC_DROP_NATIVE,ATTACK_DIVERSE_MODERATE,6,r06-t047-514725ae,1789122336173842945,1789122338184663996,0.0,12,0,0.0,False,False,False,False
RFC_DROP_NATIVE,ATTACK_DIVERSE_MODERATE,6,r06-t048-5195e116,1789122336183718570,1789122338194944851,0.0,12,0,0.0,False,False,False,False
RFC_DROP_NATIVE,ATTACK_DIVERSE_MODERATE,6,r06-t049-697f4ebc,1789122336193483557,1789122338205091111,0.0,12,0,0.0,False,False,False,False
B1_RL2_TC,ATTACK_DIVERSE_MODERATE,6,r06-t000-262c6be8,1789122368833528653,1789122369072679564,0.0,7,0,0.0,False,False,False,False
B1_RL2_TC,ATTACK_DIVERSE_MODERATE,6,r06-t001-f9e61ac3,1789122369083321225,1789122369300271480,0.0,11,0,0.0,False,False,False,False
B1_RL2_TC,ATTACK_DIVERSE_MODERATE,6,r06-t002-28c1fa73,1789122369313189838,1789122369626563662,0.0,13,0,0.0,False,False,False,False
B1_RL2_TC,ATTACK_DIVERSE_MODERATE,6,r06-t003-020aa5bf,1789122369638053347,1789122369959839066,0.0,16,0,0.0,False,False,False,False
B1_RL2_TC,ATTACK_DIVERSE_MODERATE,6,r06-t004-96c60591,1789122369969949762,1789122370340280682,0.0,21,0,0.0,False,False,False,False
B1_RL2_TC,ATTACK_DIVERSE_MODERATE,6,r06-t005-b356b098,1789122370350153865,1789122370678258342,0.0,27,0,0.0,False,False,False,False
B1_RL2_TC,ATTACK_DIVERSE_MODERATE,6,r06-t006-106a6a00,1789122370689019280,1789122371022422969,0.0,30,0,0.0,False,False,False,False
B1_RL2_TC,ATTACK_DIVERSE_MODERATE,6,r06-t007-d51340de,1789122371032208450,1789122371321740845,0.0,30,0,0.0,False,False,False,False
B1_RL2_TC,ATTACK_DIVERSE_MODERATE,6,r06-t008-ea8334f9,1789122371332277544,1789122371667156555,0.0,30,0,0.0,False,False,False,False
B1_RL2_TC,ATTACK_DIVERSE_MODERATE,6,r06-t009-6327ea1d,1789122371677273888,1789122371965929283,0.0,30,0,0.0,False,False,False,False
B1_RL2_TC,ATTACK_DIVERSE_MODERATE,6,r06-t010-936446fe,1789122371975787763,1789122372322537684,0.0,30,0,0.0,False,False,False,False
B1_RL2_TC,ATTACK_DIVERSE_MODERATE,6,r06-t011-523eda71,1789122372333542287,1789122372653721287,0.0,30,0,0.0,False,False,False,False
B1_RL2_TC,ATTACK_DIVERSE_MODERATE,6,r06-t012-ba261c47,1789122372665426866,1789122372960455784,0.0,30,0,0.0,False,False,False,False
B1_RL2_TC,ATTACK_DIVERSE_MODERATE,6,r06-t013-328c427c,1789122372972247337,1789122373291160458,0.0,30,0,0.0,False,False,False,False
B1_RL2_TC,ATTACK_DIVERSE_MODERATE,6,r06-t014-4edd4894,1789122373301670192,1789122373639964254,0.0,30,0,0.0,False,False,False,False
B1_RL2_TC,ATTACK_DIVERSE_MODERATE,6,r06-t015-e0bdf5c2,1789122373650115954,1789122373936301942,0.0,30,0,0.0,False,False,False,False
B1_RL2_TC,ATTACK_DIVERSE_MODERATE,6,r06-t016-0f20a434,1789122373946284827,1789122374278699102,0.0,30,0,0.0,False,False,False,False
B1_RL2_TC,ATTACK_DIVERSE_MODERATE,6,r06-t017-fbd329b7,1789122374288546667,1789122374614836805,0.0,30,0,0.0,False,False,False,False
B1_RL2_TC,ATTACK_DIVERSE_MODERATE,6,r06-t018-a29921fa,1789122374624571639,1789122374959042065,0.0,30,0,0.0,False,False,False,False
B1_RL2_TC,ATTACK_DIVERSE_MODERATE,6,r06-t019-c2a50ca2,1789122374969007488,1789122375307652466,0.0,30,0,0.0,False,False,False,False
B1_RL2_TC,ATTACK_DIVERSE_MODERATE,6,r06-t020-7d3dddad,1789122375317920601,1789122375615916268,0.0,30,0,0.0,False,False,False,False
B1_RL2_TC,ATTACK_DIVERSE_MODERATE,6,r06-t021-fefe58e6,1789122375625716293,1789122375972654862,0.0,30,0,0.0,False,False,False,False
B1_RL2_TC,ATTACK_DIVERSE_MODERATE,6,r06-t022-3af4471f,1789122375984345448,1789122376297693069,0.0,30,0,0.0,False,False,False,False
B1_RL2_TC,ATTACK_DIVERSE_MODERATE,6,r06-t023-4fd12147,1789122376307703664,1789122376634647143,0.0,30,0,0.0,False,False,False,False
B1_RL2_TC,ATTACK_DIVERSE_MODERATE,6,r06-t024-65575251,1789122376644624428,1789122376961840381,0.0,30,0,0.0,False,False,False,False
B1_RL2_TC,ATTACK_DIVERSE_MODERATE,6,r06-t025-c3d433f0,1789122376973283296,1789122377307425296,0.0,30,0,0.0,False,False,False,False
B1_RL2_TC,ATTACK_DIVERSE_MODERATE,6,r06-t026-895e7bdd,1789122377317670845,1789122377607439630,0.0,30,0,0.0,False,False,False,False
B1_RL2_TC,ATTACK_DIVERSE_MODERATE,6,r06-t027-d3044a17,1789122377617724560,1789122377937145646,0.0,30,0,0.0,False,False,False,False
B1_RL2_TC,ATTACK_DIVERSE_MODERATE,6,r06-t028-d9e746ea,1789122377947846590,1789122378298077297,0.0,30,0,0.0,False,False,False,False
B1_RL2_TC,ATTACK_DIVERSE_MODERATE,6,r06-t029-342924e1,1789122378308014349,1789122378620070375,0.0,30,0,0.0,False,False,False,False
B1_RL2_TC,ATTACK_DIVERSE_MODERATE,6,r06-t030-5203b7ec,1789122378631134286,1789122378953308895,0.0,30,0,0.0,False,False,False,False
B1_RL2_TC,ATTACK_DIVERSE_MODERATE,6,r06-t031-31dd327a,1789122378963796612,1789122379278887806,0.0,30,0,0.0,False,False,False,False
B1_RL2_TC,ATTACK_DIVERSE_MODERATE,6,r06-t032-dbd09852,1789122379289762024,1789122379594766804,0.0,30,0,0.0,False,False,False,False
B1_RL2_TC,ATTACK_DIVERSE_MODERATE,6,r06-t033-64e71c20,1789122379604850937,1789122379952260427,0.0,30,0,0.0,False,False,False,False
B1_RL2_TC,ATTACK_DIVERSE_MODERATE,6,r06-t034-28be858b,1789122379962621598,1789122380305359951,0.0,30,0,0.0,False,False,False,False
B1_RL2_TC,ATTACK_DIVERSE_MODERATE,6,r06-t035-83a297fd,1789122380317104314,1789122380627145274,0.0,30,0,0.0,False,False,False,False
B1_RL2_TC,ATTACK_DIVERSE_MODERATE,6,r06-t036-03b79cea,1789122380637275944,1789122380964480846,0.0,30,0,0.0,False,False,False,False
B1_RL2_TC,ATTACK_DIVERSE_MODERATE,6,r06-t037-0bc0a34c,1789122380974353236,1789122381281227534,0.0,30,0,0.0,False,False,False,False
B1_RL2_TC,ATTACK_DIVERSE_MODERATE,6,r06-t038-b232e1a1,1789122381291536711,1789122381587342194,0.0,30,0,0.0,False,False,False,False
B1_RL2_TC,ATTACK_DIVERSE_MODERATE,6,r06-t039-ac8d4375,1789122381598007351,1789122381906358411,0.0,30,0,0.0,False,False,False,False
B1_RL2_TC,ATTACK_DIVERSE_MODERATE,6,r06-t040-1e472142,1789122381917075469,1789122382246178153,0.0,30,0,0.0,False,False,False,False
B1_RL2_TC,ATTACK_DIVERSE_MODERATE,6,r06-t041-a808bbff,1789122382257897645,1789122382584502645,0.0,30,0,0.0,False,False,False,False
B1_RL2_TC,ATTACK_DIVERSE_MODERATE,6,r06-t042-3c54d4a4,1789122382594303519,1789122382914366000,0.0,30,0,0.0,False,False,False,False
B1_RL2_TC,ATTACK_DIVERSE_MODERATE,6,r06-t043-0c26774b,1789122382924834444,1789122383263612241,0.0,30,0,0.0,False,False,False,False
B1_RL2_TC,ATTACK_DIVERSE_MODERATE,6,r06-t044-c67dbac4,1789122383275359701,1789122383568869750,0.0,30,0,0.0,False,False,False,False
B1_RL2_TC,ATTACK_DIVERSE_MODERATE,6,r06-t045-cdc3613b,1789122383581433910,1789122383902727635,0.0,30,0,0.0,False,False,False,False
B1_RL2_TC,ATTACK_DIVERSE_MODERATE,6,r06-t046-0a1ad0f4,1789122383913104855,1789122384226685445,0.0,30,0,0.0,False,False,False,False
B1_RL2_TC,ATTACK_DIVERSE_MODERATE,6,r06-t047-514725ae,1789122384237398842,1789122384553138122,0.0,30,0,0.0,False,False,False,False
B1_RL2_TC,ATTACK_DIVERSE_MODERATE,6,r06-t048-5195e116,1789122384563396714,1789122384869155769,0.0,30,0,0.0,False,False,False,False
B1_RL2_TC,ATTACK_DIVERSE_MODERATE,6,r06-t049-697f4ebc,1789122384879828152,1789122385195701265,0.0,30,0,0.0,False,False,False,False
B1_RL2_TC,BENIGN_DIVERSE_HIGH,6,r06-t000-aa8088a2,1789122398900997301,1789122400911656587,0.0,274,0,0.0,False,False,False,False
B1_RL2_TC,BENIGN_DIVERSE_HIGH,6,r06-t001-b67a9cef,1789122400922696627,1789122401314909327,0.0,182,0,0.0,False,False,False,False
B1_RL2_TC,BENIGN_DIVERSE_HIGH,6,r06-t002-175e360b,1789122401326196101,1789122401699323596,0.0,210,0,0.0,False,False,False,False
B1_RL2_TC,BENIGN_DIVERSE_HIGH,6,r06-t003-d7aaecd1,1789122401710474046,1789122402094634082,0.0,288,0,0.0,False,False,False,False
B1_RL2_TC,BENIGN_DIVERSE_HIGH,6,r06-t004-25401628,1789122402107747761,1789122402516867695,0.0,369,0,0.0,False,False,False,False
B1_RL2_TC,BENIGN_DIVERSE_HIGH,6,r06-t005-ef52da1e,1789122402528433194,1789122402931364299,0.0,404,0,0.0,False,False,False,False
B1_RL2_TC,BENIGN_DIVERSE_HIGH,6,r06-t006-3a4b5758,1789122402944852872,1789122403361519568,0.0,405,0,0.0,False,False,False,False
B1_RL2_TC,BENIGN_DIVERSE_HIGH,6,r06-t007-54356fb6,1789122403373964059,1789122403756587687,0.0,405,0,0.0,False,False,False,False
B1_RL2_TC,BENIGN_DIVERSE_HIGH,6,r06-t008-2bf94a0a,1789122403768555704,1789122404163990932,0.0,405,0,0.0,False,False,False,False
B1_RL2_TC,BENIGN_DIVERSE_HIGH,6,r06-t009-f10f9e82,1789122404175598583,1789122404580553391,0.0,405,0,0.0,False,False,False,False
B1_RL2_TC,BENIGN_DIVERSE_HIGH,6,r06-t010-2998fbd5,1789122404592226735,1789122405012417279,0.0,405,0,0.0,False,False,False,False
B1_RL2_TC,BENIGN_DIVERSE_HIGH,6,r06-t011-d089f060,1789122405025460516,1789122405430322764,0.0,405,0,0.0,False,False,False,False
B1_RL2_TC,BENIGN_DIVERSE_HIGH,6,r06-t012-13d57a8f,1789122405442347459,1789122405867479965,0.0,405,0,0.0,False,False,False,False
B1_RL2_TC,BENIGN_DIVERSE_HIGH,6,r06-t013-7feedcad,1789122405879205565,1789122406304939344,0.0,405,0,0.0,False,False,False,False
B1_RL2_TC,BENIGN_DIVERSE_HIGH,6,r06-t014-b93676a3,1789122406316383682,1789122406725266045,0.0,405,0,0.0,False,False,False,False
B1_RL2_TC,BENIGN_DIVERSE_HIGH,6,r06-t015-a34ba3fe,1789122406736675272,1789122407133378164,0.0,405,0,0.0,False,False,False,False
B1_RL2_TC,BENIGN_DIVERSE_HIGH,6,r06-t016-64751829,1789122407146379880,1789122407556600134,0.0,405,0,0.0,False,False,False,False
B1_RL2_TC,BENIGN_DIVERSE_HIGH,6,r06-t017-a849d5d0,1789122407570008465,1789122407944600706,0.0,405,0,0.0,False,False,False,False
B1_RL2_TC,BENIGN_DIVERSE_HIGH,6,r06-t018-b91c75a8,1789122407955786177,1789122408353254947,0.0,405,0,0.0,False,False,False,False
B1_RL2_TC,BENIGN_DIVERSE_HIGH,6,r06-t019-24d41948,1789122408365001897,1789122408749681036,0.0,405,0,0.0,False,False,False,False
B1_RL2_TC,BENIGN_DIVERSE_HIGH,6,r06-t020-21ba9f1d,1789122408760721986,1789122409153771510,0.0,405,0,0.0,False,False,False,False
B1_RL2_TC,BENIGN_DIVERSE_HIGH,6,r06-t021-e1f33c2d,1789122409164991238,1789122409541276837,0.0,405,0,0.0,False,False,False,False
B1_RL2_TC,BENIGN_DIVERSE_HIGH,6,r06-t022-d87ade95,1789122409554790120,1789122409960216683,0.0,405,0,0.0,False,False,False,False
B1_RL2_TC,BENIGN_DIVERSE_HIGH,6,r06-t023-746e18fe,1789122409971795484,1789122410362026127,0.0,405,0,0.0,False,False,False,False
B1_RL2_TC,BENIGN_DIVERSE_HIGH,6,r06-t024-95b8cf41,1789122410374868613,1789122410784187292,0.0,405,0,0.0,False,False,False,False
B1_RL2_TC,BENIGN_DIVERSE_HIGH,6,r06-t025-fff13e3c,1789122410795259178,1789122411215816183,0.0,405,0,0.0,False,False,False,False
B1_RL2_TC,BENIGN_DIVERSE_HIGH,6,r06-t026-92f8a6a7,1789122411226514190,1789122411611872286,0.0,405,0,0.0,False,False,False,False
B1_RL2_TC,BENIGN_DIVERSE_HIGH,6,r06-t027-88f76b44,1789122411622225642,1789122412016071221,0.0,405,0,0.0,False,False,False,False
B1_RL2_TC,BENIGN_DIVERSE_HIGH,6,r06-t028-f0325934,1789122412028114713,1789122412435070850,0.0,405,0,0.0,False,False,False,False
B1_RL2_TC,BENIGN_DIVERSE_HIGH,6,r06-t029-c05404ea,1789122412446416310,1789122412861841900,0.0,405,0,0.0,False,False,False,False
B1_RL2_TC,BENIGN_DIVERSE_HIGH,6,r06-t030-c0fa813d,1789122412873134885,1789122413290893601,0.0,405,0,0.0,False,False,False,False
B1_RL2_TC,BENIGN_DIVERSE_HIGH,6,r06-t031-b118364b,1789122413302249972,1789122413705907655,0.0,405,0,0.0,False,False,False,False
B1_RL2_TC,BENIGN_DIVERSE_HIGH,6,r06-t032-191d7886,1789122413717061617,1789122414115052114,0.0,405,0,0.0,False,False,False,False
B1_RL2_TC,BENIGN_DIVERSE_HIGH,6,r06-t033-f764ef10,1789122414126214497,1789122414524650362,0.0,405,0,0.0,False,False,False,False
B1_RL2_TC,BENIGN_DIVERSE_HIGH,6,r06-t034-831cef14,1789122414536071433,1789122414938263259,0.0,405,0,0.0,False,False,False,False
B1_RL2_TC,BENIGN_DIVERSE_HIGH,6,r06-t035-17ccd54f,1789122414949814901,1789122415324086528,0.0,405,0,0.0,False,False,False,False
B1_RL2_TC,BENIGN_DIVERSE_HIGH,6,r06-t036-608c5cfb,1789122415335672043,1789122415716338341,0.0,405,0,0.0,False,False,False,False
B1_RL2_TC,BENIGN_DIVERSE_HIGH,6,r06-t037-002c4925,1789122415728383985,1789122416145087014,0.0,405,0,0.0,False,False,False,False
B1_RL2_TC,BENIGN_DIVERSE_HIGH,6,r06-t038-da464eb7,1789122416156213253,1789122416569446068,0.0,405,0,0.0,False,False,False,False
B1_RL2_TC,BENIGN_DIVERSE_HIGH,6,r06-t039-f683dd7b,1789122416580947941,1789122416984823591,0.0,405,0,0.0,False,False,False,False
B1_RL2_TC,BENIGN_DIVERSE_HIGH,6,r06-t040-f8bb63aa,1789122416996923356,1789122417406247591,0.0,405,0,0.0,False,False,False,False
B1_RL2_TC,BENIGN_DIVERSE_HIGH,6,r06-t041-da2adeef,1789122417416784738,1789122417842048530,0.0,405,0,0.0,False,False,False,False
B1_RL2_TC,BENIGN_DIVERSE_HIGH,6,r06-t042-6da892d3,1789122417852868301,1789122418239897573,0.0,405,0,0.0,False,False,False,False
B1_RL2_TC,BENIGN_DIVERSE_HIGH,6,r06-t043-afccbe3f,1789122418251238690,1789122418645242359,0.0,405,0,0.0,False,False,False,False
B1_RL2_TC,BENIGN_DIVERSE_HIGH,6,r06-t044-02914889,1789122418655802782,1789122419060158241,0.0,405,0,0.0,False,False,False,False
B1_RL2_TC,BENIGN_DIVERSE_HIGH,6,r06-t045-dccdc511,1789122419072600618,1789122419438946653,0.0,405,0,0.0,False,False,False,False
B1_RL2_TC,BENIGN_DIVERSE_HIGH,6,r06-t046-aa6bce1c,1789122419449768695,1789122419839985178,0.0,405,0,0.0,False,False,False,False
B1_RL2_TC,BENIGN_DIVERSE_HIGH,6,r06-t047-b28398e8,1789122419851377672,1789122420269248099,0.0,405,0,0.0,False,False,False,False
B1_RL2_TC,BENIGN_DIVERSE_HIGH,6,r06-t048-52d101cf,1789122420280546544,1789122420684270805,0.0,405,0,0.0,False,False,False,False
B1_RL2_TC,BENIGN_DIVERSE_HIGH,6,r06-t049-b9762869,1789122420695270067,1789122421088800172,0.0,405,0,0.0,False,False,False,False
RFC_DROP_NATIVE,ATTACK_DIVERSE_HIGH,6,r06-t000-aa8088a2,1789122435965820721,1789122437977515227,0.0,400,0,0.0,False,False,False,False
RFC_DROP_NATIVE,ATTACK_DIVERSE_HIGH,6,r06-t001-b67a9cef,1789122435974043498,1789122437986090272,0.0,400,0,0.0,False,False,False,False
RFC_DROP_NATIVE,ATTACK_DIVERSE_HIGH,6,r06-t002-175e360b,1789122435984434692,1789122437994764408,0.0,399,0,0.0,False,False,False,False
RFC_DROP_NATIVE,ATTACK_DIVERSE_HIGH,6,r06-t003-d7aaecd1,1789122435993347214,1789122438002407627,0.0,400,0,0.0,False,False,False,False
RFC_DROP_NATIVE,ATTACK_DIVERSE_HIGH,6,r06-t004-25401628,1789122436004039185,1789122438024587422,0.0,400,0,0.0,False,False,False,False
RFC_DROP_NATIVE,ATTACK_DIVERSE_HIGH,6,r06-t005-ef52da1e,1789122436013316397,1789122438023012790,0.0,400,0,0.0,False,False,False,False
RFC_DROP_NATIVE,ATTACK_DIVERSE_HIGH,6,r06-t006-3a4b5758,1789122436023942657,1789122438034589651,0.0,400,0,0.0,False,False,False,False
RFC_DROP_NATIVE,ATTACK_DIVERSE_HIGH,6,r06-t007-54356fb6,1789122436033332042,1789122438044518675,0.0,400,0,0.0,False,False,False,False
RFC_DROP_NATIVE,ATTACK_DIVERSE_HIGH,6,r06-t008-2bf94a0a,1789122436043147090,1789122438053720123,0.0,400,0,0.0,False,False,False,False
RFC_DROP_NATIVE,ATTACK_DIVERSE_HIGH,6,r06-t009-f10f9e82,1789122436053145716,1789122438062727846,0.0,400,0,0.0,False,False,False,False
RFC_DROP_NATIVE,ATTACK_DIVERSE_HIGH,6,r06-t010-2998fbd5,1789122436063335126,1789122438082954190,0.0,400,0,0.0,False,False,False,False
RFC_DROP_NATIVE,ATTACK_DIVERSE_HIGH,6,r06-t011-d089f060,1789122436073463659,1789122438082801525,0.0,400,0,0.0,False,False,False,False
RFC_DROP_NATIVE,ATTACK_DIVERSE_HIGH,6,r06-t012-13d57a8f,1789122436083070949,1789122438093788302,0.0,400,0,0.0,False,False,False,False
RFC_DROP_NATIVE,ATTACK_DIVERSE_HIGH,6,r06-t013-7feedcad,1789122436093136424,1789122438102468791,0.0,400,0,0.0,False,False,False,False
RFC_DROP_NATIVE,ATTACK_DIVERSE_HIGH,6,r06-t014-b93676a3,1789122436103258320,1789122438113564235,0.0,400,0,0.0,False,False,False,False
RFC_DROP_NATIVE,ATTACK_DIVERSE_HIGH,6,r06-t015-a34ba3fe,1789122436113228878,1789122438124568745,0.0,400,0,0.0,False,False,False,False
RFC_DROP_NATIVE,ATTACK_DIVERSE_HIGH,6,r06-t016-64751829,1789122436123642165,1789122438134842831,0.0,400,0,0.0,False,False,False,False
RFC_DROP_NATIVE,ATTACK_DIVERSE_HIGH,6,r06-t017-a849d5d0,1789122436133682039,1789122438144362221,0.0,400,0,0.0,False,False,False,False
RFC_DROP_NATIVE,ATTACK_DIVERSE_HIGH,6,r06-t018-b91c75a8,1789122436143881688,1789122438164849517,0.0,401,0,0.0,False,False,False,False
RFC_DROP_NATIVE,ATTACK_DIVERSE_HIGH,6,r06-t019-24d41948,1789122436153670281,1789122438162484723,0.0,401,0,0.0,False,False,False,False
RFC_DROP_NATIVE,ATTACK_DIVERSE_HIGH,6,r06-t020-21ba9f1d,1789122436163579298,1789122438174430636,0.0,401,0,0.0,False,False,False,False
RFC_DROP_NATIVE,ATTACK_DIVERSE_HIGH,6,r06-t021-e1f33c2d,1789122436173266904,1789122438184394367,0.0,401,0,0.0,False,False,False,False
RFC_DROP_NATIVE,ATTACK_DIVERSE_HIGH,6,r06-t022-d87ade95,1789122436183712905,1789122438194552485,0.0,401,0,0.0,False,False,False,False
RFC_DROP_NATIVE,ATTACK_DIVERSE_HIGH,6,r06-t023-746e18fe,1789122436193492678,1789122438202527205,0.0,401,0,0.0,False,False,False,False
RFC_DROP_NATIVE,ATTACK_DIVERSE_HIGH,6,r06-t024-95b8cf41,1789122436203623487,1789122438214157263,0.0,401,0,0.0,False,False,False,False
RFC_DROP_NATIVE,ATTACK_DIVERSE_HIGH,6,r06-t025-fff13e3c,1789122436213651792,1789122438225525134,0.0,401,0,0.0,False,False,False,False
RFC_DROP_NATIVE,ATTACK_DIVERSE_HIGH,6,r06-t026-92f8a6a7,1789122436223719165,1789122438234655370,0.0,401,0,0.0,False,False,False,False
RFC_DROP_NATIVE,ATTACK_DIVERSE_HIGH,6,r06-t027-88f76b44,1789122436233331670,1789122438244742559,0.0,401,0,0.0,False,False,False,False
RFC_DROP_NATIVE,ATTACK_DIVERSE_HIGH,6,r06-t028-f0325934,1789122436243495477,1789122438269677346,0.0,401,0,0.0,False,False,False,False
RFC_DROP_NATIVE,ATTACK_DIVERSE_HIGH,6,r06-t029-c05404ea,1789122436259436099,1789122438270170331,0.0,401,0,0.0,False,False,False,False
RFC_DROP_NATIVE,ATTACK_DIVERSE_HIGH,6,r06-t030-c0fa813d,1789122436263247230,1789122438272577131,0.0,401,0,0.0,False,False,False,False
RFC_DROP_NATIVE,ATTACK_DIVERSE_HIGH,6,r06-t031-b118364b,1789122436273262640,1789122438284450221,0.0,401,0,0.0,False,False,False,False
RFC_DROP_NATIVE,ATTACK_DIVERSE_HIGH,6,r06-t032-191d7886,1789122436283296824,1789122438304673435,0.0,401,0,0.0,False,False,False,False
RFC_DROP_NATIVE,ATTACK_DIVERSE_HIGH,6,r06-t033-f764ef10,1789122436293290803,1789122438302452014,0.0,401,0,0.0,False,False,False,False
RFC_DROP_NATIVE,ATTACK_DIVERSE_HIGH,6,r06-t034-831cef14,1789122436303536443,1789122438314513043,0.0,401,0,0.0,False,False,False,False
RFC_DROP_NATIVE,ATTACK_DIVERSE_HIGH,6,r06-t035-17ccd54f,1789122436313771083,1789122438325273002,0.0,401,0,0.0,False,False,False,False
RFC_DROP_NATIVE,ATTACK_DIVERSE_HIGH,6,r06-t036-608c5cfb,1789122436323200579,1789122438332555703,0.0,401,0,0.0,False,False,False,False
RFC_DROP_NATIVE,ATTACK_DIVERSE_HIGH,6,r06-t037-002c4925,1789122436333613108,1789122438345435436,0.0,401,0,0.0,False,False,False,False
RFC_DROP_NATIVE,ATTACK_DIVERSE_HIGH,6,r06-t038-da464eb7,1789122436343399615,1789122438355144566,0.0,401,0,0.0,False,False,False,False
RFC_DROP_NATIVE,ATTACK_DIVERSE_HIGH,6,r06-t039-f683dd7b,1789122436353786731,1789122438364722272,0.0,401,0,0.0,False,False,False,False
RFC_DROP_NATIVE,ATTACK_DIVERSE_HIGH,6,r06-t040-f8bb63aa,1789122436363603390,1789122438383581549,0.0,401,0,0.0,False,False,False,False
RFC_DROP_NATIVE,ATTACK_DIVERSE_HIGH,6,r06-t041-da2adeef,1789122436373730500,1789122438386403012,0.0,401,0,0.0,False,False,False,False
RFC_DROP_NATIVE,ATTACK_DIVERSE_HIGH,6,r06-t042-6da892d3,1789122436383727893,1789122438394565577,0.0,401,0,0.0,False,False,False,False
RFC_DROP_NATIVE,ATTACK_DIVERSE_HIGH,6,r06-t043-afccbe3f,1789122436394853207,1789122438406181696,0.0,401,0,0.0,False,False,False,False
RFC_DROP_NATIVE,ATTACK_DIVERSE_HIGH,6,r06-t044-02914889,1789122436403219642,1789122438414703355,0.0,401,0,0.0,False,False,False,False
RFC_DROP_NATIVE,ATTACK_DIVERSE_HIGH,6,r06-t045-dccdc511,1789122436413757053,1789122438422642328,0.0,401,0,0.0,False,False,False,False
RFC_DROP_NATIVE,ATTACK_DIVERSE_HIGH,6,r06-t046-aa6bce1c,1789122436423572195,1789122438433644562,0.0,401,0,0.0,False,False,False,False
RFC_DROP_NATIVE,ATTACK_DIVERSE_HIGH,6,r06-t047-b28398e8,1789122436433431809,1789122438444603555,0.0,401,0,0.0,False,False,False,False
RFC_DROP_NATIVE,ATTACK_DIVERSE_HIGH,6,r06-t048-52d101cf,1789122436443460209,1789122438454597629,0.0,401,0,0.0,False,False,False,False
RFC_DROP_NATIVE,ATTACK_DIVERSE_HIGH,6,r06-t049-b9762869,1789122436453519048,1789122438466040316,0.0,401,0,0.0,False,False,False,False
B5_LOCKED_TC,ATTACK_DIVERSE_HIGH,6,r06-t000-aa8088a2,1789122474439307921,1789122474729541302,0.0,400,0,0.0,False,False,False,False
B5_LOCKED_TC,ATTACK_DIVERSE_HIGH,6,r06-t001-b67a9cef,1789122474740666624,1789122474988528056,0.0,401,0,0.0,False,False,False,False
B5_LOCKED_TC,ATTACK_DIVERSE_HIGH,6,r06-t002-175e360b,1789122474999404528,1789122475332516849,0.0,402,0,0.0,False,False,False,False
B5_LOCKED_TC,ATTACK_DIVERSE_HIGH,6,r06-t003-d7aaecd1,1789122475344030134,1789122475643288319,0.0,403,0,0.0,False,False,False,False
B5_LOCKED_TC,ATTACK_DIVERSE_HIGH,6,r06-t004-25401628,1789122475654122174,1789122476008084886,0.0,404,0,0.0,False,False,False,False
B5_LOCKED_TC,ATTACK_DIVERSE_HIGH,6,r06-t005-ef52da1e,1789122476019099724,1789122476380131937,0.0,405,0,0.0,False,False,False,False
B5_LOCKED_TC,ATTACK_DIVERSE_HIGH,6,r06-t006-3a4b5758,1789122476391624006,1789122476753912288,0.0,406,0,0.0,False,False,False,False
B5_LOCKED_TC,ATTACK_DIVERSE_HIGH,6,r06-t007-54356fb6,1789122476765219809,1789122477098867092,0.0,406,0,0.0,False,False,False,False
B5_LOCKED_TC,ATTACK_DIVERSE_HIGH,6,r06-t008-2bf94a0a,1789122477117761524,1789122477431813357,0.0,406,0,0.0,False,False,False,False
B5_LOCKED_TC,ATTACK_DIVERSE_HIGH,6,r06-t009-f10f9e82,1789122477443168471,1789122477780829427,0.0,406,0,0.0,False,False,False,False
B5_LOCKED_TC,ATTACK_DIVERSE_HIGH,6,r06-t010-2998fbd5,1789122477793274743,1789122478124339863,0.0,406,0,0.0,False,False,False,False
B5_LOCKED_TC,ATTACK_DIVERSE_HIGH,6,r06-t011-d089f060,1789122478136437015,1789122478452435796,0.0,406,0,0.0,False,False,False,False
B5_LOCKED_TC,ATTACK_DIVERSE_HIGH,6,r06-t012-13d57a8f,1789122478464019669,1789122478791559801,0.0,406,0,0.0,False,False,False,False
B5_LOCKED_TC,ATTACK_DIVERSE_HIGH,6,r06-t013-7feedcad,1789122478802781622,1789122479152790643,0.0,406,0,0.0,False,False,False,False
B5_LOCKED_TC,ATTACK_DIVERSE_HIGH,6,r06-t014-b93676a3,1789122479164137591,1789122479494069237,0.0,406,0,0.0,False,False,False,False
B5_LOCKED_TC,ATTACK_DIVERSE_HIGH,6,r06-t015-a34ba3fe,1789122479505482174,1789122479850916840,0.0,406,0,0.0,False,False,False,False
B5_LOCKED_TC,ATTACK_DIVERSE_HIGH,6,r06-t016-64751829,1789122479862070792,1789122480175307274,0.0,406,0,0.0,False,False,False,False
B5_LOCKED_TC,ATTACK_DIVERSE_HIGH,6,r06-t017-a849d5d0,1789122480186203084,1789122480505130406,0.0,406,0,0.0,False,False,False,False
B5_LOCKED_TC,ATTACK_DIVERSE_HIGH,6,r06-t018-b91c75a8,1789122480517277122,1789122480835928186,0.0,406,0,0.0,False,False,False,False
B5_LOCKED_TC,ATTACK_DIVERSE_HIGH,6,r06-t019-24d41948,1789122480849725129,1789122481221842136,0.0,406,0,0.0,False,False,False,False
B5_LOCKED_TC,ATTACK_DIVERSE_HIGH,6,r06-t020-21ba9f1d,1789122481232836099,1789122481549030951,0.0,406,0,0.0,False,False,False,False
B5_LOCKED_TC,ATTACK_DIVERSE_HIGH,6,r06-t021-e1f33c2d,1789122481561131881,1789122481908414006,0.0,407,0,0.0,False,False,False,False
B5_LOCKED_TC,ATTACK_DIVERSE_HIGH,6,r06-t022-d87ade95,1789122481919745328,1789122482232268036,0.0,406,0,0.0,False,False,False,False
B5_LOCKED_TC,ATTACK_DIVERSE_HIGH,6,r06-t023-746e18fe,1789122482243534679,1789122482586712409,0.0,406,0,0.0,False,False,False,False
B5_LOCKED_TC,ATTACK_DIVERSE_HIGH,6,r06-t024-95b8cf41,1789122482598353803,1789122482943585903,0.0,406,0,0.0,False,False,False,False
B5_LOCKED_TC,ATTACK_DIVERSE_HIGH,6,r06-t025-fff13e3c,1789122482954318512,1789122483302819399,0.0,406,0,0.0,False,False,False,False
B5_LOCKED_TC,ATTACK_DIVERSE_HIGH,6,r06-t026-92f8a6a7,1789122483314229750,1789122483635295868,0.0,406,0,0.0,False,False,False,False
B5_LOCKED_TC,ATTACK_DIVERSE_HIGH,6,r06-t027-88f76b44,1789122483647191626,1789122483965378247,0.0,406,0,0.0,False,False,False,False
B5_LOCKED_TC,ATTACK_DIVERSE_HIGH,6,r06-t028-f0325934,1789122483978250297,1789122484307066612,0.0,406,0,0.0,False,False,False,False
B5_LOCKED_TC,ATTACK_DIVERSE_HIGH,6,r06-t029-c05404ea,1789122484318113920,1789122484704257782,0.0,406,0,0.0,False,False,False,False
B5_LOCKED_TC,ATTACK_DIVERSE_HIGH,6,r06-t030-c0fa813d,1789122484716012572,1789122484990213620,0.0,406,0,0.0,False,False,False,False
B5_LOCKED_TC,ATTACK_DIVERSE_HIGH,6,r06-t031-b118364b,1789122485002140538,1789122485342771599,0.0,406,0,0.0,False,False,False,False
B5_LOCKED_TC,ATTACK_DIVERSE_HIGH,6,r06-t032-191d7886,1789122485353659339,1789122485696376966,0.0,406,0,0.0,False,False,False,False
B5_LOCKED_TC,ATTACK_DIVERSE_HIGH,6,r06-t033-f764ef10,1789122485707715651,1789122486024622234,0.0,406,0,0.0,False,False,False,False
B5_LOCKED_TC,ATTACK_DIVERSE_HIGH,6,r06-t034-831cef14,1789122486037443298,1789122486383953926,0.0,406,0,0.0,False,False,False,False
B5_LOCKED_TC,ATTACK_DIVERSE_HIGH,6,r06-t035-17ccd54f,1789122486394734974,1789122486756651953,0.0,406,0,0.0,False,False,False,False
B5_LOCKED_TC,ATTACK_DIVERSE_HIGH,6,r06-t036-608c5cfb,1789122486767899147,1789122487082916499,0.0,406,0,0.0,False,False,False,False
B5_LOCKED_TC,ATTACK_DIVERSE_HIGH,6,r06-t037-002c4925,1789122487094572055,1789122487434858486,0.0,406,0,0.0,False,False,False,False
B5_LOCKED_TC,ATTACK_DIVERSE_HIGH,6,r06-t038-da464eb7,1789122487447115586,1789122487787554599,0.0,406,0,0.0,False,False,False,False
B5_LOCKED_TC,ATTACK_DIVERSE_HIGH,6,r06-t039-f683dd7b,1789122487798579719,1789122488135641741,0.0,406,0,0.0,False,False,False,False
B5_LOCKED_TC,ATTACK_DIVERSE_HIGH,6,r06-t040-f8bb63aa,1789122488146779409,1789122488501561709,0.0,406,0,0.0,False,False,False,False
B5_LOCKED_TC,ATTACK_DIVERSE_HIGH,6,r06-t041-da2adeef,1789122488513134649,1789122488812886334,0.0,406,0,0.0,False,False,False,False
B5_LOCKED_TC,ATTACK_DIVERSE_HIGH,6,r06-t042-6da892d3,1789122488824372786,1789122489215153815,0.0,406,0,0.0,False,False,False,False
B5_LOCKED_TC,ATTACK_DIVERSE_HIGH,6,r06-t043-afccbe3f,1789122489226399683,1789122489535178086,0.0,405,0,0.0,False,False,False,False
B5_LOCKED_TC,ATTACK_DIVERSE_HIGH,6,r06-t044-02914889,1789122489547241481,1789122489867213097,0.0,406,0,0.0,False,False,False,False
B5_LOCKED_TC,ATTACK_DIVERSE_HIGH,6,r06-t045-dccdc511,1789122489877981274,1789122490190516015,0.0,406,0,0.0,False,False,False,False
B5_LOCKED_TC,ATTACK_DIVERSE_HIGH,6,r06-t046-aa6bce1c,1789122490201405063,1789122490542355840,0.0,406,0,0.0,False,False,False,False
B5_LOCKED_TC,ATTACK_DIVERSE_HIGH,6,r06-t047-b28398e8,1789122490553861093,1789122490908376739,0.0,406,0,0.0,False,False,False,False
B5_LOCKED_TC,ATTACK_DIVERSE_HIGH,6,r06-t048-52d101cf,1789122490918932115,1789122491239644030,0.0,406,0,0.0,False,False,False,False
B5_LOCKED_TC,ATTACK_DIVERSE_HIGH,6,r06-t049-b9762869,1789122491252512240,1789122491593414727,0.0,406,0,0.0,False,False,False,False
B5_LOCKED_TC,BENIGN_DIVERSE_MODERATE,6,r06-t000-262c6be8,1789122505492988111,1789122505847504022,0.0,24,0,0.0,False,False,False,False
B5_LOCKED_TC,BENIGN_DIVERSE_MODERATE,6,r06-t001-f9e61ac3,1789122505859044541,1789122506195987257,0.0,25,0,0.0,False,False,False,False
B5_LOCKED_TC,BENIGN_DIVERSE_MODERATE,6,r06-t002-28c1fa73,1789122506206674343,1789122506543553958,0.0,26,0,0.0,False,False,False,False
B5_LOCKED_TC,BENIGN_DIVERSE_MODERATE,6,r06-t003-020aa5bf,1789122506553414079,1789122506907884734,0.0,27,0,0.0,False,False,False,False
B5_LOCKED_TC,BENIGN_DIVERSE_MODERATE,6,r06-t004-96c60591,1789122506919074278,1789122507293441976,0.0,28,0,0.0,False,False,False,False
B5_LOCKED_TC,BENIGN_DIVERSE_MODERATE,6,r06-t005-b356b098,1789122507306013463,1789122507634578865,0.0,29,0,0.0,False,False,False,False
B5_LOCKED_TC,BENIGN_DIVERSE_MODERATE,6,r06-t006-106a6a00,1789122507647533907,1789122507971613970,0.0,30,0,0.0,False,False,False,False
B5_LOCKED_TC,BENIGN_DIVERSE_MODERATE,6,r06-t007-d51340de,1789122507982088882,1789122508313364005,0.0,30,0,0.0,False,False,False,False
B5_LOCKED_TC,BENIGN_DIVERSE_MODERATE,6,r06-t008-ea8334f9,1789122508325948423,1789122508702211782,0.0,30,0,0.0,False,False,False,False
B5_LOCKED_TC,BENIGN_DIVERSE_MODERATE,6,r06-t009-6327ea1d,1789122508712559155,1789122509048752182,0.0,30,0,0.0,False,False,False,False
B5_LOCKED_TC,BENIGN_DIVERSE_MODERATE,6,r06-t010-936446fe,1789122509059523310,1789122509391635170,0.0,30,0,0.0,False,False,False,False
B5_LOCKED_TC,BENIGN_DIVERSE_MODERATE,6,r06-t011-523eda71,1789122509401857720,1789122509743972942,0.0,30,0,0.0,False,False,False,False
B5_LOCKED_TC,BENIGN_DIVERSE_MODERATE,6,r06-t012-ba261c47,1789122509754662731,1789122510092308358,0.0,30,0,0.0,False,False,False,False
B5_LOCKED_TC,BENIGN_DIVERSE_MODERATE,6,r06-t013-328c427c,1789122510103348434,1789122510447507660,0.0,30,0,0.0,False,False,False,False
B5_LOCKED_TC,BENIGN_DIVERSE_MODERATE,6,r06-t014-4edd4894,1789122510460190100,1789122510798503599,0.0,30,0,0.0,False,False,False,False
B5_LOCKED_TC,BENIGN_DIVERSE_MODERATE,6,r06-t015-e0bdf5c2,1789122510809409764,1789122511152575101,0.0,30,0,0.0,False,False,False,False
B5_LOCKED_TC,BENIGN_DIVERSE_MODERATE,6,r06-t016-0f20a434,1789122511164480497,1789122511511503316,0.0,30,0,0.0,False,False,False,False
B5_LOCKED_TC,BENIGN_DIVERSE_MODERATE,6,r06-t017-fbd329b7,1789122511522274632,1789122511838390557,0.0,30,0,0.0,False,False,False,False
B5_LOCKED_TC,BENIGN_DIVERSE_MODERATE,6,r06-t018-a29921fa,1789122511849932171,1789122512208101053,0.0,30,0,0.0,False,False,False,False
B5_LOCKED_TC,BENIGN_DIVERSE_MODERATE,6,r06-t019-c2a50ca2,1789122512218366896,1789122512555185719,0.0,30,0,0.0,False,False,False,False
B5_LOCKED_TC,BENIGN_DIVERSE_MODERATE,6,r06-t020-7d3dddad,1789122512565420172,1789122512914001389,0.0,30,0,0.0,False,False,False,False
B5_LOCKED_TC,BENIGN_DIVERSE_MODERATE,6,r06-t021-fefe58e6,1789122512924051699,1789122513271560779,0.0,30,0,0.0,False,False,False,False
B5_LOCKED_TC,BENIGN_DIVERSE_MODERATE,6,r06-t022-3af4471f,1789122513281419078,1789122513618988050,0.0,30,0,0.0,False,False,False,False
B5_LOCKED_TC,BENIGN_DIVERSE_MODERATE,6,r06-t023-4fd12147,1789122513628985321,1789122513962951234,0.0,30,0,0.0,False,False,False,False
B5_LOCKED_TC,BENIGN_DIVERSE_MODERATE,6,r06-t024-65575251,1789122513973087384,1789122514320352912,0.0,30,0,0.0,False,False,False,False
B5_LOCKED_TC,BENIGN_DIVERSE_MODERATE,6,r06-t025-c3d433f0,1789122514332703994,1789122514662308078,0.0,30,0,0.0,False,False,False,False
B5_LOCKED_TC,BENIGN_DIVERSE_MODERATE,6,r06-t026-895e7bdd,1789122514672261775,1789122515010276517,0.0,30,0,0.0,False,False,False,False
B5_LOCKED_TC,BENIGN_DIVERSE_MODERATE,6,r06-t027-d3044a17,1789122515020396129,1789122515356234178,0.0,30,0,0.0,False,False,False,False
B5_LOCKED_TC,BENIGN_DIVERSE_MODERATE,6,r06-t028-d9e746ea,1789122515366751914,1789122515698767623,0.0,30,0,0.0,False,False,False,False
B5_LOCKED_TC,BENIGN_DIVERSE_MODERATE,6,r06-t029-342924e1,1789122515709723512,1789122516026589965,0.0,30,0,0.0,False,False,False,False
B5_LOCKED_TC,BENIGN_DIVERSE_MODERATE,6,r06-t030-5203b7ec,1789122516037154245,1789122516389952692,0.0,30,0,0.0,False,False,False,False
B5_LOCKED_TC,BENIGN_DIVERSE_MODERATE,6,r06-t031-31dd327a,1789122516400884790,1789122516727015699,0.0,30,0,0.0,False,False,False,False
B5_LOCKED_TC,BENIGN_DIVERSE_MODERATE,6,r06-t032-dbd09852,1789122516736850952,1789122517079839543,0.0,30,0,0.0,False,False,False,False
B5_LOCKED_TC,BENIGN_DIVERSE_MODERATE,6,r06-t033-64e71c20,1789122517090287510,1789122517413578501,0.0,30,0,0.0,False,False,False,False
B5_LOCKED_TC,BENIGN_DIVERSE_MODERATE,6,r06-t034-28be858b,1789122517423713880,1789122517778548259,0.0,30,0,0.0,False,False,False,False
B5_LOCKED_TC,BENIGN_DIVERSE_MODERATE,6,r06-t035-83a297fd,1789122517789154267,1789122518127083760,0.0,30,0,0.0,False,False,False,False
B5_LOCKED_TC,BENIGN_DIVERSE_MODERATE,6,r06-t036-03b79cea,1789122518136958381,1789122518469570000,0.0,30,0,0.0,False,False,False,False
B5_LOCKED_TC,BENIGN_DIVERSE_MODERATE,6,r06-t037-0bc0a34c,1789122518480661459,1789122518844737352,0.0,30,0,0.0,False,False,False,False
B5_LOCKED_TC,BENIGN_DIVERSE_MODERATE,6,r06-t038-b232e1a1,1789122518855510843,1789122519166515627,0.0,30,0,0.0,False,False,False,False
B5_LOCKED_TC,BENIGN_DIVERSE_MODERATE,6,r06-t039-ac8d4375,1789122519176499197,1789122519502462152,0.0,30,0,0.0,False,False,False,False
B5_LOCKED_TC,BENIGN_DIVERSE_MODERATE,6,r06-t040-1e472142,1789122519512494720,1789122519874179326,0.0,30,0,0.0,False,False,False,False
B5_LOCKED_TC,BENIGN_DIVERSE_MODERATE,6,r06-t041-a808bbff,1789122519884145901,1789122520210405773,0.0,30,0,0.0,False,False,False,False
B5_LOCKED_TC,BENIGN_DIVERSE_MODERATE,6,r06-t042-3c54d4a4,1789122520221014709,1789122520554742243,0.0,30,0,0.0,False,False,False,False
B5_LOCKED_TC,BENIGN_DIVERSE_MODERATE,6,r06-t043-0c26774b,1789122520565008945,1789122520918191921,0.0,30,0,0.0,False,False,False,False
B5_LOCKED_TC,BENIGN_DIVERSE_MODERATE,6,r06-t044-c67dbac4,1789122520930406187,1789122521243308876,0.0,30,0,0.0,False,False,False,False
B5_LOCKED_TC,BENIGN_DIVERSE_MODERATE,6,r06-t045-cdc3613b,1789122521253471917,1789122521601572287,0.0,30,0,0.0,False,False,False,False
B5_LOCKED_TC,BENIGN_DIVERSE_MODERATE,6,r06-t046-0a1ad0f4,1789122521612215020,1789122521960017057,0.0,30,0,0.0,False,False,False,False
B5_LOCKED_TC,BENIGN_DIVERSE_MODERATE,6,r06-t047-514725ae,1789122521971545348,1789122522323078809,0.0,30,0,0.0,False,False,False,False
B5_LOCKED_TC,BENIGN_DIVERSE_MODERATE,6,r06-t048-5195e116,1789122522333005827,1789122522679963941,0.0,30,0,0.0,False,False,False,False
B5_LOCKED_TC,BENIGN_DIVERSE_MODERATE,6,r06-t049-697f4ebc,1789122522691557374,1789122523037046179,0.0,30,0,0.0,False,False,False,False
B0_OFF,BENIGN_DIVERSE_MODERATE,6,r06-t000-262c6be8,1789122535808553788,1789122536179310715,0.0,24,0,0.0,False,False,False,False
B0_OFF,BENIGN_DIVERSE_MODERATE,6,r06-t001-f9e61ac3,1789122536189441489,1789122536536291325,0.0,25,0,0.0,False,False,False,False
B0_OFF,BENIGN_DIVERSE_MODERATE,6,r06-t002-28c1fa73,1789122536547194931,1789122536891172056,0.0,26,0,0.0,False,False,False,False
B0_OFF,BENIGN_DIVERSE_MODERATE,6,r06-t003-020aa5bf,1789122536902722864,1789122537221790924,0.0,27,0,0.0,False,False,False,False
B0_OFF,BENIGN_DIVERSE_MODERATE,6,r06-t004-96c60591,1789122537232876138,1789122537589146446,0.0,28,0,0.0,False,False,False,False
B0_OFF,BENIGN_DIVERSE_MODERATE,6,r06-t005-b356b098,1789122537599305969,1789122537953910587,0.0,29,0,0.0,False,False,False,False
B0_OFF,BENIGN_DIVERSE_MODERATE,6,r06-t006-106a6a00,1789122537966885513,1789122538289988803,0.0,30,0,0.0,False,False,False,False
B0_OFF,BENIGN_DIVERSE_MODERATE,6,r06-t007-d51340de,1789122538299623144,1789122538646065927,0.0,30,0,0.0,False,False,False,False
B0_OFF,BENIGN_DIVERSE_MODERATE,6,r06-t008-ea8334f9,1789122538655544658,1789122538993303554,0.0,30,0,0.0,False,False,False,False
B0_OFF,BENIGN_DIVERSE_MODERATE,6,r06-t009-6327ea1d,1789122539004325385,1789122539326024485,0.0,30,0,0.0,False,False,False,False
B0_OFF,BENIGN_DIVERSE_MODERATE,6,r06-t010-936446fe,1789122539336462967,1789122539674314850,0.0,30,0,0.0,False,False,False,False
B0_OFF,BENIGN_DIVERSE_MODERATE,6,r06-t011-523eda71,1789122539684342391,1789122540007635354,0.0,30,0,0.0,False,False,False,False
B0_OFF,BENIGN_DIVERSE_MODERATE,6,r06-t012-ba261c47,1789122540018702256,1789122540348732084,0.0,30,0,0.0,False,False,False,False
B0_OFF,BENIGN_DIVERSE_MODERATE,6,r06-t013-328c427c,1789122540359943207,1789122540691348012,0.0,30,0,0.0,False,False,False,False
B0_OFF,BENIGN_DIVERSE_MODERATE,6,r06-t014-4edd4894,1789122540702259563,1789122541038883293,0.0,30,0,0.0,False,False,False,False
B0_OFF,BENIGN_DIVERSE_MODERATE,6,r06-t015-e0bdf5c2,1789122541053339895,1789122541377960409,0.0,30,0,0.0,False,False,False,False
B0_OFF,BENIGN_DIVERSE_MODERATE,6,r06-t016-0f20a434,1789122541389415665,1789122541727549666,0.0,30,0,0.0,False,False,False,False
B0_OFF,BENIGN_DIVERSE_MODERATE,6,r06-t017-fbd329b7,1789122541738349260,1789122542066015563,0.0,30,0,0.0,False,False,False,False
B0_OFF,BENIGN_DIVERSE_MODERATE,6,r06-t018-a29921fa,1789122542079118767,1789122542400942744,0.0,30,0,0.0,False,False,False,False
B0_OFF,BENIGN_DIVERSE_MODERATE,6,r06-t019-c2a50ca2,1789122542410908058,1789122542780763149,0.0,30,0,0.0,False,False,False,False
B0_OFF,BENIGN_DIVERSE_MODERATE,6,r06-t020-7d3dddad,1789122542793681775,1789122543120878317,0.0,30,0,0.0,False,False,False,False
B0_OFF,BENIGN_DIVERSE_MODERATE,6,r06-t021-fefe58e6,1789122543131273016,1789122543457811817,0.0,30,0,0.0,False,False,False,False
B0_OFF,BENIGN_DIVERSE_MODERATE,6,r06-t022-3af4471f,1789122543468080945,1789122543811804141,0.0,30,0,0.0,False,False,False,False
B0_OFF,BENIGN_DIVERSE_MODERATE,6,r06-t023-4fd12147,1789122543821417135,1789122544149851339,0.0,30,0,0.0,False,False,False,False
B0_OFF,BENIGN_DIVERSE_MODERATE,6,r06-t024-65575251,1789122544159671034,1789122544489082395,0.0,30,0,0.0,False,False,False,False
B0_OFF,BENIGN_DIVERSE_MODERATE,6,r06-t025-c3d433f0,1789122544498981708,1789122544833456431,0.0,30,0,0.0,False,False,False,False
B0_OFF,BENIGN_DIVERSE_MODERATE,6,r06-t026-895e7bdd,1789122544843858790,1789122545149217953,0.0,30,0,0.0,False,False,False,False
B0_OFF,BENIGN_DIVERSE_MODERATE,6,r06-t027-d3044a17,1789122545159335599,1789122545502804815,0.0,30,0,0.0,False,False,False,False
B0_OFF,BENIGN_DIVERSE_MODERATE,6,r06-t028-d9e746ea,1789122545512951395,1789122545836259168,0.0,30,0,0.0,False,False,False,False
B0_OFF,BENIGN_DIVERSE_MODERATE,6,r06-t029-342924e1,1789122545846101179,1789122546188306540,0.0,30,0,0.0,False,False,False,False
B0_OFF,BENIGN_DIVERSE_MODERATE,6,r06-t030-5203b7ec,1789122546199794891,1789122546543170400,0.0,30,0,0.0,False,False,False,False
B0_OFF,BENIGN_DIVERSE_MODERATE,6,r06-t031-31dd327a,1789122546553778611,1789122546900755624,0.0,30,0,0.0,False,False,False,False
B0_OFF,BENIGN_DIVERSE_MODERATE,6,r06-t032-dbd09852,1789122546910652761,1789122547279251656,0.0,30,0,0.0,False,False,False,False
B0_OFF,BENIGN_DIVERSE_MODERATE,6,r06-t033-64e71c20,1789122547288951264,1789122547612702322,0.0,30,0,0.0,False,False,False,False
B0_OFF,BENIGN_DIVERSE_MODERATE,6,r06-t034-28be858b,1789122547622890509,1789122547988691922,0.0,30,0,0.0,False,False,False,False
B0_OFF,BENIGN_DIVERSE_MODERATE,6,r06-t035-83a297fd,1789122547998628396,1789122548351468254,0.0,30,0,0.0,False,False,False,False
B0_OFF,BENIGN_DIVERSE_MODERATE,6,r06-t036-03b79cea,1789122548363033385,1789122548693168268,0.0,30,0,0.0,False,False,False,False
B0_OFF,BENIGN_DIVERSE_MODERATE,6,r06-t037-0bc0a34c,1789122548703882947,1789122549053191655,0.0,30,0,0.0,False,False,False,False
B0_OFF,BENIGN_DIVERSE_MODERATE,6,r06-t038-b232e1a1,1789122549063776301,1789122549378763688,0.0,30,0,0.0,False,False,False,False
B0_OFF,BENIGN_DIVERSE_MODERATE,6,r06-t039-ac8d4375,1789122549391452610,1789122549750364895,0.0,30,0,0.0,False,False,False,False
B0_OFF,BENIGN_DIVERSE_MODERATE,6,r06-t040-1e472142,1789122549760631407,1789122550104527499,0.0,30,0,0.0,False,False,False,False
B0_OFF,BENIGN_DIVERSE_MODERATE,6,r06-t041-a808bbff,1789122550115464890,1789122550452254998,0.0,30,0,0.0,False,False,False,False
B0_OFF,BENIGN_DIVERSE_MODERATE,6,r06-t042-3c54d4a4,1789122550465376577,1789122550800347348,0.0,30,0,0.0,False,False,False,False
B0_OFF,BENIGN_DIVERSE_MODERATE,6,r06-t043-0c26774b,1789122550811078860,1789122551142101715,0.0,30,0,0.0,False,False,False,False
B0_OFF,BENIGN_DIVERSE_MODERATE,6,r06-t044-c67dbac4,1789122551152766460,1789122551470850352,0.0,30,0,0.0,False,False,False,False
B0_OFF,BENIGN_DIVERSE_MODERATE,6,r06-t045-cdc3613b,1789122551481639174,1789122551811482458,0.0,30,0,0.0,False,False,False,False
B0_OFF,BENIGN_DIVERSE_MODERATE,6,r06-t046-0a1ad0f4,1789122551821509992,1789122552149653192,0.0,30,0,0.0,False,False,False,False
B0_OFF,BENIGN_DIVERSE_MODERATE,6,r06-t047-514725ae,1789122552159739360,1789122552520374520,0.0,30,0,0.0,False,False,False,False
B0_OFF,BENIGN_DIVERSE_MODERATE,6,r06-t048-5195e116,1789122552533528630,1789122552865432215,0.0,30,0,0.0,False,False,False,False
B0_OFF,BENIGN_DIVERSE_MODERATE,6,r06-t049-697f4ebc,1789122552875411329,1789122553208556333,0.0,30,0,0.0,False,False,False,False
B5_LOCKED_TC,ATTACK_DIVERSE_MODERATE,6,r06-t000-262c6be8,1789122565980845860,1789122566121731590,0.0,24,0,0.0,False,False,False,False
B5_LOCKED_TC,ATTACK_DIVERSE_MODERATE,6,r06-t001-f9e61ac3,1789122566132270322,1789122566424424574,0.0,25,0,0.0,False,False,False,False
B5_LOCKED_TC,ATTACK_DIVERSE_MODERATE,6,r06-t002-28c1fa73,1789122566435304354,1789122566732467692,0.0,26,0,0.0,False,False,False,False
B5_LOCKED_TC,ATTACK_DIVERSE_MODERATE,6,r06-t003-020aa5bf,1789122566742926092,1789122567074050395,0.0,27,0,0.0,False,False,False,False
B5_LOCKED_TC,ATTACK_DIVERSE_MODERATE,6,r06-t004-96c60591,1789122567083527968,1789122567383393273,0.0,28,0,0.0,False,False,False,False
B5_LOCKED_TC,ATTACK_DIVERSE_MODERATE,6,r06-t005-b356b098,1789122567394004260,1789122567737043362,0.0,29,0,0.0,False,False,False,False
B5_LOCKED_TC,ATTACK_DIVERSE_MODERATE,6,r06-t006-106a6a00,1789122567747097256,1789122568042884117,0.0,30,0,0.0,False,False,False,False
B5_LOCKED_TC,ATTACK_DIVERSE_MODERATE,6,r06-t007-d51340de,1789122568053258543,1789122568374169486,0.0,31,0,0.0,False,False,False,False
B5_LOCKED_TC,ATTACK_DIVERSE_MODERATE,6,r06-t008-ea8334f9,1789122568384503294,1789122568709300512,0.0,31,0,0.0,False,False,False,False
B5_LOCKED_TC,ATTACK_DIVERSE_MODERATE,6,r06-t009-6327ea1d,1789122568721569681,1789122569048911757,0.0,31,0,0.0,False,False,False,False
B5_LOCKED_TC,ATTACK_DIVERSE_MODERATE,6,r06-t010-936446fe,1789122569060430532,1789122569373941200,0.0,30,0,0.0,False,False,False,False
B5_LOCKED_TC,ATTACK_DIVERSE_MODERATE,6,r06-t011-523eda71,1789122569385399561,1789122569678698301,0.0,30,0,0.0,False,False,False,False
B5_LOCKED_TC,ATTACK_DIVERSE_MODERATE,6,r06-t012-ba261c47,1789122569688846254,1789122569987088814,0.0,31,0,0.0,False,False,False,False
B5_LOCKED_TC,ATTACK_DIVERSE_MODERATE,6,r06-t013-328c427c,1789122569998631432,1789122570353909827,0.0,31,0,0.0,False,False,False,False
B5_LOCKED_TC,ATTACK_DIVERSE_MODERATE,6,r06-t014-4edd4894,1789122570365204577,1789122570698648110,0.0,30,0,0.0,False,False,False,False
B5_LOCKED_TC,ATTACK_DIVERSE_MODERATE,6,r06-t015-e0bdf5c2,1789122570709083985,1789122571007621161,0.0,30,0,0.0,False,False,False,False
B5_LOCKED_TC,ATTACK_DIVERSE_MODERATE,6,r06-t016-0f20a434,1789122571019206192,1789122571353281462,0.0,31,0,0.0,False,False,False,False
B5_LOCKED_TC,ATTACK_DIVERSE_MODERATE,6,r06-t017-fbd329b7,1789122571363603770,1789122571654620884,0.0,30,0,0.0,False,False,False,False
B5_LOCKED_TC,ATTACK_DIVERSE_MODERATE,6,r06-t018-a29921fa,1789122571664828212,1789122571980199694,0.0,31,0,0.0,False,False,False,False
B5_LOCKED_TC,ATTACK_DIVERSE_MODERATE,6,r06-t019-c2a50ca2,1789122571990630479,1789122572302292399,0.0,30,0,0.0,False,False,False,False
B5_LOCKED_TC,ATTACK_DIVERSE_MODERATE,6,r06-t020-7d3dddad,1789122572313752176,1789122572644249359,0.0,31,0,0.0,False,False,False,False
B5_LOCKED_TC,ATTACK_DIVERSE_MODERATE,6,r06-t021-fefe58e6,1789122572655084182,1789122572985138969,0.0,31,0,0.0,False,False,False,False
B5_LOCKED_TC,ATTACK_DIVERSE_MODERATE,6,r06-t022-3af4471f,1789122572995714614,1789122573348845308,0.0,31,0,0.0,False,False,False,False
B5_LOCKED_TC,ATTACK_DIVERSE_MODERATE,6,r06-t023-4fd12147,1789122573359204278,1789122573648306011,0.0,30,0,0.0,False,False,False,False
B5_LOCKED_TC,ATTACK_DIVERSE_MODERATE,6,r06-t024-65575251,1789122573658715687,1789122573975299185,0.0,30,0,0.0,False,False,False,False
B5_LOCKED_TC,ATTACK_DIVERSE_MODERATE,6,r06-t025-c3d433f0,1789122573986231743,1789122574286465931,0.0,30,0,0.0,False,False,False,False
B5_LOCKED_TC,ATTACK_DIVERSE_MODERATE,6,r06-t026-895e7bdd,1789122574296170733,1789122574645564115,0.0,31,0,0.0,False,False,False,False
B5_LOCKED_TC,ATTACK_DIVERSE_MODERATE,6,r06-t027-d3044a17,1789122574656683644,1789122574987167390,0.0,30,0,0.0,False,False,False,False
B5_LOCKED_TC,ATTACK_DIVERSE_MODERATE,6,r06-t028-d9e746ea,1789122574998924662,1789122575310775487,0.0,30,0,0.0,False,False,False,False
B5_LOCKED_TC,ATTACK_DIVERSE_MODERATE,6,r06-t029-342924e1,1789122575321224128,1789122575648759540,0.0,31,0,0.0,False,False,False,False
B5_LOCKED_TC,ATTACK_DIVERSE_MODERATE,6,r06-t030-5203b7ec,1789122575658927206,1789122575988070775,0.0,30,0,0.0,False,False,False,False
B5_LOCKED_TC,ATTACK_DIVERSE_MODERATE,6,r06-t031-31dd327a,1789122575998765359,1789122576322336452,0.0,30,0,0.0,False,False,False,False
B5_LOCKED_TC,ATTACK_DIVERSE_MODERATE,6,r06-t032-dbd09852,1789122576332289152,1789122576658822139,0.0,30,0,0.0,False,False,False,False
B5_LOCKED_TC,ATTACK_DIVERSE_MODERATE,6,r06-t033-64e71c20,1789122576668843385,1789122576987077214,0.0,30,0,0.0,False,False,False,False
B5_LOCKED_TC,ATTACK_DIVERSE_MODERATE,6,r06-t034-28be858b,1789122576997608431,1789122577335186748,0.0,30,0,0.0,False,False,False,False
B5_LOCKED_TC,ATTACK_DIVERSE_MODERATE,6,r06-t035-83a297fd,1789122577346671334,1789122577658363877,0.0,30,0,0.0,False,False,False,False
B5_LOCKED_TC,ATTACK_DIVERSE_MODERATE,6,r06-t036-03b79cea,1789122577668396895,1789122577991314236,0.0,30,0,0.0,False,False,False,False
B5_LOCKED_TC,ATTACK_DIVERSE_MODERATE,6,r06-t037-0bc0a34c,1789122578002137819,1789122578311531825,0.0,30,0,0.0,False,False,False,False
B5_LOCKED_TC,ATTACK_DIVERSE_MODERATE,6,r06-t038-b232e1a1,1789122578322545612,1789122578632755136,0.0,30,0,0.0,False,False,False,False
B5_LOCKED_TC,ATTACK_DIVERSE_MODERATE,6,r06-t039-ac8d4375,1789122578643407632,1789122578959000465,0.0,30,0,0.0,False,False,False,False
B5_LOCKED_TC,ATTACK_DIVERSE_MODERATE,6,r06-t040-1e472142,1789122578969104761,1789122579316940855,0.0,31,0,0.0,False,False,False,False
B5_LOCKED_TC,ATTACK_DIVERSE_MODERATE,6,r06-t041-a808bbff,1789122579328760085,1789122579653548948,0.0,30,0,0.0,False,False,False,False
B5_LOCKED_TC,ATTACK_DIVERSE_MODERATE,6,r06-t042-3c54d4a4,1789122579664042689,1789122579959799802,0.0,30,0,0.0,False,False,False,False
B5_LOCKED_TC,ATTACK_DIVERSE_MODERATE,6,r06-t043-0c26774b,1789122579969912669,1789122580270599711,0.0,31,0,0.0,False,False,False,False
B5_LOCKED_TC,ATTACK_DIVERSE_MODERATE,6,r06-t044-c67dbac4,1789122580280730276,1789122580612387726,0.0,31,0,0.0,False,False,False,False
B5_LOCKED_TC,ATTACK_DIVERSE_MODERATE,6,r06-t045-cdc3613b,1789122580625935826,1789122580955142577,0.0,30,0,0.0,False,False,False,False
B5_LOCKED_TC,ATTACK_DIVERSE_MODERATE,6,r06-t046-0a1ad0f4,1789122580965498845,1789122581295040993,0.0,30,0,0.0,False,False,False,False
B5_LOCKED_TC,ATTACK_DIVERSE_MODERATE,6,r06-t047-514725ae,1789122581304945294,1789122581634124455,0.0,30,0,0.0,False,False,False,False
B5_LOCKED_TC,ATTACK_DIVERSE_MODERATE,6,r06-t048-5195e116,1789122581646793477,1789122581961264866,0.0,30,0,0.0,False,False,False,False
B5_LOCKED_TC,ATTACK_DIVERSE_MODERATE,6,r06-t049-697f4ebc,1789122581971502305,1789122582283132702,0.0,30,0,0.0,False,False,False,False
B1_RL2_TC,BENIGN_DIVERSE_MODERATE,6,r06-t000-262c6be8,1789122594743348629,1789122595496506169,0.0,24,0,0.0,False,False,False,False
B1_RL2_TC,BENIGN_DIVERSE_MODERATE,6,r06-t001-f9e61ac3,1789122595506754162,1789122595898942910,0.0,26,0,0.0,False,False,False,False
B1_RL2_TC,BENIGN_DIVERSE_MODERATE,6,r06-t002-28c1fa73,1789122595909489041,1789122596287220370,0.0,27,0,0.0,False,False,False,False
B1_RL2_TC,BENIGN_DIVERSE_MODERATE,6,r06-t003-020aa5bf,1789122596297486752,1789122596656269777,0.0,28,0,0.0,False,False,False,False
B1_RL2_TC,BENIGN_DIVERSE_MODERATE,6,r06-t004-96c60591,1789122596668312492,1789122597048453122,0.0,29,0,0.0,False,False,False,False
B1_RL2_TC,BENIGN_DIVERSE_MODERATE,6,r06-t005-b356b098,1789122597058506777,1789122597462166321,0.0,30,0,0.0,False,False,False,False
B1_RL2_TC,BENIGN_DIVERSE_MODERATE,6,r06-t006-106a6a00,1789122597473708216,1789122597848111552,0.0,29,0,0.0,False,False,False,False
B1_RL2_TC,BENIGN_DIVERSE_MODERATE,6,r06-t007-d51340de,1789122597858604217,1789122598247760838,0.0,29,0,0.0,False,False,False,False
B1_RL2_TC,BENIGN_DIVERSE_MODERATE,6,r06-t008-ea8334f9,1789122598258385844,1789122598623161739,0.0,29,0,0.0,False,False,False,False
B1_RL2_TC,BENIGN_DIVERSE_MODERATE,6,r06-t009-6327ea1d,1789122598633494574,1789122599001674585,0.0,29,0,0.0,False,False,False,False
B1_RL2_TC,BENIGN_DIVERSE_MODERATE,6,r06-t010-936446fe,1789122599012418183,1789122599375596726,0.0,29,0,0.0,False,False,False,False
B1_RL2_TC,BENIGN_DIVERSE_MODERATE,6,r06-t011-523eda71,1789122599385435187,1789122599736731130,0.0,30,0,0.0,False,False,False,False
B1_RL2_TC,BENIGN_DIVERSE_MODERATE,6,r06-t012-ba261c47,1789122599748149975,1789122600127075100,0.0,30,0,0.0,False,False,False,False
B1_RL2_TC,BENIGN_DIVERSE_MODERATE,6,r06-t013-328c427c,1789122600136779421,1789122600499927754,0.0,30,0,0.0,False,False,False,False
B1_RL2_TC,BENIGN_DIVERSE_MODERATE,6,r06-t014-4edd4894,1789122600509880761,1789122600867936524,0.0,30,0,0.0,False,False,False,False
B1_RL2_TC,BENIGN_DIVERSE_MODERATE,6,r06-t015-e0bdf5c2,1789122600878113434,1789122601231151310,0.0,30,0,0.0,False,False,False,False
B1_RL2_TC,BENIGN_DIVERSE_MODERATE,6,r06-t016-0f20a434,1789122601241879057,1789122601616956300,0.0,30,0,0.0,False,False,False,False
B1_RL2_TC,BENIGN_DIVERSE_MODERATE,6,r06-t017-fbd329b7,1789122601627149820,1789122601987102739,0.0,30,0,0.0,False,False,False,False
B1_RL2_TC,BENIGN_DIVERSE_MODERATE,6,r06-t018-a29921fa,1789122601997614373,1789122602360383983,0.0,30,0,0.0,False,False,False,False
B1_RL2_TC,BENIGN_DIVERSE_MODERATE,6,r06-t019-c2a50ca2,1789122602370571497,1789122602750334246,0.0,30,0,0.0,False,False,False,False
B1_RL2_TC,BENIGN_DIVERSE_MODERATE,6,r06-t020-7d3dddad,1789122602760321787,1789122603116374543,0.0,30,0,0.0,False,False,False,False
B1_RL2_TC,BENIGN_DIVERSE_MODERATE,6,r06-t021-fefe58e6,1789122603126862532,1789122603532170778,0.0,30,0,0.0,False,False,False,False
B1_RL2_TC,BENIGN_DIVERSE_MODERATE,6,r06-t022-3af4471f,1789122603542258728,1789122603950066112,0.0,30,0,0.0,False,False,False,False
B1_RL2_TC,BENIGN_DIVERSE_MODERATE,6,r06-t023-4fd12147,1789122603960649628,1789122604351479262,0.0,29,0,0.0,False,False,False,False
B1_RL2_TC,BENIGN_DIVERSE_MODERATE,6,r06-t024-65575251,1789122604361723267,1789122604735882476,0.0,29,0,0.0,False,False,False,False
B1_RL2_TC,BENIGN_DIVERSE_MODERATE,6,r06-t025-c3d433f0,1789122604746464491,1789122605120075489,0.0,29,0,0.0,False,False,False,False
B1_RL2_TC,BENIGN_DIVERSE_MODERATE,6,r06-t026-895e7bdd,1789122605130181080,1789122605512071081,0.0,29,0,0.0,False,False,False,False
B1_RL2_TC,BENIGN_DIVERSE_MODERATE,6,r06-t027-d3044a17,1789122605522869676,1789122605875113951,0.0,29,0,0.0,False,False,False,False
B1_RL2_TC,BENIGN_DIVERSE_MODERATE,6,r06-t028-d9e746ea,1789122605885094923,1789122606295142822,0.0,29,0,0.0,False,False,False,False
B1_RL2_TC,BENIGN_DIVERSE_MODERATE,6,r06-t029-342924e1,1789122606307500002,1789122606670847383,0.0,29,0,0.0,False,False,False,False
B1_RL2_TC,BENIGN_DIVERSE_MODERATE,6,r06-t030-5203b7ec,1789122606681712137,1789122607044793858,0.0,29,0,0.0,False,False,False,False
B1_RL2_TC,BENIGN_DIVERSE_MODERATE,6,r06-t031-31dd327a,1789122607055678037,1789122607435147350,0.0,30,0,0.0,False,False,False,False
B1_RL2_TC,BENIGN_DIVERSE_MODERATE,6,r06-t032-dbd09852,1789122607445458730,1789122607825490424,0.0,30,0,0.0,False,False,False,False
B1_RL2_TC,BENIGN_DIVERSE_MODERATE,6,r06-t033-64e71c20,1789122607835418379,1789122608201193731,0.0,30,0,0.0,False,False,False,False
B1_RL2_TC,BENIGN_DIVERSE_MODERATE,6,r06-t034-28be858b,1789122608212039753,1789122608588387862,0.0,30,0,0.0,False,False,False,False
B1_RL2_TC,BENIGN_DIVERSE_MODERATE,6,r06-t035-83a297fd,1789122608598985264,1789122608957519900,0.0,30,0,0.0,False,False,False,False
B1_RL2_TC,BENIGN_DIVERSE_MODERATE,6,r06-t036-03b79cea,1789122608967746446,1789122609353015271,0.0,30,0,0.0,False,False,False,False
B1_RL2_TC,BENIGN_DIVERSE_MODERATE,6,r06-t037-0bc0a34c,1789122609364635781,1789122609732242366,0.0,30,0,0.0,False,False,False,False
B1_RL2_TC,BENIGN_DIVERSE_MODERATE,6,r06-t038-b232e1a1,1789122609742941974,1789122610116170033,0.0,30,0,0.0,False,False,False,False
B1_RL2_TC,BENIGN_DIVERSE_MODERATE,6,r06-t039-ac8d4375,1789122610127557128,1789122610502059562,0.0,30,0,0.0,False,False,False,False
B1_RL2_TC,BENIGN_DIVERSE_MODERATE,6,r06-t040-1e472142,1789122610512061480,1789122610875748024,0.0,30,0,0.0,False,False,False,False
B1_RL2_TC,BENIGN_DIVERSE_MODERATE,6,r06-t041-a808bbff,1789122610885799157,1789122611244332848,0.0,30,0,0.0,False,False,False,False
B1_RL2_TC,BENIGN_DIVERSE_MODERATE,6,r06-t042-3c54d4a4,1789122611254171537,1789122611660350459,0.0,30,0,0.0,False,False,False,False
B1_RL2_TC,BENIGN_DIVERSE_MODERATE,6,r06-t043-0c26774b,1789122611671832016,1789122612043001862,0.0,30,0,0.0,False,False,False,False
B1_RL2_TC,BENIGN_DIVERSE_MODERATE,6,r06-t044-c67dbac4,1789122612054250477,1789122612456493583,0.0,30,0,0.0,False,False,False,False
B1_RL2_TC,BENIGN_DIVERSE_MODERATE,6,r06-t045-cdc3613b,1789122612466815536,1789122612864518842,0.0,29,0,0.0,False,False,False,False
B1_RL2_TC,BENIGN_DIVERSE_MODERATE,6,r06-t046-0a1ad0f4,1789122612876388257,1789122613256233409,0.0,29,0,0.0,False,False,False,False
B1_RL2_TC,BENIGN_DIVERSE_MODERATE,6,r06-t047-514725ae,1789122613266379003,1789122613631929359,0.0,29,0,0.0,False,False,False,False
B1_RL2_TC,BENIGN_DIVERSE_MODERATE,6,r06-t048-5195e116,1789122613641923909,1789122613999582229,0.0,29,0,0.0,False,False,False,False
B1_RL2_TC,BENIGN_DIVERSE_MODERATE,6,r06-t049-697f4ebc,1789122614010447994,1789122614371222302,0.0,29,0,0.0,False,False,False,False
B0_OFF,ATTACK_DIVERSE_MODERATE,6,r06-t000-262c6be8,1789122627228993615,1789122627361822551,0.0,24,0,0.0,False,False,False,False
B0_OFF,ATTACK_DIVERSE_MODERATE,6,r06-t001-f9e61ac3,1789122627372846313,1789122627685910889,0.0,25,0,0.0,False,False,False,False
B0_OFF,ATTACK_DIVERSE_MODERATE,6,r06-t002-28c1fa73,1789122627697911130,1789122627979957078,0.0,26,0,0.0,False,False,False,False
B0_OFF,ATTACK_DIVERSE_MODERATE,6,r06-t003-020aa5bf,1789122627991211845,1789122628304565484,0.0,27,0,0.0,False,False,False,False
B0_OFF,ATTACK_DIVERSE_MODERATE,6,r06-t004-96c60591,1789122628315802131,1789122628639118149,0.0,28,0,0.0,False,False,False,False
B0_OFF,ATTACK_DIVERSE_MODERATE,6,r06-t005-b356b098,1789122628650056056,1789122628976840545,0.0,29,0,0.0,False,False,False,False
B0_OFF,ATTACK_DIVERSE_MODERATE,6,r06-t006-106a6a00,1789122628986906899,1789122629319666747,0.0,30,0,0.0,False,False,False,False
B0_OFF,ATTACK_DIVERSE_MODERATE,6,r06-t007-d51340de,1789122629330205450,1789122629648771046,0.0,31,0,0.0,False,False,False,False
B0_OFF,ATTACK_DIVERSE_MODERATE,6,r06-t008-ea8334f9,1789122629658975338,1789122630012034863,0.0,31,0,0.0,False,False,False,False
B0_OFF,ATTACK_DIVERSE_MODERATE,6,r06-t009-6327ea1d,1789122630022661697,1789122630360457616,0.0,30,0,0.0,False,False,False,False
B0_OFF,ATTACK_DIVERSE_MODERATE,6,r06-t010-936446fe,1789122630371284528,1789122630655961073,0.0,30,0,0.0,False,False,False,False
B0_OFF,ATTACK_DIVERSE_MODERATE,6,r06-t011-523eda71,1789122630666093075,1789122631001988028,0.0,30,0,0.0,False,False,False,False
B0_OFF,ATTACK_DIVERSE_MODERATE,6,r06-t012-ba261c47,1789122631012858484,1789122631353618081,0.0,30,0,0.0,False,False,False,False
B0_OFF,ATTACK_DIVERSE_MODERATE,6,r06-t013-328c427c,1789122631365087630,1789122631664495191,0.0,30,0,0.0,False,False,False,False
B0_OFF,ATTACK_DIVERSE_MODERATE,6,r06-t014-4edd4894,1789122631674666944,1789122631997235402,0.0,30,0,0.0,False,False,False,False
B0_OFF,ATTACK_DIVERSE_MODERATE,6,r06-t015-e0bdf5c2,1789122632007578391,1789122632318970918,0.0,30,0,0.0,False,False,False,False
B0_OFF,ATTACK_DIVERSE_MODERATE,6,r06-t016-0f20a434,1789122632328885484,1789122632683822637,0.0,31,0,0.0,False,False,False,False
B0_OFF,ATTACK_DIVERSE_MODERATE,6,r06-t017-fbd329b7,1789122632693960141,1789122633003586794,0.0,30,0,0.0,False,False,False,False
B0_OFF,ATTACK_DIVERSE_MODERATE,6,r06-t018-a29921fa,1789122633013791942,1789122633341708017,0.0,30,0,0.0,False,False,False,False
B0_OFF,ATTACK_DIVERSE_MODERATE,6,r06-t019-c2a50ca2,1789122633352940964,1789122633649300604,0.0,30,0,0.0,False,False,False,False
B0_OFF,ATTACK_DIVERSE_MODERATE,6,r06-t020-7d3dddad,1789122633659296562,1789122633967638883,0.0,30,0,0.0,False,False,False,False
B0_OFF,ATTACK_DIVERSE_MODERATE,6,r06-t021-fefe58e6,1789122633979064372,1789122634311417113,0.0,31,0,0.0,False,False,False,False
B0_OFF,ATTACK_DIVERSE_MODERATE,6,r06-t022-3af4471f,1789122634323276192,1789122634606251882,0.0,30,0,0.0,False,False,False,False
B0_OFF,ATTACK_DIVERSE_MODERATE,6,r06-t023-4fd12147,1789122634615973117,1789122634971712259,0.0,31,0,0.0,False,False,False,False
B0_OFF,ATTACK_DIVERSE_MODERATE,6,r06-t024-65575251,1789122634983983546,1789122635296395060,0.0,31,0,0.0,False,False,False,False
B0_OFF,ATTACK_DIVERSE_MODERATE,6,r06-t025-c3d433f0,1789122635308054784,1789122635630910680,0.0,30,0,0.0,False,False,False,False
B0_OFF,ATTACK_DIVERSE_MODERATE,6,r06-t026-895e7bdd,1789122635641564450,1789122635979850153,0.0,31,0,0.0,False,False,False,False
B0_OFF,ATTACK_DIVERSE_MODERATE,6,r06-t027-d3044a17,1789122635991376819,1789122636306843425,0.0,30,0,0.0,False,False,False,False
B0_OFF,ATTACK_DIVERSE_MODERATE,6,r06-t028-d9e746ea,1789122636319443561,1789122636629947623,0.0,30,0,0.0,False,False,False,False
B0_OFF,ATTACK_DIVERSE_MODERATE,6,r06-t029-342924e1,1789122636640628397,1789122636934643529,0.0,30,0,0.0,False,False,False,False
B0_OFF,ATTACK_DIVERSE_MODERATE,6,r06-t030-5203b7ec,1789122636944758407,1789122637259720441,0.0,31,0,0.0,False,False,False,False
B0_OFF,ATTACK_DIVERSE_MODERATE,6,r06-t031-31dd327a,1789122637269828098,1789122637615535348,0.0,31,0,0.0,False,False,False,False
B0_OFF,ATTACK_DIVERSE_MODERATE,6,r06-t032-dbd09852,1789122637626138858,1789122637961831095,0.0,30,0,0.0,False,False,False,False
B0_OFF,ATTACK_DIVERSE_MODERATE,6,r06-t033-64e71c20,1789122637972965524,1789122638291873177,0.0,30,0,0.0,False,False,False,False
B0_OFF,ATTACK_DIVERSE_MODERATE,6,r06-t034-28be858b,1789122638302037284,1789122638638274694,0.0,30,0,0.0,False,False,False,False
B0_OFF,ATTACK_DIVERSE_MODERATE,6,r06-t035-83a297fd,1789122638649237713,1789122638943052179,0.0,30,0,0.0,False,False,False,False
B0_OFF,ATTACK_DIVERSE_MODERATE,6,r06-t036-03b79cea,1789122638952801826,1789122639259300163,0.0,30,0,0.0,False,False,False,False
B0_OFF,ATTACK_DIVERSE_MODERATE,6,r06-t037-0bc0a34c,1789122639269978594,1789122639587546473,0.0,30,0,0.0,False,False,False,False
B0_OFF,ATTACK_DIVERSE_MODERATE,6,r06-t038-b232e1a1,1789122639597641659,1789122639925769631,0.0,31,0,0.0,False,False,False,False
B0_OFF,ATTACK_DIVERSE_MODERATE,6,r06-t039-ac8d4375,1789122639936946726,1789122640242640993,0.0,31,0,0.0,False,False,False,False
B0_OFF,ATTACK_DIVERSE_MODERATE,6,r06-t040-1e472142,1789122640252663978,1789122640571595823,0.0,31,0,0.0,False,False,False,False
B0_OFF,ATTACK_DIVERSE_MODERATE,6,r06-t041-a808bbff,1789122640581787497,1789122640923220749,0.0,31,0,0.0,False,False,False,False
B0_OFF,ATTACK_DIVERSE_MODERATE,6,r06-t042-3c54d4a4,1789122640934204773,1789122641281617684,0.0,31,0,0.0,False,False,False,False
B0_OFF,ATTACK_DIVERSE_MODERATE,6,r06-t043-0c26774b,1789122641292635278,1789122641615705436,0.0,30,0,0.0,False,False,False,False
B0_OFF,ATTACK_DIVERSE_MODERATE,6,r06-t044-c67dbac4,1789122641625387947,1789122641952224790,0.0,30,0,0.0,False,False,False,False
B0_OFF,ATTACK_DIVERSE_MODERATE,6,r06-t045-cdc3613b,1789122641963799307,1789122642283118638,0.0,30,0,0.0,False,False,False,False
B0_OFF,ATTACK_DIVERSE_MODERATE,6,r06-t046-0a1ad0f4,1789122642293368049,1789122642620938840,0.0,30,0,0.0,False,False,False,False
B0_OFF,ATTACK_DIVERSE_MODERATE,6,r06-t047-514725ae,1789122642631289092,1789122642969153387,0.0,30,0,0.0,False,False,False,False
B0_OFF,ATTACK_DIVERSE_MODERATE,6,r06-t048-5195e116,1789122642979854980,1789122643272660581,0.0,30,0,0.0,False,False,False,False
B0_OFF,ATTACK_DIVERSE_MODERATE,6,r06-t049-697f4ebc,1789122643285195455,1789122643639047037,0.0,30,0,0.0,False,False,False,False
B1_RL2_TC,ATTACK_DIVERSE_HIGH,6,r06-t000-aa8088a2,1789122657089091504,1789122657370696572,0.0,400,0,0.0,False,False,False,False
B1_RL2_TC,ATTACK_DIVERSE_HIGH,6,r06-t001-b67a9cef,1789122657381602389,1789122657645594895,0.0,401,0,0.0,False,False,False,False
B1_RL2_TC,ATTACK_DIVERSE_HIGH,6,r06-t002-175e360b,1789122657657520603,1789122657931572847,0.0,402,0,0.0,False,False,False,False
B1_RL2_TC,ATTACK_DIVERSE_HIGH,6,r06-t003-d7aaecd1,1789122657942972093,1789122658293429988,0.0,403,0,0.0,False,False,False,False
B1_RL2_TC,ATTACK_DIVERSE_HIGH,6,r06-t004-25401628,1789122658305332627,1789122658648680150,0.0,404,0,0.0,False,False,False,False
B1_RL2_TC,ATTACK_DIVERSE_HIGH,6,r06-t005-ef52da1e,1789122658659925804,1789122659012735218,0.0,405,0,0.0,False,False,False,False
B1_RL2_TC,ATTACK_DIVERSE_HIGH,6,r06-t006-3a4b5758,1789122659024397124,1789122659355176382,0.0,406,0,0.0,False,False,False,False
B1_RL2_TC,ATTACK_DIVERSE_HIGH,6,r06-t007-54356fb6,1789122659367430631,1789122659732873852,0.0,406,0,0.0,False,False,False,False
B1_RL2_TC,ATTACK_DIVERSE_HIGH,6,r06-t008-2bf94a0a,1789122659744364758,1789122660062509855,0.0,406,0,0.0,False,False,False,False
B1_RL2_TC,ATTACK_DIVERSE_HIGH,6,r06-t009-f10f9e82,1789122660073503224,1789122660437285633,0.0,406,0,0.0,False,False,False,False
B1_RL2_TC,ATTACK_DIVERSE_HIGH,6,r06-t010-2998fbd5,1789122660450139198,1789122660757674065,0.0,406,0,0.0,False,False,False,False
B1_RL2_TC,ATTACK_DIVERSE_HIGH,6,r06-t011-d089f060,1789122660768586139,1789122661111978771,0.0,406,0,0.0,False,False,False,False
B1_RL2_TC,ATTACK_DIVERSE_HIGH,6,r06-t012-13d57a8f,1789122661122975648,1789122661438460694,0.0,406,0,0.0,False,False,False,False
B1_RL2_TC,ATTACK_DIVERSE_HIGH,6,r06-t013-7feedcad,1789122661449712367,1789122661799833861,0.0,406,0,0.0,False,False,False,False
B1_RL2_TC,ATTACK_DIVERSE_HIGH,6,r06-t014-b93676a3,1789122661812249554,1789122662180676381,0.0,406,0,0.0,False,False,False,False
B1_RL2_TC,ATTACK_DIVERSE_HIGH,6,r06-t015-a34ba3fe,1789122662193074714,1789122662492657789,0.0,406,0,0.0,False,False,False,False
B1_RL2_TC,ATTACK_DIVERSE_HIGH,6,r06-t016-64751829,1789122662504707609,1789122662842578182,0.0,406,0,0.0,False,False,False,False
B1_RL2_TC,ATTACK_DIVERSE_HIGH,6,r06-t017-a849d5d0,1789122662854407168,1789122663198329401,0.0,406,0,0.0,False,False,False,False
B1_RL2_TC,ATTACK_DIVERSE_HIGH,6,r06-t018-b91c75a8,1789122663210242434,1789122663563065529,0.0,406,0,0.0,False,False,False,False
B1_RL2_TC,ATTACK_DIVERSE_HIGH,6,r06-t019-24d41948,1789122663574756589,1789122663916620749,0.0,406,0,0.0,False,False,False,False
B1_RL2_TC,ATTACK_DIVERSE_HIGH,6,r06-t020-21ba9f1d,1789122663927861891,1789122664287463080,0.0,406,0,0.0,False,False,False,False
B1_RL2_TC,ATTACK_DIVERSE_HIGH,6,r06-t021-e1f33c2d,1789122664303630373,1789122664613218949,0.0,406,0,0.0,False,False,False,False
B1_RL2_TC,ATTACK_DIVERSE_HIGH,6,r06-t022-d87ade95,1789122664624685573,1789122664977269148,0.0,406,0,0.0,False,False,False,False
B1_RL2_TC,ATTACK_DIVERSE_HIGH,6,r06-t023-746e18fe,1789122664989140062,1789122665301201911,0.0,406,0,0.0,False,False,False,False
B1_RL2_TC,ATTACK_DIVERSE_HIGH,6,r06-t024-95b8cf41,1789122665312280653,1789122665674096434,0.0,406,0,0.0,False,False,False,False
B1_RL2_TC,ATTACK_DIVERSE_HIGH,6,r06-t025-fff13e3c,1789122665685801723,1789122666027285591,0.0,406,0,0.0,False,False,False,False
B1_RL2_TC,ATTACK_DIVERSE_HIGH,6,r06-t026-92f8a6a7,1789122666038491920,1789122666385590431,0.0,406,0,0.0,False,False,False,False
B1_RL2_TC,ATTACK_DIVERSE_HIGH,6,r06-t027-88f76b44,1789122666396661204,1789122666709343719,0.0,406,0,0.0,False,False,False,False
B1_RL2_TC,ATTACK_DIVERSE_HIGH,6,r06-t028-f0325934,1789122666721658292,1789122667027722457,0.0,406,0,0.0,False,False,False,False
B1_RL2_TC,ATTACK_DIVERSE_HIGH,6,r06-t029-c05404ea,1789122667038790195,1789122667399246069,0.0,406,0,0.0,False,False,False,False
B1_RL2_TC,ATTACK_DIVERSE_HIGH,6,r06-t030-c0fa813d,1789122667410169810,1789122667720294342,0.0,406,0,0.0,False,False,False,False
B1_RL2_TC,ATTACK_DIVERSE_HIGH,6,r06-t031-b118364b,1789122667731705435,1789122668104946507,0.0,406,0,0.0,False,False,False,False
B1_RL2_TC,ATTACK_DIVERSE_HIGH,6,r06-t032-191d7886,1789122668116450559,1789122668433480658,0.0,406,0,0.0,False,False,False,False
B1_RL2_TC,ATTACK_DIVERSE_HIGH,6,r06-t033-f764ef10,1789122668444667845,1789122668788414462,0.0,406,0,0.0,False,False,False,False
B1_RL2_TC,ATTACK_DIVERSE_HIGH,6,r06-t034-831cef14,1789122668799349272,1789122669126683949,0.0,406,0,0.0,False,False,False,False
B1_RL2_TC,ATTACK_DIVERSE_HIGH,6,r06-t035-17ccd54f,1789122669137965082,1789122669469668811,0.0,406,0,0.0,False,False,False,False
B1_RL2_TC,ATTACK_DIVERSE_HIGH,6,r06-t036-608c5cfb,1789122669483010122,1789122669791690643,0.0,406,0,0.0,False,False,False,False
B1_RL2_TC,ATTACK_DIVERSE_HIGH,6,r06-t037-002c4925,1789122669802607138,1789122670151877244,0.0,406,0,0.0,False,False,False,False
B1_RL2_TC,ATTACK_DIVERSE_HIGH,6,r06-t038-da464eb7,1789122670163351176,1789122670500793476,0.0,406,0,0.0,False,False,False,False
B1_RL2_TC,ATTACK_DIVERSE_HIGH,6,r06-t039-f683dd7b,1789122670512315654,1789122670846508404,0.0,406,0,0.0,False,False,False,False
B1_RL2_TC,ATTACK_DIVERSE_HIGH,6,r06-t040-f8bb63aa,1789122670857852795,1789122671165064093,0.0,406,0,0.0,False,False,False,False
B1_RL2_TC,ATTACK_DIVERSE_HIGH,6,r06-t041-da2adeef,1789122671177356243,1789122671488091278,0.0,406,0,0.0,False,False,False,False
B1_RL2_TC,ATTACK_DIVERSE_HIGH,6,r06-t042-6da892d3,1789122671500409580,1789122671865689977,0.0,406,0,0.0,False,False,False,False
B1_RL2_TC,ATTACK_DIVERSE_HIGH,6,r06-t043-afccbe3f,1789122671876576353,1789122672185186816,0.0,406,0,0.0,False,False,False,False
B1_RL2_TC,ATTACK_DIVERSE_HIGH,6,r06-t044-02914889,1789122672196790949,1789122672580654217,0.0,406,0,0.0,False,False,False,False
B1_RL2_TC,ATTACK_DIVERSE_HIGH,6,r06-t045-dccdc511,1789122672591739717,1789122672892606287,0.0,406,0,0.0,False,False,False,False
B1_RL2_TC,ATTACK_DIVERSE_HIGH,6,r06-t046-aa6bce1c,1789122672905065460,1789122673264282870,0.0,406,0,0.0,False,False,False,False
B1_RL2_TC,ATTACK_DIVERSE_HIGH,6,r06-t047-b28398e8,1789122673275680606,1789122673580544792,0.0,406,0,0.0,False,False,False,False
B1_RL2_TC,ATTACK_DIVERSE_HIGH,6,r06-t048-52d101cf,1789122673591895793,1789122673988907856,0.0,406,0,0.0,False,False,False,False
B1_RL2_TC,ATTACK_DIVERSE_HIGH,6,r06-t049-b9762869,1789122673999987690,1789122674262024136,0.0,406,0,0.0,False,False,False,False
B5_LOCKED_TC,BENIGN_DIVERSE_HIGH,6,r06-t000-aa8088a2,1789122689177759063,1789122690363692746,0.0,400,0,0.0,False,False,False,False
B5_LOCKED_TC,BENIGN_DIVERSE_HIGH,6,r06-t001-b67a9cef,1789122690376505995,1789122690776772600,0.0,403,0,0.0,False,False,False,False
B5_LOCKED_TC,BENIGN_DIVERSE_HIGH,6,r06-t002-175e360b,1789122690787828132,1789122691191933503,0.0,404,0,0.0,False,False,False,False
B5_LOCKED_TC,BENIGN_DIVERSE_HIGH,6,r06-t003-d7aaecd1,1789122691204004001,1789122691618160849,0.0,405,0,0.0,False,False,False,False
B5_LOCKED_TC,BENIGN_DIVERSE_HIGH,6,r06-t004-25401628,1789122691629072212,1789122692017457351,0.0,404,0,0.0,False,False,False,False
B5_LOCKED_TC,BENIGN_DIVERSE_HIGH,6,r06-t005-ef52da1e,1789122692029112511,1789122692440113778,0.0,404,0,0.0,False,False,False,False
B5_LOCKED_TC,BENIGN_DIVERSE_HIGH,6,r06-t006-3a4b5758,1789122692452005582,1789122692846057866,0.0,405,0,0.0,False,False,False,False
B5_LOCKED_TC,BENIGN_DIVERSE_HIGH,6,r06-t007-54356fb6,1789122692857048619,1789122693251367993,0.0,405,0,0.0,False,False,False,False
B5_LOCKED_TC,BENIGN_DIVERSE_HIGH,6,r06-t008-2bf94a0a,1789122693262491434,1789122693655740003,0.0,405,0,0.0,False,False,False,False
B5_LOCKED_TC,BENIGN_DIVERSE_HIGH,6,r06-t009-f10f9e82,1789122693667336333,1789122694061966888,0.0,405,0,0.0,False,False,False,False
B5_LOCKED_TC,BENIGN_DIVERSE_HIGH,6,r06-t010-2998fbd5,1789122694072823394,1789122694473626977,0.0,405,0,0.0,False,False,False,False
B5_LOCKED_TC,BENIGN_DIVERSE_HIGH,6,r06-t011-d089f060,1789122694485389473,1789122694881399996,0.0,405,0,0.0,False,False,False,False
B5_LOCKED_TC,BENIGN_DIVERSE_HIGH,6,r06-t012-13d57a8f,1789122694892766033,1789122695295616133,0.0,405,0,0.0,False,False,False,False
B5_LOCKED_TC,BENIGN_DIVERSE_HIGH,6,r06-t013-7feedcad,1789122695307618257,1789122695699332330,0.0,405,0,0.0,False,False,False,False
B5_LOCKED_TC,BENIGN_DIVERSE_HIGH,6,r06-t014-b93676a3,1789122695711903398,1789122696094332090,0.0,405,0,0.0,False,False,False,False
B5_LOCKED_TC,BENIGN_DIVERSE_HIGH,6,r06-t015-a34ba3fe,1789122696105589487,1789122696513088926,0.0,405,0,0.0,False,False,False,False
B5_LOCKED_TC,BENIGN_DIVERSE_HIGH,6,r06-t016-64751829,1789122696525055875,1789122696935666724,0.0,405,0,0.0,False,False,False,False
B5_LOCKED_TC,BENIGN_DIVERSE_HIGH,6,r06-t017-a849d5d0,1789122696946346408,1789122697377119515,0.0,405,0,0.0,False,False,False,False
B5_LOCKED_TC,BENIGN_DIVERSE_HIGH,6,r06-t018-b91c75a8,1789122697388514031,1789122697806493604,0.0,405,0,0.0,False,False,False,False
B5_LOCKED_TC,BENIGN_DIVERSE_HIGH,6,r06-t019-24d41948,1789122697818895017,1789122698215193359,0.0,405,0,0.0,False,False,False,False
B5_LOCKED_TC,BENIGN_DIVERSE_HIGH,6,r06-t020-21ba9f1d,1789122698226356263,1789122698611739347,0.0,405,0,0.0,False,False,False,False
B5_LOCKED_TC,BENIGN_DIVERSE_HIGH,6,r06-t021-e1f33c2d,1789122698623232318,1789122699056310809,0.0,405,0,0.0,False,False,False,False
B5_LOCKED_TC,BENIGN_DIVERSE_HIGH,6,r06-t022-d87ade95,1789122699067615170,1789122699461829557,0.0,405,0,0.0,False,False,False,False
B5_LOCKED_TC,BENIGN_DIVERSE_HIGH,6,r06-t023-746e18fe,1789122699475602261,1789122699895291870,0.0,405,0,0.0,False,False,False,False
B5_LOCKED_TC,BENIGN_DIVERSE_HIGH,6,r06-t024-95b8cf41,1789122699906801627,1789122700290641407,0.0,405,0,0.0,False,False,False,False
B5_LOCKED_TC,BENIGN_DIVERSE_HIGH,6,r06-t025-fff13e3c,1789122700302160879,1789122700681695722,0.0,405,0,0.0,False,False,False,False
B5_LOCKED_TC,BENIGN_DIVERSE_HIGH,6,r06-t026-92f8a6a7,1789122700693560067,1789122701095916479,0.0,405,0,0.0,False,False,False,False
B5_LOCKED_TC,BENIGN_DIVERSE_HIGH,6,r06-t027-88f76b44,1789122701107448869,1789122701546982822,0.0,405,0,0.0,False,False,False,False
B5_LOCKED_TC,BENIGN_DIVERSE_HIGH,6,r06-t028-f0325934,1789122701558155692,1789122701950163939,0.0,405,0,0.0,False,False,False,False
B5_LOCKED_TC,BENIGN_DIVERSE_HIGH,6,r06-t029-c05404ea,1789122701962577745,1789122702366964116,0.0,405,0,0.0,False,False,False,False
B5_LOCKED_TC,BENIGN_DIVERSE_HIGH,6,r06-t030-c0fa813d,1789122702378965534,1789122702782842631,0.0,405,0,0.0,False,False,False,False
B5_LOCKED_TC,BENIGN_DIVERSE_HIGH,6,r06-t031-b118364b,1789122702794272633,1789122703175056603,0.0,406,0,0.0,False,False,False,False
B5_LOCKED_TC,BENIGN_DIVERSE_HIGH,6,r06-t032-191d7886,1789122703187849470,1789122703565495976,0.0,405,0,0.0,False,False,False,False
B5_LOCKED_TC,BENIGN_DIVERSE_HIGH,6,r06-t033-f764ef10,1789122703576501630,1789122704013598305,0.0,405,0,0.0,False,False,False,False
B5_LOCKED_TC,BENIGN_DIVERSE_HIGH,6,r06-t034-831cef14,1789122704025121234,1789122704441113203,0.0,405,0,0.0,False,False,False,False
B5_LOCKED_TC,BENIGN_DIVERSE_HIGH,6,r06-t035-17ccd54f,1789122704452102662,1789122704850050183,0.0,405,0,0.0,False,False,False,False
B5_LOCKED_TC,BENIGN_DIVERSE_HIGH,6,r06-t036-608c5cfb,1789122704860968179,1789122705252897527,0.0,405,0,0.0,False,False,False,False
B5_LOCKED_TC,BENIGN_DIVERSE_HIGH,6,r06-t037-002c4925,1789122705264730315,1789122705652713422,0.0,405,0,0.0,False,False,False,False
B5_LOCKED_TC,BENIGN_DIVERSE_HIGH,6,r06-t038-da464eb7,1789122705664446597,1789122706067913751,0.0,405,0,0.0,False,False,False,False
B5_LOCKED_TC,BENIGN_DIVERSE_HIGH,6,r06-t039-f683dd7b,1789122706080430373,1789122706466360566,0.0,405,0,0.0,False,False,False,False
B5_LOCKED_TC,BENIGN_DIVERSE_HIGH,6,r06-t040-f8bb63aa,1789122706477809775,1789122706864517861,0.0,405,0,0.0,False,False,False,False
B5_LOCKED_TC,BENIGN_DIVERSE_HIGH,6,r06-t041-da2adeef,1789122706876499975,1789122707293200917,0.0,405,0,0.0,False,False,False,False
B5_LOCKED_TC,BENIGN_DIVERSE_HIGH,6,r06-t042-6da892d3,1789122707306550700,1789122707693587004,0.0,405,0,0.0,False,False,False,False
B5_LOCKED_TC,BENIGN_DIVERSE_HIGH,6,r06-t043-afccbe3f,1789122707705061446,1789122708099026855,0.0,405,0,0.0,False,False,False,False
B5_LOCKED_TC,BENIGN_DIVERSE_HIGH,6,r06-t044-02914889,1789122708110998802,1789122708506130862,0.0,405,0,0.0,False,False,False,False
B5_LOCKED_TC,BENIGN_DIVERSE_HIGH,6,r06-t045-dccdc511,1789122708517511904,1789122708921751208,0.0,405,0,0.0,False,False,False,False
B5_LOCKED_TC,BENIGN_DIVERSE_HIGH,6,r06-t046-aa6bce1c,1789122708933930290,1789122709311364669,0.0,405,0,0.0,False,False,False,False
B5_LOCKED_TC,BENIGN_DIVERSE_HIGH,6,r06-t047-b28398e8,1789122709322766428,1789122709706546374,0.0,405,0,0.0,False,False,False,False
B5_LOCKED_TC,BENIGN_DIVERSE_HIGH,6,r06-t048-52d101cf,1789122709717685259,1789122710106553802,0.0,405,0,0.0,False,False,False,False
B5_LOCKED_TC,BENIGN_DIVERSE_HIGH,6,r06-t049-b9762869,1789122710118564279,1789122710498584319,0.0,405,0,0.0,False,False,False,False
B5_LOCKED_TC,ATTACK_DIVERSE_HIGH,7,r07-t000-275629ac,1789122725908624077,1789122726230641289,0.0,400,0,0.0,False,False,False,False
B5_LOCKED_TC,ATTACK_DIVERSE_HIGH,7,r07-t001-1a163eff,1789122726241773704,1789122726445883516,0.0,401,0,0.0,False,False,False,False
B5_LOCKED_TC,ATTACK_DIVERSE_HIGH,7,r07-t002-2ca78d12,1789122726458050406,1789122726816666248,0.0,402,0,0.0,False,False,False,False
B5_LOCKED_TC,ATTACK_DIVERSE_HIGH,7,r07-t003-4f06568c,1789122726828334043,1789122727146756981,0.0,403,0,0.0,False,False,False,False
B5_LOCKED_TC,ATTACK_DIVERSE_HIGH,7,r07-t004-76eeb5cd,1789122727158546515,1789122727498954191,0.0,404,0,0.0,False,False,False,False
B5_LOCKED_TC,ATTACK_DIVERSE_HIGH,7,r07-t005-38197814,1789122727510063113,1789122727844338778,0.0,405,0,0.0,False,False,False,False
B5_LOCKED_TC,ATTACK_DIVERSE_HIGH,7,r07-t006-b7a9ae62,1789122727855394040,1789122728191929788,0.0,405,0,0.0,False,False,False,False
B5_LOCKED_TC,ATTACK_DIVERSE_HIGH,7,r07-t007-52de76db,1789122728203070907,1789122728532504536,0.0,406,0,0.0,False,False,False,False
B5_LOCKED_TC,ATTACK_DIVERSE_HIGH,7,r07-t008-8ff3f07f,1789122728543317664,1789122728884050007,0.0,406,0,0.0,False,False,False,False
B5_LOCKED_TC,ATTACK_DIVERSE_HIGH,7,r07-t009-0142d90e,1789122728895152997,1789122729237078598,0.0,406,0,0.0,False,False,False,False
B5_LOCKED_TC,ATTACK_DIVERSE_HIGH,7,r07-t010-31c087bb,1789122729248879469,1789122729565018654,0.0,406,0,0.0,False,False,False,False
B5_LOCKED_TC,ATTACK_DIVERSE_HIGH,7,r07-t011-064b3cbd,1789122729576065820,1789122729937285667,0.0,406,0,0.0,False,False,False,False
B5_LOCKED_TC,ATTACK_DIVERSE_HIGH,7,r07-t012-20416398,1789122729949486832,1789122730269512224,0.0,406,0,0.0,False,False,False,False
B5_LOCKED_TC,ATTACK_DIVERSE_HIGH,7,r07-t013-41b0b4a7,1789122730280615406,1789122730665093186,0.0,406,0,0.0,False,False,False,False
B5_LOCKED_TC,ATTACK_DIVERSE_HIGH,7,r07-t014-01077621,1789122730676628762,1789122730987704110,0.0,406,0,0.0,False,False,False,False
B5_LOCKED_TC,ATTACK_DIVERSE_HIGH,7,r07-t015-fd2b01dd,1789122730998689329,1789122731339055175,0.0,406,0,0.0,False,False,False,False
B5_LOCKED_TC,ATTACK_DIVERSE_HIGH,7,r07-t016-faf6b52b,1789122731350020342,1789122731652390040,0.0,406,0,0.0,False,False,False,False
B5_LOCKED_TC,ATTACK_DIVERSE_HIGH,7,r07-t017-423529a3,1789122731662978919,1789122732015195719,0.0,406,0,0.0,False,False,False,False
B5_LOCKED_TC,ATTACK_DIVERSE_HIGH,7,r07-t018-d21f3ab5,1789122732026475135,1789122732405050832,0.0,406,0,0.0,False,False,False,False
B5_LOCKED_TC,ATTACK_DIVERSE_HIGH,7,r07-t019-fc3669e9,1789122732417934719,1789122732706804178,0.0,406,0,0.0,False,False,False,False
B5_LOCKED_TC,ATTACK_DIVERSE_HIGH,7,r07-t020-5322bd11,1789122732717931835,1789122733055838017,0.0,406,0,0.0,False,False,False,False
B5_LOCKED_TC,ATTACK_DIVERSE_HIGH,7,r07-t021-01ac5bcc,1789122733066726929,1789122733424605090,0.0,406,0,0.0,False,False,False,False
B5_LOCKED_TC,ATTACK_DIVERSE_HIGH,7,r07-t022-c0d2f01c,1789122733436048784,1789122733771028919,0.0,406,0,0.0,False,False,False,False
B5_LOCKED_TC,ATTACK_DIVERSE_HIGH,7,r07-t023-63350a4d,1789122733782569956,1789122734114799056,0.0,406,0,0.0,False,False,False,False
B5_LOCKED_TC,ATTACK_DIVERSE_HIGH,7,r07-t024-692758c8,1789122734125552307,1789122734468642640,0.0,406,0,0.0,False,False,False,False
B5_LOCKED_TC,ATTACK_DIVERSE_HIGH,7,r07-t025-fba9ad57,1789122734479678133,1789122734798545383,0.0,406,0,0.0,False,False,False,False
B5_LOCKED_TC,ATTACK_DIVERSE_HIGH,7,r07-t026-0f45508f,1789122734810093951,1789122735152670736,0.0,406,0,0.0,False,False,False,False
B5_LOCKED_TC,ATTACK_DIVERSE_HIGH,7,r07-t027-2e19772c,1789122735164217611,1789122735502473206,0.0,406,0,0.0,False,False,False,False
B5_LOCKED_TC,ATTACK_DIVERSE_HIGH,7,r07-t028-9a25620b,1789122735515178402,1789122735825263898,0.0,406,0,0.0,False,False,False,False
B5_LOCKED_TC,ATTACK_DIVERSE_HIGH,7,r07-t029-b8e88726,1789122735837049507,1789122736195143872,0.0,406,0,0.0,False,False,False,False
B5_LOCKED_TC,ATTACK_DIVERSE_HIGH,7,r07-t030-9de366de,1789122736206914941,1789122736522934595,0.0,406,0,0.0,False,False,False,False
B5_LOCKED_TC,ATTACK_DIVERSE_HIGH,7,r07-t031-e6184cba,1789122736534973799,1789122736893231310,0.0,406,0,0.0,False,False,False,False
B5_LOCKED_TC,ATTACK_DIVERSE_HIGH,7,r07-t032-c786d922,1789122736904219032,1789122737227977743,0.0,406,0,0.0,False,False,False,False
B5_LOCKED_TC,ATTACK_DIVERSE_HIGH,7,r07-t033-63368951,1789122737238948944,1789122737569428558,0.0,406,0,0.0,False,False,False,False
B5_LOCKED_TC,ATTACK_DIVERSE_HIGH,7,r07-t034-64218b43,1789122737582520092,1789122737896242860,0.0,406,0,0.0,False,False,False,False
B5_LOCKED_TC,ATTACK_DIVERSE_HIGH,7,r07-t035-be4ecfcb,1789122737907761186,1789122738258203921,0.0,406,0,0.0,False,False,False,False
B5_LOCKED_TC,ATTACK_DIVERSE_HIGH,7,r07-t036-5c6c457d,1789122738268958159,1789122738588166622,0.0,406,0,0.0,False,False,False,False
B5_LOCKED_TC,ATTACK_DIVERSE_HIGH,7,r07-t037-5d54aba2,1789122738600288342,1789122738951295763,0.0,406,0,0.0,False,False,False,False
B5_LOCKED_TC,ATTACK_DIVERSE_HIGH,7,r07-t038-3a877df3,1789122738962175289,1789122739261588497,0.0,406,0,0.0,False,False,False,False
B5_LOCKED_TC,ATTACK_DIVERSE_HIGH,7,r07-t039-a9b3b655,1789122739272996736,1789122739602767306,0.0,406,0,0.0,False,False,False,False
B5_LOCKED_TC,ATTACK_DIVERSE_HIGH,7,r07-t040-9120fe22,1789122739616077785,1789122739962027109,0.0,406,0,0.0,False,False,False,False
B5_LOCKED_TC,ATTACK_DIVERSE_HIGH,7,r07-t041-be39daa1,1789122739973084792,1789122740327485709,0.0,406,0,0.0,False,False,False,False
B5_LOCKED_TC,ATTACK_DIVERSE_HIGH,7,r07-t042-dba646bb,1789122740338301034,1789122740688842903,0.0,406,0,0.0,False,False,False,False
B5_LOCKED_TC,ATTACK_DIVERSE_HIGH,7,r07-t043-bcb9a055,1789122740701187629,1789122741050233331,0.0,406,0,0.0,False,False,False,False
B5_LOCKED_TC,ATTACK_DIVERSE_HIGH,7,r07-t044-48bc51c6,1789122741061239557,1789122741427635682,0.0,406,0,0.0,False,False,False,False
B5_LOCKED_TC,ATTACK_DIVERSE_HIGH,7,r07-t045-229ef936,1789122741438854057,1789122741803105962,0.0,406,0,0.0,False,False,False,False
B5_LOCKED_TC,ATTACK_DIVERSE_HIGH,7,r07-t046-1f2784a3,1789122741815028093,1789122742117254722,0.0,406,0,0.0,False,False,False,False
B5_LOCKED_TC,ATTACK_DIVERSE_HIGH,7,r07-t047-4227e81c,1789122742128538336,1789122742421364235,0.0,406,0,0.0,False,False,False,False
B5_LOCKED_TC,ATTACK_DIVERSE_HIGH,7,r07-t048-d68826b1,1789122742432686181,1789122742787395830,0.0,406,0,0.0,False,False,False,False
B5_LOCKED_TC,ATTACK_DIVERSE_HIGH,7,r07-t049-ffa92ba5,1789122742798987986,1789122743122118564,0.0,406,0,0.0,False,False,False,False
B0_OFF,BENIGN_DIVERSE_HIGH,7,r07-t000-275629ac,1789122758304922557,1789122759044348560,0.0,400,0,0.0,False,False,False,False
B0_OFF,BENIGN_DIVERSE_HIGH,7,r07-t001-1a163eff,1789122759055260820,1789122759399944250,0.0,402,0,0.0,False,False,False,False
B0_OFF,BENIGN_DIVERSE_HIGH,7,r07-t002-2ca78d12,1789122759410989966,1789122759761398004,0.0,403,0,0.0,False,False,False,False
B0_OFF,BENIGN_DIVERSE_HIGH,7,r07-t003-4f06568c,1789122759774463407,1789122760128500676,0.0,404,0,0.0,False,False,False,False
B0_OFF,BENIGN_DIVERSE_HIGH,7,r07-t004-76eeb5cd,1789122760139816436,1789122760494900114,0.0,405,0,0.0,False,False,False,False
B0_OFF,BENIGN_DIVERSE_HIGH,7,r07-t005-38197814,1789122760506718686,1789122760856534088,0.0,406,0,0.0,False,False,False,False
B0_OFF,BENIGN_DIVERSE_HIGH,7,r07-t006-b7a9ae62,1789122760868068098,1789122761222217528,0.0,406,0,0.0,False,False,False,False
B0_OFF,BENIGN_DIVERSE_HIGH,7,r07-t007-52de76db,1789122761232630794,1789122761564651747,0.0,406,0,0.0,False,False,False,False
B0_OFF,BENIGN_DIVERSE_HIGH,7,r07-t008-8ff3f07f,1789122761575404239,1789122761938710760,0.0,406,0,0.0,False,False,False,False
B0_OFF,BENIGN_DIVERSE_HIGH,7,r07-t009-0142d90e,1789122761950203228,1789122762271074015,0.0,406,0,0.0,False,False,False,False
B0_OFF,BENIGN_DIVERSE_HIGH,7,r07-t010-31c087bb,1789122762283327713,1789122762635247850,0.0,406,0,0.0,False,False,False,False
B0_OFF,BENIGN_DIVERSE_HIGH,7,r07-t011-064b3cbd,1789122762646849011,1789122762991172788,0.0,406,0,0.0,False,False,False,False
B0_OFF,BENIGN_DIVERSE_HIGH,7,r07-t012-20416398,1789122763002584713,1789122763344691265,0.0,406,0,0.0,False,False,False,False
B0_OFF,BENIGN_DIVERSE_HIGH,7,r07-t013-41b0b4a7,1789122763355880117,1789122763684800964,0.0,406,0,0.0,False,False,False,False
B0_OFF,BENIGN_DIVERSE_HIGH,7,r07-t014-01077621,1789122763695998579,1789122764048029834,0.0,406,0,0.0,False,False,False,False
B0_OFF,BENIGN_DIVERSE_HIGH,7,r07-t015-fd2b01dd,1789122764059667817,1789122764385008197,0.0,406,0,0.0,False,False,False,False
B0_OFF,BENIGN_DIVERSE_HIGH,7,r07-t016-faf6b52b,1789122764397101090,1789122764736455524,0.0,406,0,0.0,False,False,False,False
B0_OFF,BENIGN_DIVERSE_HIGH,7,r07-t017-423529a3,1789122764747674766,1789122765072785360,0.0,406,0,0.0,False,False,False,False
B0_OFF,BENIGN_DIVERSE_HIGH,7,r07-t018-d21f3ab5,1789122765083892179,1789122765424080927,0.0,406,0,0.0,False,False,False,False
B0_OFF,BENIGN_DIVERSE_HIGH,7,r07-t019-fc3669e9,1789122765435539835,1789122765764690467,0.0,406,0,0.0,False,False,False,False
B0_OFF,BENIGN_DIVERSE_HIGH,7,r07-t020-5322bd11,1789122765776132224,1789122766118793152,0.0,406,0,0.0,False,False,False,False
B0_OFF,BENIGN_DIVERSE_HIGH,7,r07-t021-01ac5bcc,1789122766130158748,1789122766460629741,0.0,406,0,0.0,False,False,False,False
B0_OFF,BENIGN_DIVERSE_HIGH,7,r07-t022-c0d2f01c,1789122766471492977,1789122766832051295,0.0,406,0,0.0,False,False,False,False
B0_OFF,BENIGN_DIVERSE_HIGH,7,r07-t023-63350a4d,1789122766843633346,1789122767180054909,0.0,406,0,0.0,False,False,False,False
B0_OFF,BENIGN_DIVERSE_HIGH,7,r07-t024-692758c8,1789122767192748137,1789122767515138774,0.0,406,0,0.0,False,False,False,False
B0_OFF,BENIGN_DIVERSE_HIGH,7,r07-t025-fba9ad57,1789122767526695004,1789122767874614442,0.0,406,0,0.0,False,False,False,False
B0_OFF,BENIGN_DIVERSE_HIGH,7,r07-t026-0f45508f,1789122767886527049,1789122768226086845,0.0,406,0,0.0,False,False,False,False
B0_OFF,BENIGN_DIVERSE_HIGH,7,r07-t027-2e19772c,1789122768238520271,1789122768591187655,0.0,406,0,0.0,False,False,False,False
B0_OFF,BENIGN_DIVERSE_HIGH,7,r07-t028-9a25620b,1789122768603770790,1789122768934858243,0.0,406,0,0.0,False,False,False,False
B0_OFF,BENIGN_DIVERSE_HIGH,7,r07-t029-b8e88726,1789122768946082617,1789122769280815161,0.0,406,0,0.0,False,False,False,False
B0_OFF,BENIGN_DIVERSE_HIGH,7,r07-t030-9de366de,1789122769293291960,1789122769627615527,0.0,406,0,0.0,False,False,False,False
B0_OFF,BENIGN_DIVERSE_HIGH,7,r07-t031-e6184cba,1789122769639793836,1789122769991247727,0.0,406,0,0.0,False,False,False,False
B0_OFF,BENIGN_DIVERSE_HIGH,7,r07-t032-c786d922,1789122770003682140,1789122770329047749,0.0,406,0,0.0,False,False,False,False
B0_OFF,BENIGN_DIVERSE_HIGH,7,r07-t033-63368951,1789122770342290602,1789122770660357420,0.0,406,0,0.0,False,False,False,False
B0_OFF,BENIGN_DIVERSE_HIGH,7,r07-t034-64218b43,1789122770671704539,1789122771014653873,0.0,405,0,0.0,False,False,False,False
B0_OFF,BENIGN_DIVERSE_HIGH,7,r07-t035-be4ecfcb,1789122771026439761,1789122771358286377,0.0,406,0,0.0,False,False,False,False
B0_OFF,BENIGN_DIVERSE_HIGH,7,r07-t036-5c6c457d,1789122771371232814,1789122771707736258,0.0,406,0,0.0,False,False,False,False
B0_OFF,BENIGN_DIVERSE_HIGH,7,r07-t037-5d54aba2,1789122771719370447,1789122772054416738,0.0,406,0,0.0,False,False,False,False
B0_OFF,BENIGN_DIVERSE_HIGH,7,r07-t038-3a877df3,1789122772066074337,1789122772402160251,0.0,406,0,0.0,False,False,False,False
B0_OFF,BENIGN_DIVERSE_HIGH,7,r07-t039-a9b3b655,1789122772414359705,1789122772751051760,0.0,406,0,0.0,False,False,False,False
B0_OFF,BENIGN_DIVERSE_HIGH,7,r07-t040-9120fe22,1789122772762592303,1789122773095117841,0.0,406,0,0.0,False,False,False,False
B0_OFF,BENIGN_DIVERSE_HIGH,7,r07-t041-be39daa1,1789122773106864648,1789122773456406286,0.0,406,0,0.0,False,False,False,False
B0_OFF,BENIGN_DIVERSE_HIGH,7,r07-t042-dba646bb,1789122773468639251,1789122773796167272,0.0,406,0,0.0,False,False,False,False
B0_OFF,BENIGN_DIVERSE_HIGH,7,r07-t043-bcb9a055,1789122773808115339,1789122774154961396,0.0,406,0,0.0,False,False,False,False
B0_OFF,BENIGN_DIVERSE_HIGH,7,r07-t044-48bc51c6,1789122774166039854,1789122774507782572,0.0,406,0,0.0,False,False,False,False
B0_OFF,BENIGN_DIVERSE_HIGH,7,r07-t045-229ef936,1789122774520463085,1789122774866606053,0.0,406,0,0.0,False,False,False,False
B0_OFF,BENIGN_DIVERSE_HIGH,7,r07-t046-1f2784a3,1789122774878988264,1789122775228310611,0.0,406,0,0.0,False,False,False,False
B0_OFF,BENIGN_DIVERSE_HIGH,7,r07-t047-4227e81c,1789122775240644489,1789122775598113903,0.0,406,0,0.0,False,False,False,False
B0_OFF,BENIGN_DIVERSE_HIGH,7,r07-t048-d68826b1,1789122775611560281,1789122775960299710,0.0,406,0,0.0,False,False,False,False
B0_OFF,BENIGN_DIVERSE_HIGH,7,r07-t049-ffa92ba5,1789122775971471342,1789122776315268479,0.0,406,0,0.0,False,False,False,False
B5_LOCKED_TC,BENIGN_DIVERSE_HIGH,7,r07-t000-275629ac,1789122791414769635,1789122792674240100,0.0,400,0,0.0,False,False,False,False
B5_LOCKED_TC,BENIGN_DIVERSE_HIGH,7,r07-t001-1a163eff,1789122792685620102,1789122793094620367,0.0,403,0,0.0,False,False,False,False
B5_LOCKED_TC,BENIGN_DIVERSE_HIGH,7,r07-t002-2ca78d12,1789122793105505715,1789122793494429855,0.0,404,0,0.0,False,False,False,False
B5_LOCKED_TC,BENIGN_DIVERSE_HIGH,7,r07-t003-4f06568c,1789122793505881603,1789122793898260093,0.0,405,0,0.0,False,False,False,False
B5_LOCKED_TC,BENIGN_DIVERSE_HIGH,7,r07-t004-76eeb5cd,1789122793909580464,1789122794338763434,0.0,405,0,0.0,False,False,False,False
B5_LOCKED_TC,BENIGN_DIVERSE_HIGH,7,r07-t005-38197814,1789122794350842920,1789122794769136000,0.0,405,0,0.0,False,False,False,False
B5_LOCKED_TC,BENIGN_DIVERSE_HIGH,7,r07-t006-b7a9ae62,1789122794781159072,1789122795165784739,0.0,405,0,0.0,False,False,False,False
B5_LOCKED_TC,BENIGN_DIVERSE_HIGH,7,r07-t007-52de76db,1789122795177380051,1789122795549270853,0.0,405,0,0.0,False,False,False,False
B5_LOCKED_TC,BENIGN_DIVERSE_HIGH,7,r07-t008-8ff3f07f,1789122795560225969,1789122795974302738,0.0,405,0,0.0,False,False,False,False
B5_LOCKED_TC,BENIGN_DIVERSE_HIGH,7,r07-t009-0142d90e,1789122795984890312,1789122796380916466,0.0,405,0,0.0,False,False,False,False
B5_LOCKED_TC,BENIGN_DIVERSE_HIGH,7,r07-t010-31c087bb,1789122796393093978,1789122796804995675,0.0,405,0,0.0,False,False,False,False
B5_LOCKED_TC,BENIGN_DIVERSE_HIGH,7,r07-t011-064b3cbd,1789122796816744246,1789122797223243122,0.0,405,0,0.0,False,False,False,False
B5_LOCKED_TC,BENIGN_DIVERSE_HIGH,7,r07-t012-20416398,1789122797235030861,1789122797654757275,0.0,405,0,0.0,False,False,False,False
B5_LOCKED_TC,BENIGN_DIVERSE_HIGH,7,r07-t013-41b0b4a7,1789122797665715608,1789122798044970779,0.0,405,0,0.0,False,False,False,False
B5_LOCKED_TC,BENIGN_DIVERSE_HIGH,7,r07-t014-01077621,1789122798056119648,1789122798454532317,0.0,405,0,0.0,False,False,False,False
B5_LOCKED_TC,BENIGN_DIVERSE_HIGH,7,r07-t015-fd2b01dd,1789122798465886667,1789122798866799568,0.0,405,0,0.0,False,False,False,False
B5_LOCKED_TC,BENIGN_DIVERSE_HIGH,7,r07-t016-faf6b52b,1789122798878202168,1789122799299866480,0.0,405,0,0.0,False,False,False,False
B5_LOCKED_TC,BENIGN_DIVERSE_HIGH,7,r07-t017-423529a3,1789122799311326031,1789122799733843116,0.0,405,0,0.0,False,False,False,False
B5_LOCKED_TC,BENIGN_DIVERSE_HIGH,7,r07-t018-d21f3ab5,1789122799745350728,1789122800169166651,0.0,405,0,0.0,False,False,False,False
B5_LOCKED_TC,BENIGN_DIVERSE_HIGH,7,r07-t019-fc3669e9,1789122800180705481,1789122800579071226,0.0,405,0,0.0,False,False,False,False
B5_LOCKED_TC,BENIGN_DIVERSE_HIGH,7,r07-t020-5322bd11,1789122800591018376,1789122801000257876,0.0,405,0,0.0,False,False,False,False
B5_LOCKED_TC,BENIGN_DIVERSE_HIGH,7,r07-t021-01ac5bcc,1789122801011045446,1789122801393186175,0.0,405,0,0.0,False,False,False,False
B5_LOCKED_TC,BENIGN_DIVERSE_HIGH,7,r07-t022-c0d2f01c,1789122801403628719,1789122801790333592,0.0,405,0,0.0,False,False,False,False
B5_LOCKED_TC,BENIGN_DIVERSE_HIGH,7,r07-t023-63350a4d,1789122801802034578,1789122802205093413,0.0,405,0,0.0,False,False,False,False
B5_LOCKED_TC,BENIGN_DIVERSE_HIGH,7,r07-t024-692758c8,1789122802217334405,1789122802619576607,0.0,405,0,0.0,False,False,False,False
B5_LOCKED_TC,BENIGN_DIVERSE_HIGH,7,r07-t025-fba9ad57,1789122802630808444,1789122803049293823,0.0,405,0,0.0,False,False,False,False
B5_LOCKED_TC,BENIGN_DIVERSE_HIGH,7,r07-t026-0f45508f,1789122803060016781,1789122803480656826,0.0,405,0,0.0,False,False,False,False
B5_LOCKED_TC,BENIGN_DIVERSE_HIGH,7,r07-t027-2e19772c,1789122803491309417,1789122803887144459,0.0,405,0,0.0,False,False,False,False
B5_LOCKED_TC,BENIGN_DIVERSE_HIGH,7,r07-t028-9a25620b,1789122803898086936,1789122804303180465,0.0,405,0,0.0,False,False,False,False
B5_LOCKED_TC,BENIGN_DIVERSE_HIGH,7,r07-t029-b8e88726,1789122804314516204,1789122804726567290,0.0,405,0,0.0,False,False,False,False
B5_LOCKED_TC,BENIGN_DIVERSE_HIGH,7,r07-t030-9de366de,1789122804738010376,1789122805122115187,0.0,405,0,0.0,False,False,False,False
B5_LOCKED_TC,BENIGN_DIVERSE_HIGH,7,r07-t031-e6184cba,1789122805133309625,1789122805533863903,0.0,405,0,0.0,False,False,False,False
B5_LOCKED_TC,BENIGN_DIVERSE_HIGH,7,r07-t032-c786d922,1789122805544721069,1789122805953602888,0.0,405,0,0.0,False,False,False,False
B5_LOCKED_TC,BENIGN_DIVERSE_HIGH,7,r07-t033-63368951,1789122805965533249,1789122806377664917,0.0,405,0,0.0,False,False,False,False
B5_LOCKED_TC,BENIGN_DIVERSE_HIGH,7,r07-t034-64218b43,1789122806389124271,1789122806810614208,0.0,405,0,0.0,False,False,False,False
B5_LOCKED_TC,BENIGN_DIVERSE_HIGH,7,r07-t035-be4ecfcb,1789122806824088675,1789122807215015889,0.0,405,0,0.0,False,False,False,False
B5_LOCKED_TC,BENIGN_DIVERSE_HIGH,7,r07-t036-5c6c457d,1789122807225490575,1789122807604692193,0.0,405,0,0.0,False,False,False,False
B5_LOCKED_TC,BENIGN_DIVERSE_HIGH,7,r07-t037-5d54aba2,1789122807615666260,1789122808008147511,0.0,405,0,0.0,False,False,False,False
B5_LOCKED_TC,BENIGN_DIVERSE_HIGH,7,r07-t038-3a877df3,1789122808020413533,1789122808412379609,0.0,405,0,0.0,False,False,False,False
B5_LOCKED_TC,BENIGN_DIVERSE_HIGH,7,r07-t039-a9b3b655,1789122808425295394,1789122808810002772,0.0,405,0,0.0,False,False,False,False
B5_LOCKED_TC,BENIGN_DIVERSE_HIGH,7,r07-t040-9120fe22,1789122808825041489,1789122809253733660,0.0,405,0,0.0,False,False,False,False
B5_LOCKED_TC,BENIGN_DIVERSE_HIGH,7,r07-t041-be39daa1,1789122809265697124,1789122809662290410,0.0,405,0,0.0,False,False,False,False
B5_LOCKED_TC,BENIGN_DIVERSE_HIGH,7,r07-t042-dba646bb,1789122809676832111,1789122810085597314,0.0,405,0,0.0,False,False,False,False
B5_LOCKED_TC,BENIGN_DIVERSE_HIGH,7,r07-t043-bcb9a055,1789122810097108309,1789122810508124979,0.0,405,0,0.0,False,False,False,False
B5_LOCKED_TC,BENIGN_DIVERSE_HIGH,7,r07-t044-48bc51c6,1789122811181340952,1789122811604356397,0.0,354,0,0.0,False,False,False,False
B5_LOCKED_TC,BENIGN_DIVERSE_HIGH,7,r07-t045-229ef936,1789122812642533520,1789122813030921477,0.0,110,0,0.0,False,False,False,False
B5_LOCKED_TC,BENIGN_DIVERSE_HIGH,7,r07-t046-1f2784a3,1789122813042819221,1789122813449433791,0.0,86,0,0.0,False,False,False,False
B5_LOCKED_TC,BENIGN_DIVERSE_HIGH,7,r07-t047-4227e81c,1789122813460771809,1789122813854034140,0.0,171,0,0.0,False,False,False,False
B5_LOCKED_TC,BENIGN_DIVERSE_HIGH,7,r07-t048-d68826b1,1789122813865767581,1789122814270513872,0.0,201,0,0.0,False,False,False,False
B5_LOCKED_TC,BENIGN_DIVERSE_HIGH,7,r07-t049-ffa92ba5,1789122814281908583,1789122814649725869,0.0,285,0,0.0,False,False,False,False
B0_OFF,BENIGN_DIVERSE_MODERATE,7,r07-t000-ba0d8147,1789122827162593520,1789122827514083561,0.0,24,0,0.0,False,False,False,False
B0_OFF,BENIGN_DIVERSE_MODERATE,7,r07-t001-f35a1e82,1789122827525017941,1789122827874032177,0.0,25,0,0.0,False,False,False,False
B0_OFF,BENIGN_DIVERSE_MODERATE,7,r07-t002-7181462b,1789122827885452290,1789122828213740374,0.0,26,0,0.0,False,False,False,False
B0_OFF,BENIGN_DIVERSE_MODERATE,7,r07-t003-207912a2,1789122828224657658,1789122828562704175,0.0,27,0,0.0,False,False,False,False
B0_OFF,BENIGN_DIVERSE_MODERATE,7,r07-t004-17b26096,1789122828573477961,1789122828911956021,0.0,28,0,0.0,False,False,False,False
B0_OFF,BENIGN_DIVERSE_MODERATE,7,r07-t005-0253af76,1789122828922925143,1789122829278856218,0.0,29,0,0.0,False,False,False,False
B0_OFF,BENIGN_DIVERSE_MODERATE,7,r07-t006-617a49ba,1789122829289105963,1789122829635284511,0.0,30,0,0.0,False,False,False,False
B0_OFF,BENIGN_DIVERSE_MODERATE,7,r07-t007-1c5ae8fc,1789122829646307573,1789122829974777814,0.0,30,0,0.0,False,False,False,False
B0_OFF,BENIGN_DIVERSE_MODERATE,7,r07-t008-1344b602,1789122829985528354,1789122830343285827,0.0,30,0,0.0,False,False,False,False
B0_OFF,BENIGN_DIVERSE_MODERATE,7,r07-t009-1e4411bf,1789122830353530395,1789122830700945306,0.0,30,0,0.0,False,False,False,False
B0_OFF,BENIGN_DIVERSE_MODERATE,7,r07-t010-712ebef1,1789122830711224892,1789122831051740401,0.0,30,0,0.0,False,False,False,False
B0_OFF,BENIGN_DIVERSE_MODERATE,7,r07-t011-5376bef7,1789122831062968675,1789122831397974301,0.0,30,0,0.0,False,False,False,False
B0_OFF,BENIGN_DIVERSE_MODERATE,7,r07-t012-265f3a8b,1789122831408523770,1789122831747678940,0.0,30,0,0.0,False,False,False,False
B0_OFF,BENIGN_DIVERSE_MODERATE,7,r07-t013-aa86e16a,1789122831757879360,1789122832095265930,0.0,30,0,0.0,False,False,False,False
B0_OFF,BENIGN_DIVERSE_MODERATE,7,r07-t014-4ebc97a3,1789122832107278814,1789122832458190259,0.0,30,0,0.0,False,False,False,False
B0_OFF,BENIGN_DIVERSE_MODERATE,7,r07-t015-ce69e4e7,1789122832469525093,1789122832812917730,0.0,30,0,0.0,False,False,False,False
B0_OFF,BENIGN_DIVERSE_MODERATE,7,r07-t016-f8c7b7eb,1789122832824093101,1789122833146036241,0.0,30,0,0.0,False,False,False,False
B0_OFF,BENIGN_DIVERSE_MODERATE,7,r07-t017-d28a60ff,1789122833157948778,1789122833474153571,0.0,30,0,0.0,False,False,False,False
B0_OFF,BENIGN_DIVERSE_MODERATE,7,r07-t018-2fb95da3,1789122833484289414,1789122833830814754,0.0,30,0,0.0,False,False,False,False
B0_OFF,BENIGN_DIVERSE_MODERATE,7,r07-t019-fed17bc9,1789122833841549480,1789122834193204305,0.0,30,0,0.0,False,False,False,False
B0_OFF,BENIGN_DIVERSE_MODERATE,7,r07-t020-f0c7d88e,1789122834204063006,1789122834539357154,0.0,30,0,0.0,False,False,False,False
B0_OFF,BENIGN_DIVERSE_MODERATE,7,r07-t021-4eb1954f,1789122834549712236,1789122834880386072,0.0,30,0,0.0,False,False,False,False
B0_OFF,BENIGN_DIVERSE_MODERATE,7,r07-t022-da0937dd,1789122834892289479,1789122835231080066,0.0,30,0,0.0,False,False,False,False
B0_OFF,BENIGN_DIVERSE_MODERATE,7,r07-t023-a4478e86,1789122835244274153,1789122835583787317,0.0,30,0,0.0,False,False,False,False
B0_OFF,BENIGN_DIVERSE_MODERATE,7,r07-t024-6e6bc8f0,1789122835593946975,1789122835946260365,0.0,30,0,0.0,False,False,False,False
B0_OFF,BENIGN_DIVERSE_MODERATE,7,r07-t025-09f89b43,1789122835956482999,1789122836306295423,0.0,30,0,0.0,False,False,False,False
B0_OFF,BENIGN_DIVERSE_MODERATE,7,r07-t026-d09d5bc6,1789122836316473439,1789122836638107240,0.0,30,0,0.0,False,False,False,False
B0_OFF,BENIGN_DIVERSE_MODERATE,7,r07-t027-63acec97,1789122836648137753,1789122836999996608,0.0,30,0,0.0,False,False,False,False
B0_OFF,BENIGN_DIVERSE_MODERATE,7,r07-t028-2404d075,1789122837011495419,1789122837377864805,0.0,30,0,0.0,False,False,False,False
B0_OFF,BENIGN_DIVERSE_MODERATE,7,r07-t029-de4b82c3,1789122837388235618,1789122837738898263,0.0,30,0,0.0,False,False,False,False
B0_OFF,BENIGN_DIVERSE_MODERATE,7,r07-t030-3f0d2ef5,1789122837762806765,1789122838122823482,0.0,30,0,0.0,False,False,False,False
B0_OFF,BENIGN_DIVERSE_MODERATE,7,r07-t031-a11385fd,1789122838134237148,1789122838463455992,0.0,30,0,0.0,False,False,False,False
B0_OFF,BENIGN_DIVERSE_MODERATE,7,r07-t032-220fc670,1789122838474612233,1789122838808442031,0.0,30,0,0.0,False,False,False,False
B0_OFF,BENIGN_DIVERSE_MODERATE,7,r07-t033-af7d21ad,1789122838819411991,1789122839150577657,0.0,30,0,0.0,False,False,False,False
B0_OFF,BENIGN_DIVERSE_MODERATE,7,r07-t034-70d0ea89,1789122839162899171,1789122839485640372,0.0,30,0,0.0,False,False,False,False
B0_OFF,BENIGN_DIVERSE_MODERATE,7,r07-t035-ac6c2c65,1789122839496165774,1789122839841895329,0.0,30,0,0.0,False,False,False,False
B0_OFF,BENIGN_DIVERSE_MODERATE,7,r07-t036-43aac2e2,1789122839851985065,1789122840194427975,0.0,30,0,0.0,False,False,False,False
B0_OFF,BENIGN_DIVERSE_MODERATE,7,r07-t037-f893b5fe,1789122840205487149,1789122840546230161,0.0,30,0,0.0,False,False,False,False
B0_OFF,BENIGN_DIVERSE_MODERATE,7,r07-t038-ec91e561,1789122840556485081,1789122840894894612,0.0,30,0,0.0,False,False,False,False
B0_OFF,BENIGN_DIVERSE_MODERATE,7,r07-t039-d391619d,1789122840906879987,1789122841227412778,0.0,30,0,0.0,False,False,False,False
B0_OFF,BENIGN_DIVERSE_MODERATE,7,r07-t040-15e3224e,1789122841238987276,1789122841590273664,0.0,30,0,0.0,False,False,False,False
B0_OFF,BENIGN_DIVERSE_MODERATE,7,r07-t041-c8c3866e,1789122841600563212,1789122841946347449,0.0,30,0,0.0,False,False,False,False
B0_OFF,BENIGN_DIVERSE_MODERATE,7,r07-t042-7ba426e9,1789122841956655538,1789122842298602139,0.0,30,0,0.0,False,False,False,False
B0_OFF,BENIGN_DIVERSE_MODERATE,7,r07-t043-af76c352,1789122843046453151,1789122843378155048,0.0,23,0,0.0,False,False,False,False
B0_OFF,BENIGN_DIVERSE_MODERATE,7,r07-t044-0f1f71d5,1789122844415966711,1789122844753146068,0.0,6,0,0.0,False,False,False,False
B0_OFF,BENIGN_DIVERSE_MODERATE,7,r07-t045-72d131fa,1789122844764945163,1789122845101896044,0.0,7,0,0.0,False,False,False,False
B0_OFF,BENIGN_DIVERSE_MODERATE,7,r07-t046-a2aa3b4e,1789122845113887665,1789122845433837961,0.0,12,0,0.0,False,False,False,False
B0_OFF,BENIGN_DIVERSE_MODERATE,7,r07-t047-b207de91,1789122845444413882,1789122845807467578,0.0,15,0,0.0,False,False,False,False
B0_OFF,BENIGN_DIVERSE_MODERATE,7,r07-t048-2b93662b,1789122845817670938,1789122846155244995,0.0,18,0,0.0,False,False,False,False
B0_OFF,BENIGN_DIVERSE_MODERATE,7,r07-t049-c5d15f5d,1789122846165957435,1789122846512478110,0.0,23,0,0.0,False,False,False,False
B1_RL2_TC,BENIGN_DIVERSE_HIGH,7,r07-t000-275629ac,1789122859648110754,1789122860811256334,0.0,400,0,0.0,False,False,False,False
B1_RL2_TC,BENIGN_DIVERSE_HIGH,7,r07-t001-1a163eff,1789122860822433189,1789122861212857586,0.0,403,0,0.0,False,False,False,False
B1_RL2_TC,BENIGN_DIVERSE_HIGH,7,r07-t002-2ca78d12,1789122861223528165,1789122861635191884,0.0,404,0,0.0,False,False,False,False
B1_RL2_TC,BENIGN_DIVERSE_HIGH,7,r07-t003-4f06568c,1789122861646430588,1789122862046888677,0.0,405,0,0.0,False,False,False,False
B1_RL2_TC,BENIGN_DIVERSE_HIGH,7,r07-t004-76eeb5cd,1789122862057786285,1789122862446083344,0.0,406,0,0.0,False,False,False,False
B1_RL2_TC,BENIGN_DIVERSE_HIGH,7,r07-t005-38197814,1789122862457539564,1789122862870008548,0.0,405,0,0.0,False,False,False,False
B1_RL2_TC,BENIGN_DIVERSE_HIGH,7,r07-t006-b7a9ae62,1789122862880677411,1789122863267536410,0.0,406,0,0.0,False,False,False,False
B1_RL2_TC,BENIGN_DIVERSE_HIGH,7,r07-t007-52de76db,1789122863279876888,1789122863697589294,0.0,405,0,0.0,False,False,False,False
B1_RL2_TC,BENIGN_DIVERSE_HIGH,7,r07-t008-8ff3f07f,1789122863709698927,1789122864111761940,0.0,405,0,0.0,False,False,False,False
B1_RL2_TC,BENIGN_DIVERSE_HIGH,7,r07-t009-0142d90e,1789122864123828213,1789122864529507055,0.0,405,0,0.0,False,False,False,False
B1_RL2_TC,BENIGN_DIVERSE_HIGH,7,r07-t010-31c087bb,1789122864541439856,1789122864948784562,0.0,405,0,0.0,False,False,False,False
B1_RL2_TC,BENIGN_DIVERSE_HIGH,7,r07-t011-064b3cbd,1789122864962089511,1789122865373083602,0.0,405,0,0.0,False,False,False,False
B1_RL2_TC,BENIGN_DIVERSE_HIGH,7,r07-t012-20416398,1789122865386278549,1789122865802630024,0.0,405,0,0.0,False,False,False,False
B1_RL2_TC,BENIGN_DIVERSE_HIGH,7,r07-t013-41b0b4a7,1789122865816592911,1789122866211211708,0.0,405,0,0.0,False,False,False,False
B1_RL2_TC,BENIGN_DIVERSE_HIGH,7,r07-t014-01077621,1789122866223406271,1789122866643401382,0.0,405,0,0.0,False,False,False,False
B1_RL2_TC,BENIGN_DIVERSE_HIGH,7,r07-t015-fd2b01dd,1789122866656311474,1789122867062648347,0.0,405,0,0.0,False,False,False,False
B1_RL2_TC,BENIGN_DIVERSE_HIGH,7,r07-t016-faf6b52b,1789122867073756936,1789122867479435117,0.0,405,0,0.0,False,False,False,False
B1_RL2_TC,BENIGN_DIVERSE_HIGH,7,r07-t017-423529a3,1789122867492263015,1789122867924529981,0.0,405,0,0.0,False,False,False,False
B1_RL2_TC,BENIGN_DIVERSE_HIGH,7,r07-t018-d21f3ab5,1789122867935561653,1789122868343854523,0.0,404,0,0.0,False,False,False,False
B1_RL2_TC,BENIGN_DIVERSE_HIGH,7,r07-t019-fc3669e9,1789122868355390017,1789122868746724405,0.0,405,0,0.0,False,False,False,False
B1_RL2_TC,BENIGN_DIVERSE_HIGH,7,r07-t020-5322bd11,1789122868758128593,1789122869154197870,0.0,405,0,0.0,False,False,False,False
B1_RL2_TC,BENIGN_DIVERSE_HIGH,7,r07-t021-01ac5bcc,1789122869165832242,1789122869583822151,0.0,405,0,0.0,False,False,False,False
B1_RL2_TC,BENIGN_DIVERSE_HIGH,7,r07-t022-c0d2f01c,1789122869595247549,1789122870008053324,0.0,405,0,0.0,False,False,False,False
B1_RL2_TC,BENIGN_DIVERSE_HIGH,7,r07-t023-63350a4d,1789122870019400866,1789122870398969108,0.0,405,0,0.0,False,False,False,False
B1_RL2_TC,BENIGN_DIVERSE_HIGH,7,r07-t024-692758c8,1789122870411359019,1789122870802079312,0.0,405,0,0.0,False,False,False,False
B1_RL2_TC,BENIGN_DIVERSE_HIGH,7,r07-t025-fba9ad57,1789122870815613861,1789122871230619881,0.0,406,0,0.0,False,False,False,False
B1_RL2_TC,BENIGN_DIVERSE_HIGH,7,r07-t026-0f45508f,1789122871242156149,1789122871638971128,0.0,405,0,0.0,False,False,False,False
B1_RL2_TC,BENIGN_DIVERSE_HIGH,7,r07-t027-2e19772c,1789122871650259544,1789122872026622746,0.0,405,0,0.0,False,False,False,False
B1_RL2_TC,BENIGN_DIVERSE_HIGH,7,r07-t028-9a25620b,1789122872037790173,1789122872418373516,0.0,405,0,0.0,False,False,False,False
B1_RL2_TC,BENIGN_DIVERSE_HIGH,7,r07-t029-b8e88726,1789122872429369230,1789122872835267735,0.0,405,0,0.0,False,False,False,False
B1_RL2_TC,BENIGN_DIVERSE_HIGH,7,r07-t030-9de366de,1789122872846951065,1789122873248018519,0.0,405,0,0.0,False,False,False,False
B1_RL2_TC,BENIGN_DIVERSE_HIGH,7,r07-t031-e6184cba,1789122873259968476,1789122873636533355,0.0,405,0,0.0,False,False,False,False
B1_RL2_TC,BENIGN_DIVERSE_HIGH,7,r07-t032-c786d922,1789122873647925404,1789122874058221834,0.0,405,0,0.0,False,False,False,False
B1_RL2_TC,BENIGN_DIVERSE_HIGH,7,r07-t033-63368951,1789122874845193786,1789122875216580675,0.0,312,0,0.0,False,False,False,False
B1_RL2_TC,BENIGN_DIVERSE_HIGH,7,r07-t034-64218b43,1789122876257360114,1789122876637214405,0.0,78,0,0.0,False,False,False,False
B1_RL2_TC,BENIGN_DIVERSE_HIGH,7,r07-t035-be4ecfcb,1789122876648993501,1789122877037367438,0.0,93,0,0.0,False,False,False,False
B1_RL2_TC,BENIGN_DIVERSE_HIGH,7,r07-t036-5c6c457d,1789122877048944003,1789122877435409072,0.0,174,0,0.0,False,False,False,False
B1_RL2_TC,BENIGN_DIVERSE_HIGH,7,r07-t037-5d54aba2,1789122877447268289,1789122877855690649,0.0,203,0,0.0,False,False,False,False
B1_RL2_TC,BENIGN_DIVERSE_HIGH,7,r07-t038-3a877df3,1789122877867931033,1789122878260461963,0.0,288,0,0.0,False,False,False,False
B1_RL2_TC,BENIGN_DIVERSE_HIGH,7,r07-t039-a9b3b655,1789122878271322466,1789122878680445718,0.0,369,0,0.0,False,False,False,False
B1_RL2_TC,BENIGN_DIVERSE_HIGH,7,r07-t040-9120fe22,1789122878691366335,1789122879110231242,0.0,405,0,0.0,False,False,False,False
B1_RL2_TC,BENIGN_DIVERSE_HIGH,7,r07-t041-be39daa1,1789122879121112037,1789122879528679711,0.0,405,0,0.0,False,False,False,False
B1_RL2_TC,BENIGN_DIVERSE_HIGH,7,r07-t042-dba646bb,1789122879541200090,1789122879955922795,0.0,405,0,0.0,False,False,False,False
B1_RL2_TC,BENIGN_DIVERSE_HIGH,7,r07-t043-bcb9a055,1789122879967598823,1789122880363011901,0.0,405,0,0.0,False,False,False,False
B1_RL2_TC,BENIGN_DIVERSE_HIGH,7,r07-t044-48bc51c6,1789122880374667714,1789122880755195309,0.0,405,0,0.0,False,False,False,False
B1_RL2_TC,BENIGN_DIVERSE_HIGH,7,r07-t045-229ef936,1789122880767061442,1789122881174808039,0.0,405,0,0.0,False,False,False,False
B1_RL2_TC,BENIGN_DIVERSE_HIGH,7,r07-t046-1f2784a3,1789122881186821389,1789122881572016663,0.0,405,0,0.0,False,False,False,False
B1_RL2_TC,BENIGN_DIVERSE_HIGH,7,r07-t047-4227e81c,1789122881583623560,1789122881980643529,0.0,405,0,0.0,False,False,False,False
B1_RL2_TC,BENIGN_DIVERSE_HIGH,7,r07-t048-d68826b1,1789122881993565343,1789122882388595244,0.0,405,0,0.0,False,False,False,False
B1_RL2_TC,BENIGN_DIVERSE_HIGH,7,r07-t049-ffa92ba5,1789122882399777239,1789122882797286540,0.0,405,0,0.0,False,False,False,False
B0_OFF,ATTACK_DIVERSE_MODERATE,7,r07-t000-ba0d8147,1789122894965398190,1789122895122857293,0.0,24,0,0.0,False,False,False,False
B0_OFF,ATTACK_DIVERSE_MODERATE,7,r07-t001-f35a1e82,1789122895134992408,1789122895402854704,0.0,25,0,0.0,False,False,False,False
B0_OFF,ATTACK_DIVERSE_MODERATE,7,r07-t002-7181462b,1789122895413153722,1789122895736894903,0.0,26,0,0.0,False,False,False,False
B0_OFF,ATTACK_DIVERSE_MODERATE,7,r07-t003-207912a2,1789122895748347720,1789122896067335130,0.0,27,0,0.0,False,False,False,False
B0_OFF,ATTACK_DIVERSE_MODERATE,7,r07-t004-17b26096,1789122896078583767,1789122896423094286,0.0,28,0,0.0,False,False,False,False
B0_OFF,ATTACK_DIVERSE_MODERATE,7,r07-t005-0253af76,1789122896433258967,1789122896732541849,0.0,29,0,0.0,False,False,False,False
B0_OFF,ATTACK_DIVERSE_MODERATE,7,r07-t006-617a49ba,1789122896745368069,1789122897064843125,0.0,30,0,0.0,False,False,False,False
B0_OFF,ATTACK_DIVERSE_MODERATE,7,r07-t007-1c5ae8fc,1789122897074829141,1789122897391035238,0.0,31,0,0.0,False,False,False,False
B0_OFF,ATTACK_DIVERSE_MODERATE,7,r07-t008-1344b602,1789122897400870557,1789122897711659094,0.0,30,0,0.0,False,False,False,False
B0_OFF,ATTACK_DIVERSE_MODERATE,7,r07-t009-1e4411bf,1789122897722317723,1789122898065147434,0.0,31,0,0.0,False,False,False,False
B0_OFF,ATTACK_DIVERSE_MODERATE,7,r07-t010-712ebef1,1789122898075695520,1789122898379017007,0.0,30,0,0.0,False,False,False,False
B0_OFF,ATTACK_DIVERSE_MODERATE,7,r07-t011-5376bef7,1789122898390930819,1789122898701310629,0.0,31,0,0.0,False,False,False,False
B0_OFF,ATTACK_DIVERSE_MODERATE,7,r07-t012-265f3a8b,1789122898712155105,1789122899024833646,0.0,31,0,0.0,False,False,False,False
B0_OFF,ATTACK_DIVERSE_MODERATE,7,r07-t013-aa86e16a,1789122899035557750,1789122899341074605,0.0,31,0,0.0,False,False,False,False
B0_OFF,ATTACK_DIVERSE_MODERATE,7,r07-t014-4ebc97a3,1789122899351610598,1789122899668641894,0.0,31,0,0.0,False,False,False,False
B0_OFF,ATTACK_DIVERSE_MODERATE,7,r07-t015-ce69e4e7,1789122899680006960,1789122899996944815,0.0,31,0,0.0,False,False,False,False
B0_OFF,ATTACK_DIVERSE_MODERATE,7,r07-t016-f8c7b7eb,1789122900006608177,1789122900347393879,0.0,31,0,0.0,False,False,False,False
B0_OFF,ATTACK_DIVERSE_MODERATE,7,r07-t017-d28a60ff,1789122900357527949,1789122900684635397,0.0,31,0,0.0,False,False,False,False
B0_OFF,ATTACK_DIVERSE_MODERATE,7,r07-t018-2fb95da3,1789122900695555172,1789122901009548327,0.0,30,0,0.0,False,False,False,False
B0_OFF,ATTACK_DIVERSE_MODERATE,7,r07-t019-fed17bc9,1789122901020239741,1789122901311063236,0.0,30,0,0.0,False,False,False,False
B0_OFF,ATTACK_DIVERSE_MODERATE,7,r07-t020-f0c7d88e,1789122901321861981,1789122901654961436,0.0,31,0,0.0,False,False,False,False
B0_OFF,ATTACK_DIVERSE_MODERATE,7,r07-t021-4eb1954f,1789122901665872803,1789122901971406476,0.0,30,0,0.0,False,False,False,False
B0_OFF,ATTACK_DIVERSE_MODERATE,7,r07-t022-da0937dd,1789122901982858938,1789122902301211367,0.0,30,0,0.0,False,False,False,False
B0_OFF,ATTACK_DIVERSE_MODERATE,7,r07-t023-a4478e86,1789122902311034308,1789122902627950810,0.0,31,0,0.0,False,False,False,False
B0_OFF,ATTACK_DIVERSE_MODERATE,7,r07-t024-6e6bc8f0,1789122902639215160,1789122902966471794,0.0,31,0,0.0,False,False,False,False
B0_OFF,ATTACK_DIVERSE_MODERATE,7,r07-t025-09f89b43,1789122902977862937,1789122903290248113,0.0,31,0,0.0,False,False,False,False
B0_OFF,ATTACK_DIVERSE_MODERATE,7,r07-t026-d09d5bc6,1789122903301249237,1789122903595602933,0.0,31,0,0.0,False,False,False,False
B0_OFF,ATTACK_DIVERSE_MODERATE,7,r07-t027-63acec97,1789122903606174073,1789122903941446127,0.0,31,0,0.0,False,False,False,False
B0_OFF,ATTACK_DIVERSE_MODERATE,7,r07-t028-2404d075,1789122903951390950,1789122904264450561,0.0,31,0,0.0,False,False,False,False
B0_OFF,ATTACK_DIVERSE_MODERATE,7,r07-t029-de4b82c3,1789122904275044407,1789122904611645756,0.0,31,0,0.0,False,False,False,False
B0_OFF,ATTACK_DIVERSE_MODERATE,7,r07-t030-3f0d2ef5,1789122904622801077,1789122904947510391,0.0,30,0,0.0,False,False,False,False
B0_OFF,ATTACK_DIVERSE_MODERATE,7,r07-t031-a11385fd,1789122904958042577,1789122905281502407,0.0,30,0,0.0,False,False,False,False
B0_OFF,ATTACK_DIVERSE_MODERATE,7,r07-t032-220fc670,1789122905291135405,1789122905630368405,0.0,30,0,0.0,False,False,False,False
B0_OFF,ATTACK_DIVERSE_MODERATE,7,r07-t033-af7d21ad,1789122905640720335,1789122905980220123,0.0,30,0,0.0,False,False,False,False
B0_OFF,ATTACK_DIVERSE_MODERATE,7,r07-t034-70d0ea89,1789122906666779669,1789122906982442332,0.0,22,0,0.0,False,False,False,False
B0_OFF,ATTACK_DIVERSE_MODERATE,7,r07-t035-ac6c2c65,1789122908038645524,1789122908365753464,0.0,6,0,0.0,False,False,False,False
B0_OFF,ATTACK_DIVERSE_MODERATE,7,r07-t036-43aac2e2,1789122908376139631,1789122908698633694,0.0,8,0,0.0,False,False,False,False
B0_OFF,ATTACK_DIVERSE_MODERATE,7,r07-t037-f893b5fe,1789122908709318140,1789122909023783807,0.0,13,0,0.0,False,False,False,False
B0_OFF,ATTACK_DIVERSE_MODERATE,7,r07-t038-ec91e561,1789122909033773528,1789122909363882897,0.0,15,0,0.0,False,False,False,False
B0_OFF,ATTACK_DIVERSE_MODERATE,7,r07-t039-d391619d,1789122909373912434,1789122909718791470,0.0,19,0,0.0,False,False,False,False
B0_OFF,ATTACK_DIVERSE_MODERATE,7,r07-t040-15e3224e,1789122909731492756,1789122910088306573,0.0,24,0,0.0,False,False,False,False
B0_OFF,ATTACK_DIVERSE_MODERATE,7,r07-t041-c8c3866e,1789122910098169001,1789122910408327109,0.0,29,0,0.0,False,False,False,False
B0_OFF,ATTACK_DIVERSE_MODERATE,7,r07-t042-7ba426e9,1789122910418833097,1789122910734959541,0.0,30,0,0.0,False,False,False,False
B0_OFF,ATTACK_DIVERSE_MODERATE,7,r07-t043-af76c352,1789122910747075522,1789122911061433945,0.0,30,0,0.0,False,False,False,False
B0_OFF,ATTACK_DIVERSE_MODERATE,7,r07-t044-0f1f71d5,1789122911071275283,1789122911411406338,0.0,30,0,0.0,False,False,False,False
B0_OFF,ATTACK_DIVERSE_MODERATE,7,r07-t045-72d131fa,1789122911425378670,1789122911743103473,0.0,30,0,0.0,False,False,False,False
B0_OFF,ATTACK_DIVERSE_MODERATE,7,r07-t046-a2aa3b4e,1789122911753375682,1789122912094727849,0.0,30,0,0.0,False,False,False,False
B0_OFF,ATTACK_DIVERSE_MODERATE,7,r07-t047-b207de91,1789122912105438303,1789122912423439918,0.0,30,0,0.0,False,False,False,False
B0_OFF,ATTACK_DIVERSE_MODERATE,7,r07-t048-2b93662b,1789122912434382262,1789122912770662161,0.0,30,0,0.0,False,False,False,False
B0_OFF,ATTACK_DIVERSE_MODERATE,7,r07-t049-c5d15f5d,1789122912781310953,1789122913093800068,0.0,30,0,0.0,False,False,False,False
B5_LOCKED_TC,ATTACK_DIVERSE_MODERATE,7,r07-t000-ba0d8147,1789122930213656248,1789122930371535643,0.0,24,0,0.0,False,False,False,False
B5_LOCKED_TC,ATTACK_DIVERSE_MODERATE,7,r07-t001-f35a1e82,1789122930382399653,1789122930681299246,0.0,25,0,0.0,False,False,False,False
B5_LOCKED_TC,ATTACK_DIVERSE_MODERATE,7,r07-t002-7181462b,1789122930691873325,1789122930986968345,0.0,26,0,0.0,False,False,False,False
B5_LOCKED_TC,ATTACK_DIVERSE_MODERATE,7,r07-t003-207912a2,1789122930999329096,1789122931323853454,0.0,27,0,0.0,False,False,False,False
B5_LOCKED_TC,ATTACK_DIVERSE_MODERATE,7,r07-t004-17b26096,1789122931334375823,1789122931674238153,0.0,28,0,0.0,False,False,False,False
B5_LOCKED_TC,ATTACK_DIVERSE_MODERATE,7,r07-t005-0253af76,1789122931684649918,1789122931990965338,0.0,29,0,0.0,False,False,False,False
B5_LOCKED_TC,ATTACK_DIVERSE_MODERATE,7,r07-t006-617a49ba,1789122932001867918,1789122932293704859,0.0,30,0,0.0,False,False,False,False
B5_LOCKED_TC,ATTACK_DIVERSE_MODERATE,7,r07-t007-1c5ae8fc,1789122932305037092,1789122932654046052,0.0,31,0,0.0,False,False,False,False
B5_LOCKED_TC,ATTACK_DIVERSE_MODERATE,7,r07-t008-1344b602,1789122932664765901,1789122933001100072,0.0,30,0,0.0,False,False,False,False
B5_LOCKED_TC,ATTACK_DIVERSE_MODERATE,7,r07-t009-1e4411bf,1789122933013328760,1789122933303911628,0.0,30,0,0.0,False,False,False,False
B5_LOCKED_TC,ATTACK_DIVERSE_MODERATE,7,r07-t010-712ebef1,1789122933313978064,1789122933657055933,0.0,31,0,0.0,False,False,False,False
B5_LOCKED_TC,ATTACK_DIVERSE_MODERATE,7,r07-t011-5376bef7,1789122933668193522,1789122933973068637,0.0,30,0,0.0,False,False,False,False
B5_LOCKED_TC,ATTACK_DIVERSE_MODERATE,7,r07-t012-265f3a8b,1789122933984518280,1789122934294149349,0.0,30,0,0.0,False,False,False,False
B5_LOCKED_TC,ATTACK_DIVERSE_MODERATE,7,r07-t013-aa86e16a,1789122934304318448,1789122934615076539,0.0,30,0,0.0,False,False,False,False
B5_LOCKED_TC,ATTACK_DIVERSE_MODERATE,7,r07-t014-4ebc97a3,1789122934625369475,1789122934967988481,0.0,31,0,0.0,False,False,False,False
B5_LOCKED_TC,ATTACK_DIVERSE_MODERATE,7,r07-t015-ce69e4e7,1789122934980051927,1789122935300366543,0.0,31,0,0.0,False,False,False,False
B5_LOCKED_TC,ATTACK_DIVERSE_MODERATE,7,r07-t016-f8c7b7eb,1789122935310612780,1789122935617388764,0.0,30,0,0.0,False,False,False,False
B5_LOCKED_TC,ATTACK_DIVERSE_MODERATE,7,r07-t017-d28a60ff,1789122935627843637,1789122935957299779,0.0,31,0,0.0,False,False,False,False
B5_LOCKED_TC,ATTACK_DIVERSE_MODERATE,7,r07-t018-2fb95da3,1789122935968464121,1789122936304423091,0.0,30,0,0.0,False,False,False,False
B5_LOCKED_TC,ATTACK_DIVERSE_MODERATE,7,r07-t019-fed17bc9,1789122936315487607,1789122936605632408,0.0,30,0,0.0,False,False,False,False
B5_LOCKED_TC,ATTACK_DIVERSE_MODERATE,7,r07-t020-f0c7d88e,1789122936615878835,1789122936940800515,0.0,30,0,0.0,False,False,False,False
B5_LOCKED_TC,ATTACK_DIVERSE_MODERATE,7,r07-t021-4eb1954f,1789122936951934134,1789122937250413811,0.0,30,0,0.0,False,False,False,False
B5_LOCKED_TC,ATTACK_DIVERSE_MODERATE,7,r07-t022-da0937dd,1789122937261218740,1789122937621677721,0.0,31,0,0.0,False,False,False,False
B5_LOCKED_TC,ATTACK_DIVERSE_MODERATE,7,r07-t023-a4478e86,1789122938329616238,1789122938629914350,0.0,24,0,0.0,False,False,False,False
B5_LOCKED_TC,ATTACK_DIVERSE_MODERATE,7,r07-t024-6e6bc8f0,1789122939668153149,1789122939999432284,0.0,7,0,0.0,False,False,False,False
B5_LOCKED_TC,ATTACK_DIVERSE_MODERATE,7,r07-t025-09f89b43,1789122940011877385,1789122940287775782,0.0,5,0,0.0,False,False,False,False
B5_LOCKED_TC,ATTACK_DIVERSE_MODERATE,7,r07-t026-d09d5bc6,1789122940298121853,1789122940613697847,0.0,10,0,0.0,False,False,False,False
B5_LOCKED_TC,ATTACK_DIVERSE_MODERATE,7,r07-t027-63acec97,1789122940623636636,1789122940974183117,0.0,15,0,0.0,False,False,False,False
B5_LOCKED_TC,ATTACK_DIVERSE_MODERATE,7,r07-t028-2404d075,1789122940984648460,1789122941276088286,0.0,17,0,0.0,False,False,False,False
B5_LOCKED_TC,ATTACK_DIVERSE_MODERATE,7,r07-t029-de4b82c3,1789122941285804328,1789122941648321470,0.0,22,0,0.0,False,False,False,False
B5_LOCKED_TC,ATTACK_DIVERSE_MODERATE,7,r07-t030-3f0d2ef5,1789122941658605494,1789122941945672662,0.0,27,0,0.0,False,False,False,False
B5_LOCKED_TC,ATTACK_DIVERSE_MODERATE,7,r07-t031-a11385fd,1789122941955610221,1789122942285638595,0.0,31,0,0.0,False,False,False,False
B5_LOCKED_TC,ATTACK_DIVERSE_MODERATE,7,r07-t032-220fc670,1789122942295321342,1789122942640925668,0.0,30,0,0.0,False,False,False,False
B5_LOCKED_TC,ATTACK_DIVERSE_MODERATE,7,r07-t033-af7d21ad,1789122942651323858,1789122942964844144,0.0,30,0,0.0,False,False,False,False
B5_LOCKED_TC,ATTACK_DIVERSE_MODERATE,7,r07-t034-70d0ea89,1789122942975447675,1789122943326800303,0.0,30,0,0.0,False,False,False,False
B5_LOCKED_TC,ATTACK_DIVERSE_MODERATE,7,r07-t035-ac6c2c65,1789122943337328923,1789122943654625888,0.0,30,0,0.0,False,False,False,False
B5_LOCKED_TC,ATTACK_DIVERSE_MODERATE,7,r07-t036-43aac2e2,1789122943664757157,1789122943986764261,0.0,30,0,0.0,False,False,False,False
B5_LOCKED_TC,ATTACK_DIVERSE_MODERATE,7,r07-t037-f893b5fe,1789122943996756491,1789122944291139704,0.0,30,0,0.0,False,False,False,False
B5_LOCKED_TC,ATTACK_DIVERSE_MODERATE,7,r07-t038-ec91e561,1789122944301804149,1789122944635345593,0.0,30,0,0.0,False,False,False,False
B5_LOCKED_TC,ATTACK_DIVERSE_MODERATE,7,r07-t039-d391619d,1789122944646024982,1789122944978674491,0.0,30,0,0.0,False,False,False,False
B5_LOCKED_TC,ATTACK_DIVERSE_MODERATE,7,r07-t040-15e3224e,1789122944990652058,1789122945344605769,0.0,30,0,0.0,False,False,False,False
B5_LOCKED_TC,ATTACK_DIVERSE_MODERATE,7,r07-t041-c8c3866e,1789122945356709889,1789122945676837307,0.0,30,0,0.0,False,False,False,False
B5_LOCKED_TC,ATTACK_DIVERSE_MODERATE,7,r07-t042-7ba426e9,1789122945688108892,1789122946015813599,0.0,30,0,0.0,False,False,False,False
B5_LOCKED_TC,ATTACK_DIVERSE_MODERATE,7,r07-t043-af76c352,1789122946027857752,1789122946373845904,0.0,30,0,0.0,False,False,False,False
B5_LOCKED_TC,ATTACK_DIVERSE_MODERATE,7,r07-t044-0f1f71d5,1789122946383664098,1789122946718140798,0.0,30,0,0.0,False,False,False,False
B5_LOCKED_TC,ATTACK_DIVERSE_MODERATE,7,r07-t045-72d131fa,1789122946728356626,1789122947034925113,0.0,30,0,0.0,False,False,False,False
B5_LOCKED_TC,ATTACK_DIVERSE_MODERATE,7,r07-t046-a2aa3b4e,1789122947047221053,1789122947362075270,0.0,30,0,0.0,False,False,False,False
B5_LOCKED_TC,ATTACK_DIVERSE_MODERATE,7,r07-t047-b207de91,1789122947372659601,1789122947698049048,0.0,30,0,0.0,False,False,False,False
B5_LOCKED_TC,ATTACK_DIVERSE_MODERATE,7,r07-t048-2b93662b,1789122947708282295,1789122948048737238,0.0,30,0,0.0,False,False,False,False
B5_LOCKED_TC,ATTACK_DIVERSE_MODERATE,7,r07-t049-c5d15f5d,1789122948061148339,1789122948358431395,0.0,30,0,0.0,False,False,False,False
RFC_DROP_NATIVE,ATTACK_DIVERSE_MODERATE,7,r07-t000-ba0d8147,1789122958982084328,1789122961004379611,0.0,24,0,0.0,False,False,False,False
RFC_DROP_NATIVE,ATTACK_DIVERSE_MODERATE,7,r07-t001-f35a1e82,1789122958988087517,1789122961009313474,0.0,24,0,0.0,False,False,False,False
RFC_DROP_NATIVE,ATTACK_DIVERSE_MODERATE,7,r07-t002-7181462b,1789122958997812967,1789122961008127629,0.0,24,0,0.0,False,False,False,False
RFC_DROP_NATIVE,ATTACK_DIVERSE_MODERATE,7,r07-t003-207912a2,1789122959007265095,1789122961017078021,0.0,24,0,0.0,False,False,False,False
RFC_DROP_NATIVE,ATTACK_DIVERSE_MODERATE,7,r07-t004-17b26096,1789122959016902143,1789122961034909273,0.0,24,0,0.0,False,False,False,False
RFC_DROP_NATIVE,ATTACK_DIVERSE_MODERATE,7,r07-t005-0253af76,1789122959026840345,1789122961036511845,0.0,24,0,0.0,False,False,False,False
RFC_DROP_NATIVE,ATTACK_DIVERSE_MODERATE,7,r07-t006-617a49ba,1789122959037309436,1789122961047188216,0.0,24,0,0.0,False,False,False,False
RFC_DROP_NATIVE,ATTACK_DIVERSE_MODERATE,7,r07-t007-1c5ae8fc,1789122959046781755,1789122961056437877,0.0,24,0,0.0,False,False,False,False
RFC_DROP_NATIVE,ATTACK_DIVERSE_MODERATE,7,r07-t008-1344b602,1789122959056953467,1789122961066907441,0.0,24,0,0.0,False,False,False,False
RFC_DROP_NATIVE,ATTACK_DIVERSE_MODERATE,7,r07-t009-1e4411bf,1789122959067020640,1789122961076710916,0.0,24,0,0.0,False,False,False,False
RFC_DROP_NATIVE,ATTACK_DIVERSE_MODERATE,7,r07-t010-712ebef1,1789122959077139329,1789122961086733936,0.0,24,0,0.0,False,False,False,False
RFC_DROP_NATIVE,ATTACK_DIVERSE_MODERATE,7,r07-t011-5376bef7,1789122959086873176,1789122961106932347,0.0,24,0,0.0,False,False,False,False
RFC_DROP_NATIVE,ATTACK_DIVERSE_MODERATE,7,r07-t012-265f3a8b,1789122959097295094,1789122961106749691,0.0,24,0,0.0,False,False,False,False
RFC_DROP_NATIVE,ATTACK_DIVERSE_MODERATE,7,r07-t013-aa86e16a,1789122959107278394,1789122961117368700,0.0,24,0,0.0,False,False,False,False
RFC_DROP_NATIVE,ATTACK_DIVERSE_MODERATE,7,r07-t014-4ebc97a3,1789122959117269337,1789122961127224255,0.0,24,0,0.0,False,False,False,False
RFC_DROP_NATIVE,ATTACK_DIVERSE_MODERATE,7,r07-t015-ce69e4e7,1789122959127023185,1789122961136929514,0.0,24,0,0.0,False,False,False,False
RFC_DROP_NATIVE,ATTACK_DIVERSE_MODERATE,7,r07-t016-f8c7b7eb,1789122959136947613,1789122961147217837,0.0,24,0,0.0,False,False,False,False
RFC_DROP_NATIVE,ATTACK_DIVERSE_MODERATE,7,r07-t017-d28a60ff,1789122959146864870,1789122961157052730,0.0,24,0,0.0,False,False,False,False
RFC_DROP_NATIVE,ATTACK_DIVERSE_MODERATE,7,r07-t018-2fb95da3,1789122959157321226,1789122961167050938,0.0,24,0,0.0,False,False,False,False
RFC_DROP_NATIVE,ATTACK_DIVERSE_MODERATE,7,r07-t019-fed17bc9,1789122959166997710,1789122961176766765,0.0,24,0,0.0,False,False,False,False
RFC_DROP_NATIVE,ATTACK_DIVERSE_MODERATE,7,r07-t020-f0c7d88e,1789122959177354341,1789122961187171135,0.0,25,0,0.0,False,False,False,False
RFC_DROP_NATIVE,ATTACK_DIVERSE_MODERATE,7,r07-t021-4eb1954f,1789122959187434629,1789122961196735064,0.0,25,0,0.0,False,False,False,False
RFC_DROP_NATIVE,ATTACK_DIVERSE_MODERATE,7,r07-t022-da0937dd,1789122959197096773,1789122961206944041,0.0,25,0,0.0,False,False,False,False
RFC_DROP_NATIVE,ATTACK_DIVERSE_MODERATE,7,r07-t023-a4478e86,1789122959207007521,1789122961227181229,0.0,25,0,0.0,False,False,False,False
RFC_DROP_NATIVE,ATTACK_DIVERSE_MODERATE,7,r07-t024-6e6bc8f0,1789122959216999690,1789122961225388074,0.0,25,0,0.0,False,False,False,False
RFC_DROP_NATIVE,ATTACK_DIVERSE_MODERATE,7,r07-t025-09f89b43,1789122959227645870,1789122961237278500,0.0,25,0,0.0,False,False,False,False
RFC_DROP_NATIVE,ATTACK_DIVERSE_MODERATE,7,r07-t026-d09d5bc6,1789122959237141021,1789122961246926492,0.0,25,0,0.0,False,False,False,False
RFC_DROP_NATIVE,ATTACK_DIVERSE_MODERATE,7,r07-t027-63acec97,1789122959247019690,1789122961257013762,0.0,25,0,0.0,False,False,False,False
RFC_DROP_NATIVE,ATTACK_DIVERSE_MODERATE,7,r07-t028-2404d075,1789122959257025822,1789122961299781705,0.0,25,0,0.0,False,False,False,False
RFC_DROP_NATIVE,ATTACK_DIVERSE_MODERATE,7,r07-t029-de4b82c3,1789122959281458513,1789122961292947887,0.0,25,0,0.0,False,False,False,False
RFC_DROP_NATIVE,ATTACK_DIVERSE_MODERATE,7,r07-t030-3f0d2ef5,1789122959284256083,1789122961304547347,0.0,25,0,0.0,False,False,False,False
RFC_DROP_NATIVE,ATTACK_DIVERSE_MODERATE,7,r07-t031-a11385fd,1789122959287313956,1789122961296786762,0.0,25,0,0.0,False,False,False,False
RFC_DROP_NATIVE,ATTACK_DIVERSE_MODERATE,7,r07-t032-220fc670,1789122959297037142,1789122961307359635,0.0,25,0,0.0,False,False,False,False
RFC_DROP_NATIVE,ATTACK_DIVERSE_MODERATE,7,r07-t033-af7d21ad,1789122959306977043,1789122961316902242,0.0,25,0,0.0,False,False,False,False
RFC_DROP_NATIVE,ATTACK_DIVERSE_MODERATE,7,r07-t034-70d0ea89,1789122959317265838,1789122961325990097,0.0,25,0,0.0,False,False,False,False
RFC_DROP_NATIVE,ATTACK_DIVERSE_MODERATE,7,r07-t035-ac6c2c65,1789122959327077239,1789122961336947905,0.0,25,0,0.0,False,False,False,False
RFC_DROP_NATIVE,ATTACK_DIVERSE_MODERATE,7,r07-t036-43aac2e2,1789122959337177622,1789122961346885729,0.0,25,0,0.0,False,False,False,False
RFC_DROP_NATIVE,ATTACK_DIVERSE_MODERATE,7,r07-t037-f893b5fe,1789122959346801180,1789122961354634994,0.0,25,0,0.0,False,False,False,False
RFC_DROP_NATIVE,ATTACK_DIVERSE_MODERATE,7,r07-t038-ec91e561,1789122959356967984,1789122961365217395,0.0,25,0,0.0,False,False,False,False
RFC_DROP_NATIVE,ATTACK_DIVERSE_MODERATE,7,r07-t039-d391619d,1789122959366979871,1789122961377326705,0.0,25,0,0.0,False,False,False,False
RFC_DROP_NATIVE,ATTACK_DIVERSE_MODERATE,7,r07-t040-15e3224e,1789122959377824368,1789122961386882992,0.0,25,0,0.0,False,False,False,False
RFC_DROP_NATIVE,ATTACK_DIVERSE_MODERATE,7,r07-t041-c8c3866e,1789122959387407450,1789122961396833460,0.0,25,0,0.0,False,False,False,False
RFC_DROP_NATIVE,ATTACK_DIVERSE_MODERATE,7,r07-t042-7ba426e9,1789122959397283194,1789122961407214809,0.0,25,0,0.0,False,False,False,False
RFC_DROP_NATIVE,ATTACK_DIVERSE_MODERATE,7,r07-t043-af76c352,1789122959407186866,1789122961416854876,0.0,25,0,0.0,False,False,False,False
RFC_DROP_NATIVE,ATTACK_DIVERSE_MODERATE,7,r07-t044-0f1f71d5,1789122959417090065,1789122961427040171,0.0,25,0,0.0,False,False,False,False
RFC_DROP_NATIVE,ATTACK_DIVERSE_MODERATE,7,r07-t045-72d131fa,1789122959426920241,1789122961436834024,0.0,25,0,0.0,False,False,False,False
RFC_DROP_NATIVE,ATTACK_DIVERSE_MODERATE,7,r07-t046-a2aa3b4e,1789122959437735397,1789122961447668898,0.0,25,0,0.0,False,False,False,False
RFC_DROP_NATIVE,ATTACK_DIVERSE_MODERATE,7,r07-t047-b207de91,1789122959446979773,1789122961456916954,0.0,25,0,0.0,False,False,False,False
RFC_DROP_NATIVE,ATTACK_DIVERSE_MODERATE,7,r07-t048-2b93662b,1789122959456928165,1789122961464871800,0.0,25,0,0.0,False,False,False,False
RFC_DROP_NATIVE,ATTACK_DIVERSE_MODERATE,7,r07-t049-c5d15f5d,1789122959467040249,1789122961476980166,0.0,26,0,0.0,False,False,False,False
RFC_DROP_NATIVE,ATTACK_DIVERSE_HIGH,7,r07-t000-275629ac,1789122993438251160,1789122995449912637,0.0,400,0,0.0,False,False,False,False
RFC_DROP_NATIVE,ATTACK_DIVERSE_HIGH,7,r07-t001-1a163eff,1789122993446590741,1789122995457996889,0.0,400,0,0.0,False,False,False,False
RFC_DROP_NATIVE,ATTACK_DIVERSE_HIGH,7,r07-t002-2ca78d12,1789122993455296846,1789122995475396450,0.0,400,0,0.0,False,False,False,False
RFC_DROP_NATIVE,ATTACK_DIVERSE_HIGH,7,r07-t003-4f06568c,1789122993465655745,1789122995476896424,0.0,400,0,0.0,False,False,False,False
RFC_DROP_NATIVE,ATTACK_DIVERSE_HIGH,7,r07-t004-76eeb5cd,1789122993475689559,1789122995486629130,0.0,400,0,0.0,False,False,False,False
RFC_DROP_NATIVE,ATTACK_DIVERSE_HIGH,7,r07-t005-38197814,1789122993486046476,1789122995505245491,0.0,400,0,0.0,False,False,False,False
RFC_DROP_NATIVE,ATTACK_DIVERSE_HIGH,7,r07-t006-b7a9ae62,1789122993495341771,1789122995505849501,0.0,400,0,0.0,False,False,False,False
RFC_DROP_NATIVE,ATTACK_DIVERSE_HIGH,7,r07-t007-52de76db,1789122993505758627,1789122995513922333,0.0,400,0,0.0,False,False,False,False
RFC_DROP_NATIVE,ATTACK_DIVERSE_HIGH,7,r07-t008-8ff3f07f,1789122993515429223,1789122995525957152,0.0,400,0,0.0,False,False,False,False
RFC_DROP_NATIVE,ATTACK_DIVERSE_HIGH,7,r07-t009-0142d90e,1789122993525831260,1789122995536346541,0.0,400,0,0.0,False,False,False,False
RFC_DROP_NATIVE,ATTACK_DIVERSE_HIGH,7,r07-t010-31c087bb,1789122993536048949,1789122995556497329,0.0,400,0,0.0,False,False,False,False
RFC_DROP_NATIVE,ATTACK_DIVERSE_HIGH,7,r07-t011-064b3cbd,1789122993545852636,1789122995557541015,0.0,400,0,0.0,False,False,False,False
RFC_DROP_NATIVE,ATTACK_DIVERSE_HIGH,7,r07-t012-20416398,1789122993555980842,1789122995567475435,0.0,400,0,0.0,False,False,False,False
RFC_DROP_NATIVE,ATTACK_DIVERSE_HIGH,7,r07-t013-41b0b4a7,1789122993565651816,1789122995585533659,0.0,400,0,0.0,False,False,False,False
RFC_DROP_NATIVE,ATTACK_DIVERSE_HIGH,7,r07-t014-01077621,1789122993575693560,1789122995585961252,0.0,400,0,0.0,False,False,False,False
RFC_DROP_NATIVE,ATTACK_DIVERSE_HIGH,7,r07-t015-fd2b01dd,1789122993585448353,1789122995596716501,0.0,400,0,0.0,False,False,False,False
RFC_DROP_NATIVE,ATTACK_DIVERSE_HIGH,7,r07-t016-faf6b52b,1789122993595483772,1789122995605683220,0.0,400,0,0.0,False,False,False,False
RFC_DROP_NATIVE,ATTACK_DIVERSE_HIGH,7,r07-t017-423529a3,1789122993605774994,1789122995616480662,0.0,400,0,0.0,False,False,False,False
RFC_DROP_NATIVE,ATTACK_DIVERSE_HIGH,7,r07-t018-d21f3ab5,1789122993615429920,1789122995636353184,0.0,400,0,0.0,False,False,False,False
RFC_DROP_NATIVE,ATTACK_DIVERSE_HIGH,7,r07-t019-fc3669e9,1789122993625942865,1789122995635261735,0.0,400,0,0.0,False,False,False,False
RFC_DROP_NATIVE,ATTACK_DIVERSE_HIGH,7,r07-t020-5322bd11,1789122993635540404,1789122995646390114,0.0,400,0,0.0,False,False,False,False
RFC_DROP_NATIVE,ATTACK_DIVERSE_HIGH,7,r07-t021-01ac5bcc,1789122993646328123,1789122995657083158,0.0,401,0,0.0,False,False,False,False
RFC_DROP_NATIVE,ATTACK_DIVERSE_HIGH,7,r07-t022-c0d2f01c,1789122993656123977,1789122995666068284,0.0,401,0,0.0,False,False,False,False
RFC_DROP_NATIVE,ATTACK_DIVERSE_HIGH,7,r07-t023-63350a4d,1789122993666571886,1789122995678006729,0.0,401,0,0.0,False,False,False,False
RFC_DROP_NATIVE,ATTACK_DIVERSE_HIGH,7,r07-t024-692758c8,1789122993675332171,1789122995688289360,0.0,401,0,0.0,False,False,False,False
RFC_DROP_NATIVE,ATTACK_DIVERSE_HIGH,7,r07-t025-fba9ad57,1789122993685826050,1789122995697535572,0.0,401,0,0.0,False,False,False,False
RFC_DROP_NATIVE,ATTACK_DIVERSE_HIGH,7,r07-t026-0f45508f,1789122993695699871,1789122995706388078,0.0,401,0,0.0,False,False,False,False
RFC_DROP_NATIVE,ATTACK_DIVERSE_HIGH,7,r07-t027-2e19772c,1789122993705584264,1789122995717526651,0.0,401,0,0.0,False,False,False,False
RFC_DROP_NATIVE,ATTACK_DIVERSE_HIGH,7,r07-t028-9a25620b,1789122993716536885,1789122995748318002,0.0,401,0,0.0,False,False,False,False
RFC_DROP_NATIVE,ATTACK_DIVERSE_HIGH,7,r07-t029-b8e88726,1789122993738084857,1789122995749245493,0.0,401,0,0.0,False,False,False,False
RFC_DROP_NATIVE,ATTACK_DIVERSE_HIGH,7,r07-t030-9de366de,1789122993740789739,1789122995752711076,0.0,401,0,0.0,False,False,False,False
RFC_DROP_NATIVE,ATTACK_DIVERSE_HIGH,7,r07-t031-e6184cba,1789122993745718768,1789122995765363593,0.0,401,0,0.0,False,False,False,False
RFC_DROP_NATIVE,ATTACK_DIVERSE_HIGH,7,r07-t032-c786d922,1789122993755475166,1789122995764357758,0.0,401,0,0.0,False,False,False,False
RFC_DROP_NATIVE,ATTACK_DIVERSE_HIGH,7,r07-t033-63368951,1789122993765706920,1789122995774827851,0.0,401,0,0.0,False,False,False,False
RFC_DROP_NATIVE,ATTACK_DIVERSE_HIGH,7,r07-t034-64218b43,1789122993775799730,1789122995786141802,0.0,401,0,0.0,False,False,False,False
RFC_DROP_NATIVE,ATTACK_DIVERSE_HIGH,7,r07-t035-be4ecfcb,1789122993785404912,1789122995797166822,0.0,401,0,0.0,False,False,False,False
RFC_DROP_NATIVE,ATTACK_DIVERSE_HIGH,7,r07-t036-5c6c457d,1789122993795490358,1789122995816251646,0.0,401,0,0.0,False,False,False,False
RFC_DROP_NATIVE,ATTACK_DIVERSE_HIGH,7,r07-t037-5d54aba2,1789122993805344830,1789122995813820594,0.0,401,0,0.0,False,False,False,False
RFC_DROP_NATIVE,ATTACK_DIVERSE_HIGH,7,r07-t038-3a877df3,1789122993815437639,1789122995825972742,0.0,401,0,0.0,False,False,False,False
RFC_DROP_NATIVE,ATTACK_DIVERSE_HIGH,7,r07-t039-a9b3b655,1789122993825446345,1789122995834386327,0.0,401,0,0.0,False,False,False,False
RFC_DROP_NATIVE,ATTACK_DIVERSE_HIGH,7,r07-t040-9120fe22,1789122993835255319,1789122995846110033,0.0,401,0,0.0,False,False,False,False
RFC_DROP_NATIVE,ATTACK_DIVERSE_HIGH,7,r07-t041-be39daa1,1789122993845720409,1789122995866486605,0.0,401,0,0.0,False,False,False,False
RFC_DROP_NATIVE,ATTACK_DIVERSE_HIGH,7,r07-t042-dba646bb,1789122993855433199,1789122995866246474,0.0,401,0,0.0,False,False,False,False
RFC_DROP_NATIVE,ATTACK_DIVERSE_HIGH,7,r07-t043-bcb9a055,1789122993865812770,1789122995877581664,0.0,401,0,0.0,False,False,False,False
RFC_DROP_NATIVE,ATTACK_DIVERSE_HIGH,7,r07-t044-48bc51c6,1789122993875454387,1789122995885842901,0.0,401,0,0.0,False,False,False,False
RFC_DROP_NATIVE,ATTACK_DIVERSE_HIGH,7,r07-t045-229ef936,1789122993885457053,1789122995896513480,0.0,401,0,0.0,False,False,False,False
RFC_DROP_NATIVE,ATTACK_DIVERSE_HIGH,7,r07-t046-1f2784a3,1789122993895776779,1789122995906417507,0.0,401,0,0.0,False,False,False,False
RFC_DROP_NATIVE,ATTACK_DIVERSE_HIGH,7,r07-t047-4227e81c,1789122993905601800,1789122995917772519,0.0,401,0,0.0,False,False,False,False
RFC_DROP_NATIVE,ATTACK_DIVERSE_HIGH,7,r07-t048-d68826b1,1789122993915935025,1789122995928373910,0.0,401,0,0.0,False,False,False,False
RFC_DROP_NATIVE,ATTACK_DIVERSE_HIGH,7,r07-t049-ffa92ba5,1789122993925504811,1789122995936412478,0.0,401,0,0.0,False,False,False,False
RFC_DROP_NATIVE,BENIGN_DIVERSE_HIGH,7,r07-t000-275629ac,1789123029841123453,1789123031852947145,0.0,400,0,0.0,False,False,False,False
RFC_DROP_NATIVE,BENIGN_DIVERSE_HIGH,7,r07-t001-1a163eff,1789123029849110749,1789123031859758565,0.0,400,0,0.0,False,False,False,False
RFC_DROP_NATIVE,BENIGN_DIVERSE_HIGH,7,r07-t002-2ca78d12,1789123029858829233,1789123031867693103,0.0,400,0,0.0,False,False,False,False
RFC_DROP_NATIVE,BENIGN_DIVERSE_HIGH,7,r07-t003-4f06568c,1789123029868908031,1789123031877453696,0.0,400,0,0.0,False,False,False,False
RFC_DROP_NATIVE,BENIGN_DIVERSE_HIGH,7,r07-t004-76eeb5cd,1789123029878720392,1789123031887464523,0.0,400,0,0.0,False,False,False,False
RFC_DROP_NATIVE,BENIGN_DIVERSE_HIGH,7,r07-t005-38197814,1789123029888950053,1789123031899538967,0.0,400,0,0.0,False,False,False,False
RFC_DROP_NATIVE,BENIGN_DIVERSE_HIGH,7,r07-t006-b7a9ae62,1789123029899005264,1789123031907376947,0.0,400,0,0.0,False,False,False,False
RFC_DROP_NATIVE,BENIGN_DIVERSE_HIGH,7,r07-t007-52de76db,1789123029909190770,1789123031918288082,0.0,400,0,0.0,False,False,False,False
RFC_DROP_NATIVE,BENIGN_DIVERSE_HIGH,7,r07-t008-8ff3f07f,1789123029918940106,1789123031937508536,0.0,400,0,0.0,False,False,False,False
RFC_DROP_NATIVE,BENIGN_DIVERSE_HIGH,7,r07-t009-0142d90e,1789123029928664157,1789123031949009884,0.0,400,0,0.0,False,False,False,False
RFC_DROP_NATIVE,BENIGN_DIVERSE_HIGH,7,r07-t010-31c087bb,1789123029939760120,1789123031950472319,0.0,400,0,0.0,False,False,False,False
RFC_DROP_NATIVE,BENIGN_DIVERSE_HIGH,7,r07-t011-064b3cbd,1789123029948765711,1789123031959269430,0.0,400,0,0.0,False,False,False,False
RFC_DROP_NATIVE,BENIGN_DIVERSE_HIGH,7,r07-t012-20416398,1789123029958897816,1789123031967339297,0.0,400,0,0.0,False,False,False,False
RFC_DROP_NATIVE,BENIGN_DIVERSE_HIGH,7,r07-t013-41b0b4a7,1789123029968754615,1789123031978818422,0.0,400,0,0.0,False,False,False,False
RFC_DROP_NATIVE,BENIGN_DIVERSE_HIGH,7,r07-t014-01077621,1789123029978492817,1789123031987587541,0.0,400,0,0.0,False,False,False,False
RFC_DROP_NATIVE,BENIGN_DIVERSE_HIGH,7,r07-t015-fd2b01dd,1789123029988452362,1789123031999392648,0.0,400,0,0.0,False,False,False,False
RFC_DROP_NATIVE,BENIGN_DIVERSE_HIGH,7,r07-t016-faf6b52b,1789123029998779201,1789123032007615057,0.0,400,0,0.0,False,False,False,False
RFC_DROP_NATIVE,BENIGN_DIVERSE_HIGH,7,r07-t017-423529a3,1789123030008569577,1789123032019740000,0.0,400,0,0.0,False,False,False,False
RFC_DROP_NATIVE,BENIGN_DIVERSE_HIGH,7,r07-t018-d21f3ab5,1789123030018703097,1789123032030686883,0.0,400,0,0.0,False,False,False,False
RFC_DROP_NATIVE,BENIGN_DIVERSE_HIGH,7,r07-t019-fc3669e9,1789123030029967469,1789123032041446895,0.0,400,0,0.0,False,False,False,False
RFC_DROP_NATIVE,BENIGN_DIVERSE_HIGH,7,r07-t020-5322bd11,1789123030040165996,1789123032050842069,0.0,400,0,0.0,False,False,False,False
RFC_DROP_NATIVE,BENIGN_DIVERSE_HIGH,7,r07-t021-01ac5bcc,1789123030048811274,1789123032069425403,0.0,400,0,0.0,False,False,False,False
RFC_DROP_NATIVE,BENIGN_DIVERSE_HIGH,7,r07-t022-c0d2f01c,1789123030058674205,1789123032069932678,0.0,400,0,0.0,False,False,False,False
RFC_DROP_NATIVE,BENIGN_DIVERSE_HIGH,7,r07-t023-63350a4d,1789123030069001233,1789123032079867470,0.0,400,0,0.0,False,False,False,False
RFC_DROP_NATIVE,BENIGN_DIVERSE_HIGH,7,r07-t024-692758c8,1789123030080069739,1789123032087493708,0.0,400,0,0.0,False,False,False,False
RFC_DROP_NATIVE,BENIGN_DIVERSE_HIGH,7,r07-t025-fba9ad57,1789123030088909468,1789123032099399911,0.0,400,0,0.0,False,False,False,False
RFC_DROP_NATIVE,BENIGN_DIVERSE_HIGH,7,r07-t026-0f45508f,1789123030098615499,1789123032107858084,0.0,400,0,0.0,False,False,False,False
RFC_DROP_NATIVE,BENIGN_DIVERSE_HIGH,7,r07-t027-2e19772c,1789123030108709016,1789123032119456555,0.0,400,0,0.0,False,False,False,False
RFC_DROP_NATIVE,BENIGN_DIVERSE_HIGH,7,r07-t028-9a25620b,1789123030118849047,1789123032155928794,0.0,400,0,0.0,False,False,False,False
RFC_DROP_NATIVE,BENIGN_DIVERSE_HIGH,7,r07-t029-b8e88726,1789123030135638144,1789123032145796729,0.0,400,0,0.0,False,False,False,False
RFC_DROP_NATIVE,BENIGN_DIVERSE_HIGH,7,r07-t030-9de366de,1789123030144006511,1789123032165563610,0.0,399,0,0.0,False,False,False,False
RFC_DROP_NATIVE,BENIGN_DIVERSE_HIGH,7,r07-t031-e6184cba,1789123030148493410,1789123032159673019,0.0,400,0,0.0,False,False,False,False
RFC_DROP_NATIVE,BENIGN_DIVERSE_HIGH,7,r07-t032-c786d922,1789123030158871008,1789123032169634101,0.0,400,0,0.0,False,False,False,False
RFC_DROP_NATIVE,BENIGN_DIVERSE_HIGH,7,r07-t033-63368951,1789123030168990563,1789123032179975261,0.0,400,0,0.0,False,False,False,False
RFC_DROP_NATIVE,BENIGN_DIVERSE_HIGH,7,r07-t034-64218b43,1789123030178435534,1789123032191470746,0.0,400,0,0.0,False,False,False,False
RFC_DROP_NATIVE,BENIGN_DIVERSE_HIGH,7,r07-t035-be4ecfcb,1789123030188686706,1789123032198248689,0.0,400,0,0.0,False,False,False,False
RFC_DROP_NATIVE,BENIGN_DIVERSE_HIGH,7,r07-t036-5c6c457d,1789123030198490104,1789123032209950054,0.0,400,0,0.0,False,False,False,False
RFC_DROP_NATIVE,BENIGN_DIVERSE_HIGH,7,r07-t037-5d54aba2,1789123030208507764,1789123032219468452,0.0,400,0,0.0,False,False,False,False
RFC_DROP_NATIVE,BENIGN_DIVERSE_HIGH,7,r07-t038-3a877df3,1789123030219021034,1789123032227543709,0.0,400,0,0.0,False,False,False,False
RFC_DROP_NATIVE,BENIGN_DIVERSE_HIGH,7,r07-t039-a9b3b655,1789123030228752822,1789123032239558952,0.0,400,0,0.0,False,False,False,False
RFC_DROP_NATIVE,BENIGN_DIVERSE_HIGH,7,r07-t040-9120fe22,1789123030238822563,1789123032260248649,0.0,401,0,0.0,False,False,False,False
RFC_DROP_NATIVE,BENIGN_DIVERSE_HIGH,7,r07-t041-be39daa1,1789123030248939856,1789123032259672528,0.0,401,0,0.0,False,False,False,False
RFC_DROP_NATIVE,BENIGN_DIVERSE_HIGH,7,r07-t042-dba646bb,1789123030258792218,1789123032267490742,0.0,401,0,0.0,False,False,False,False
RFC_DROP_NATIVE,BENIGN_DIVERSE_HIGH,7,r07-t043-bcb9a055,1789123030269899032,1789123032281525533,0.0,401,0,0.0,False,False,False,False
RFC_DROP_NATIVE,BENIGN_DIVERSE_HIGH,7,r07-t044-48bc51c6,1789123030278642243,1789123032289436711,0.0,401,0,0.0,False,False,False,False
RFC_DROP_NATIVE,BENIGN_DIVERSE_HIGH,7,r07-t045-229ef936,1789123030288555367,1789123032299323272,0.0,401,0,0.0,False,False,False,False
RFC_DROP_NATIVE,BENIGN_DIVERSE_HIGH,7,r07-t046-1f2784a3,1789123030299128831,1789123032309880337,0.0,401,0,0.0,False,False,False,False
RFC_DROP_NATIVE,BENIGN_DIVERSE_HIGH,7,r07-t047-4227e81c,1789123030309430228,1789123032319477891,0.0,401,0,0.0,False,False,False,False
RFC_DROP_NATIVE,BENIGN_DIVERSE_HIGH,7,r07-t048-d68826b1,1789123030318791196,1789123032329433771,0.0,401,0,0.0,False,False,False,False
RFC_DROP_NATIVE,BENIGN_DIVERSE_HIGH,7,r07-t049-ffa92ba5,1789123030328869146,1789123032339554300,0.0,401,0,0.0,False,False,False,False
B1_RL2_TC,ATTACK_DIVERSE_MODERATE,7,r07-t000-ba0d8147,1789123066937950956,1789123067238659740,0.0,4,0,0.0,False,False,False,False
B1_RL2_TC,ATTACK_DIVERSE_MODERATE,7,r07-t001-f35a1e82,1789123067249169054,1789123067472769201,0.0,8,0,0.0,False,False,False,False
B1_RL2_TC,ATTACK_DIVERSE_MODERATE,7,r07-t002-7181462b,1789123067482892853,1789123067807772739,0.0,12,0,0.0,False,False,False,False
B1_RL2_TC,ATTACK_DIVERSE_MODERATE,7,r07-t003-207912a2,1789123067818143283,1789123068100900491,0.0,15,0,0.0,False,False,False,False
B1_RL2_TC,ATTACK_DIVERSE_MODERATE,7,r07-t004-17b26096,1789123068111924497,1789123068434236507,0.0,19,0,0.0,False,False,False,False
B1_RL2_TC,ATTACK_DIVERSE_MODERATE,7,r07-t005-0253af76,1789123068444699659,1789123068778744949,0.0,24,0,0.0,False,False,False,False
B1_RL2_TC,ATTACK_DIVERSE_MODERATE,7,r07-t006-617a49ba,1789123068789763847,1789123069099850211,0.0,29,0,0.0,False,False,False,False
B1_RL2_TC,ATTACK_DIVERSE_MODERATE,7,r07-t007-1c5ae8fc,1789123069111181651,1789123069418923951,0.0,31,0,0.0,False,False,False,False
B1_RL2_TC,ATTACK_DIVERSE_MODERATE,7,r07-t008-1344b602,1789123069428830127,1789123069738561287,0.0,30,0,0.0,False,False,False,False
B1_RL2_TC,ATTACK_DIVERSE_MODERATE,7,r07-t009-1e4411bf,1789123069749359211,1789123070057777960,0.0,30,0,0.0,False,False,False,False
B1_RL2_TC,ATTACK_DIVERSE_MODERATE,7,r07-t010-712ebef1,1789123070067975396,1789123070399828447,0.0,30,0,0.0,False,False,False,False
B1_RL2_TC,ATTACK_DIVERSE_MODERATE,7,r07-t011-5376bef7,1789123070409967233,1789123070734470347,0.0,30,0,0.0,False,False,False,False
B1_RL2_TC,ATTACK_DIVERSE_MODERATE,7,r07-t012-265f3a8b,1789123070745200068,1789123071113369745,0.0,30,0,0.0,False,False,False,False
B1_RL2_TC,ATTACK_DIVERSE_MODERATE,7,r07-t013-aa86e16a,1789123071124061912,1789123071398327233,0.0,30,0,0.0,False,False,False,False
B1_RL2_TC,ATTACK_DIVERSE_MODERATE,7,r07-t014-4ebc97a3,1789123071408436600,1789123071746037053,0.0,30,0,0.0,False,False,False,False
B1_RL2_TC,ATTACK_DIVERSE_MODERATE,7,r07-t015-ce69e4e7,1789123071755757257,1789123072069722489,0.0,30,0,0.0,False,False,False,False
B1_RL2_TC,ATTACK_DIVERSE_MODERATE,7,r07-t016-f8c7b7eb,1789123072079670855,1789123072408025782,0.0,30,0,0.0,False,False,False,False
B1_RL2_TC,ATTACK_DIVERSE_MODERATE,7,r07-t017-d28a60ff,1789123072418252164,1789123072727255699,0.0,30,0,0.0,False,False,False,False
B1_RL2_TC,ATTACK_DIVERSE_MODERATE,7,r07-t018-2fb95da3,1789123072737284282,1789123073107381143,0.0,30,0,0.0,False,False,False,False
B1_RL2_TC,ATTACK_DIVERSE_MODERATE,7,r07-t019-fed17bc9,1789123073117602131,1789123073436975548,0.0,30,0,0.0,False,False,False,False
B1_RL2_TC,ATTACK_DIVERSE_MODERATE,7,r07-t020-f0c7d88e,1789123073447643215,1789123073743511763,0.0,30,0,0.0,False,False,False,False
B1_RL2_TC,ATTACK_DIVERSE_MODERATE,7,r07-t021-4eb1954f,1789123073753772576,1789123074061809445,0.0,30,0,0.0,False,False,False,False
B1_RL2_TC,ATTACK_DIVERSE_MODERATE,7,r07-t022-da0937dd,1789123074071743054,1789123074422908998,0.0,30,0,0.0,False,False,False,False
B1_RL2_TC,ATTACK_DIVERSE_MODERATE,7,r07-t023-a4478e86,1789123074435745066,1789123074766705613,0.0,30,0,0.0,False,False,False,False
B1_RL2_TC,ATTACK_DIVERSE_MODERATE,7,r07-t024-6e6bc8f0,1789123074777372994,1789123075065141998,0.0,30,0,0.0,False,False,False,False
B1_RL2_TC,ATTACK_DIVERSE_MODERATE,7,r07-t025-09f89b43,1789123075075337675,1789123075371445042,0.0,30,0,0.0,False,False,False,False
B1_RL2_TC,ATTACK_DIVERSE_MODERATE,7,r07-t026-d09d5bc6,1789123075382199899,1789123075708242432,0.0,30,0,0.0,False,False,False,False
B1_RL2_TC,ATTACK_DIVERSE_MODERATE,7,r07-t027-63acec97,1789123075718900268,1789123076059145249,0.0,30,0,0.0,False,False,False,False
B1_RL2_TC,ATTACK_DIVERSE_MODERATE,7,r07-t028-2404d075,1789123076069365676,1789123076370962565,0.0,30,0,0.0,False,False,False,False
B1_RL2_TC,ATTACK_DIVERSE_MODERATE,7,r07-t029-de4b82c3,1789123076381319788,1789123076723461969,0.0,30,0,0.0,False,False,False,False
B1_RL2_TC,ATTACK_DIVERSE_MODERATE,7,r07-t030-3f0d2ef5,1789123076733663219,1789123077035613340,0.0,30,0,0.0,False,False,False,False
B1_RL2_TC,ATTACK_DIVERSE_MODERATE,7,r07-t031-a11385fd,1789123077046317373,1789123077387385778,0.0,30,0,0.0,False,False,False,False
B1_RL2_TC,ATTACK_DIVERSE_MODERATE,7,r07-t032-220fc670,1789123077398207334,1789123077710775707,0.0,30,0,0.0,False,False,False,False
B1_RL2_TC,ATTACK_DIVERSE_MODERATE,7,r07-t033-af7d21ad,1789123077720946631,1789123078090559280,0.0,30,0,0.0,False,False,False,False
B1_RL2_TC,ATTACK_DIVERSE_MODERATE,7,r07-t034-70d0ea89,1789123078100669647,1789123078401749676,0.0,30,0,0.0,False,False,False,False
B1_RL2_TC,ATTACK_DIVERSE_MODERATE,7,r07-t035-ac6c2c65,1789123078411733827,1789123078727396557,0.0,30,0,0.0,False,False,False,False
B1_RL2_TC,ATTACK_DIVERSE_MODERATE,7,r07-t036-43aac2e2,1789123078737686421,1789123079081507947,0.0,30,0,0.0,False,False,False,False
B1_RL2_TC,ATTACK_DIVERSE_MODERATE,7,r07-t037-f893b5fe,1789123079091568810,1789123079401893836,0.0,30,0,0.0,False,False,False,False
B1_RL2_TC,ATTACK_DIVERSE_MODERATE,7,r07-t038-ec91e561,1789123079411796269,1789123079745052070,0.0,30,0,0.0,False,False,False,False
B1_RL2_TC,ATTACK_DIVERSE_MODERATE,7,r07-t039-d391619d,1789123079754979349,1789123080067982958,0.0,30,0,0.0,False,False,False,False
B1_RL2_TC,ATTACK_DIVERSE_MODERATE,7,r07-t040-15e3224e,1789123080078060448,1789123080361092614,0.0,30,0,0.0,False,False,False,False
B1_RL2_TC,ATTACK_DIVERSE_MODERATE,7,r07-t041-c8c3866e,1789123080370912855,1789123080723931008,0.0,30,0,0.0,False,False,False,False
B1_RL2_TC,ATTACK_DIVERSE_MODERATE,7,r07-t042-7ba426e9,1789123080735154924,1789123081081162358,0.0,30,0,0.0,False,False,False,False
B1_RL2_TC,ATTACK_DIVERSE_MODERATE,7,r07-t043-af76c352,1789123081091781932,1789123081402868785,0.0,30,0,0.0,False,False,False,False
B1_RL2_TC,ATTACK_DIVERSE_MODERATE,7,r07-t044-0f1f71d5,1789123081413412026,1789123081726084035,0.0,30,0,0.0,False,False,False,False
B1_RL2_TC,ATTACK_DIVERSE_MODERATE,7,r07-t045-72d131fa,1789123081737355186,1789123082106934864,0.0,30,0,0.0,False,False,False,False
B1_RL2_TC,ATTACK_DIVERSE_MODERATE,7,r07-t046-a2aa3b4e,1789123082116888029,1789123082378886902,0.0,30,0,0.0,False,False,False,False
B1_RL2_TC,ATTACK_DIVERSE_MODERATE,7,r07-t047-b207de91,1789123082388795570,1789123082730776108,0.0,30,0,0.0,False,False,False,False
B1_RL2_TC,ATTACK_DIVERSE_MODERATE,7,r07-t048-2b93662b,1789123082741973571,1789123083062846517,0.0,30,0,0.0,False,False,False,False
B1_RL2_TC,ATTACK_DIVERSE_MODERATE,7,r07-t049-c5d15f5d,1789123083072922833,1789123083385996263,0.0,30,0,0.0,False,False,False,False
RFC_DROP_NATIVE,BENIGN_DIVERSE_MODERATE,7,r07-t000-ba0d8147,1789123094094433220,1789123096115945866,0.0,24,0,0.0,False,False,False,False
RFC_DROP_NATIVE,BENIGN_DIVERSE_MODERATE,7,r07-t001-f35a1e82,1789123094099922768,1789123096119769030,0.0,24,0,0.0,False,False,False,False
RFC_DROP_NATIVE,BENIGN_DIVERSE_MODERATE,7,r07-t002-7181462b,1789123094108578532,1789123096127978257,0.0,24,0,0.0,False,False,False,False
RFC_DROP_NATIVE,BENIGN_DIVERSE_MODERATE,7,r07-t003-207912a2,1789123094118428054,1789123096128333199,0.0,24,0,0.0,False,False,False,False
RFC_DROP_NATIVE,BENIGN_DIVERSE_MODERATE,7,r07-t004-17b26096,1789123094128770996,1789123096138918126,0.0,24,0,0.0,False,False,False,False
RFC_DROP_NATIVE,BENIGN_DIVERSE_MODERATE,7,r07-t005-0253af76,1789123094138323993,1789123096148345120,0.0,24,0,0.0,False,False,False,False
RFC_DROP_NATIVE,BENIGN_DIVERSE_MODERATE,7,r07-t006-617a49ba,1789123094148613529,1789123096157609153,0.0,24,0,0.0,False,False,False,False
RFC_DROP_NATIVE,BENIGN_DIVERSE_MODERATE,7,r07-t007-1c5ae8fc,1789123094158334591,1789123096167849631,0.0,24,0,0.0,False,False,False,False
RFC_DROP_NATIVE,BENIGN_DIVERSE_MODERATE,7,r07-t008-1344b602,1789123094168501623,1789123096178096253,0.0,24,0,0.0,False,False,False,False
RFC_DROP_NATIVE,BENIGN_DIVERSE_MODERATE,7,r07-t009-1e4411bf,1789123094178340275,1789123096188190407,0.0,24,0,0.0,False,False,False,False
RFC_DROP_NATIVE,BENIGN_DIVERSE_MODERATE,7,r07-t010-712ebef1,1789123094188594837,1789123096198405741,0.0,24,0,0.0,False,False,False,False
RFC_DROP_NATIVE,BENIGN_DIVERSE_MODERATE,7,r07-t011-5376bef7,1789123094198252284,1789123096218290999,0.0,24,0,0.0,False,False,False,False
RFC_DROP_NATIVE,BENIGN_DIVERSE_MODERATE,7,r07-t012-265f3a8b,1789123094208423380,1789123096228308870,0.0,24,0,0.0,False,False,False,False
RFC_DROP_NATIVE,BENIGN_DIVERSE_MODERATE,7,r07-t013-aa86e16a,1789123094218393610,1789123096228679597,0.0,24,0,0.0,False,False,False,False
RFC_DROP_NATIVE,BENIGN_DIVERSE_MODERATE,7,r07-t014-4ebc97a3,1789123094228404108,1789123096237571579,0.0,24,0,0.0,False,False,False,False
RFC_DROP_NATIVE,BENIGN_DIVERSE_MODERATE,7,r07-t015-ce69e4e7,1789123094238068739,1789123096247701179,0.0,24,0,0.0,False,False,False,False
RFC_DROP_NATIVE,BENIGN_DIVERSE_MODERATE,7,r07-t016-f8c7b7eb,1789123094248536834,1789123096257971244,0.0,24,0,0.0,False,False,False,False
RFC_DROP_NATIVE,BENIGN_DIVERSE_MODERATE,7,r07-t017-d28a60ff,1789123094258268861,1789123096267823507,0.0,24,0,0.0,False,False,False,False
RFC_DROP_NATIVE,BENIGN_DIVERSE_MODERATE,7,r07-t018-2fb95da3,1789123094268404132,1789123096277762827,0.0,24,0,0.0,False,False,False,False
RFC_DROP_NATIVE,BENIGN_DIVERSE_MODERATE,7,r07-t019-fed17bc9,1789123094278296001,1789123096288262398,0.0,24,0,0.0,False,False,False,False
RFC_DROP_NATIVE,BENIGN_DIVERSE_MODERATE,7,r07-t020-f0c7d88e,1789123094288535345,1789123096297356476,0.0,24,0,0.0,False,False,False,False
RFC_DROP_NATIVE,BENIGN_DIVERSE_MODERATE,7,r07-t021-4eb1954f,1789123094298209901,1789123096307619073,0.0,24,0,0.0,False,False,False,False
RFC_DROP_NATIVE,BENIGN_DIVERSE_MODERATE,7,r07-t022-da0937dd,1789123094308647841,1789123096317478897,0.0,24,0,0.0,False,False,False,False
RFC_DROP_NATIVE,BENIGN_DIVERSE_MODERATE,7,r07-t023-a4478e86,1789123094318317104,1789123096328165156,0.0,24,0,0.0,False,False,False,False
RFC_DROP_NATIVE,BENIGN_DIVERSE_MODERATE,7,r07-t024-6e6bc8f0,1789123094328364750,1789123096338413668,0.0,24,0,0.0,False,False,False,False
RFC_DROP_NATIVE,BENIGN_DIVERSE_MODERATE,7,r07-t025-09f89b43,1789123094339195444,1789123096349217422,0.0,24,0,0.0,False,False,False,False
RFC_DROP_NATIVE,BENIGN_DIVERSE_MODERATE,7,r07-t026-d09d5bc6,1789123094348496720,1789123096357783387,0.0,24,0,0.0,False,False,False,False
RFC_DROP_NATIVE,BENIGN_DIVERSE_MODERATE,7,r07-t027-63acec97,1789123094358357395,1789123096368230780,0.0,24,0,0.0,False,False,False,False
RFC_DROP_NATIVE,BENIGN_DIVERSE_MODERATE,7,r07-t028-2404d075,1789123094368502025,1789123096417907628,0.0,24,0,0.0,False,False,False,False
RFC_DROP_NATIVE,BENIGN_DIVERSE_MODERATE,7,r07-t029-de4b82c3,1789123094398793842,1789123096418776031,0.0,24,0,0.0,False,False,False,False
RFC_DROP_NATIVE,BENIGN_DIVERSE_MODERATE,7,r07-t030-3f0d2ef5,1789123094400681320,1789123096421445515,0.0,24,0,0.0,False,False,False,False
RFC_DROP_NATIVE,BENIGN_DIVERSE_MODERATE,7,r07-t031-a11385fd,1789123094402760212,1789123096424139388,0.0,24,0,0.0,False,False,False,False
RFC_DROP_NATIVE,BENIGN_DIVERSE_MODERATE,7,r07-t032-220fc670,1789123094408537495,1789123096429565133,0.0,24,0,0.0,False,False,False,False
RFC_DROP_NATIVE,BENIGN_DIVERSE_MODERATE,7,r07-t033-af7d21ad,1789123094418698005,1789123096429805793,0.0,24,0,0.0,False,False,False,False
RFC_DROP_NATIVE,BENIGN_DIVERSE_MODERATE,7,r07-t034-70d0ea89,1789123094428803216,1789123096440027555,0.0,24,0,0.0,False,False,False,False
RFC_DROP_NATIVE,BENIGN_DIVERSE_MODERATE,7,r07-t035-ac6c2c65,1789123094438553677,1789123096447468198,0.0,24,0,0.0,False,False,False,False
RFC_DROP_NATIVE,BENIGN_DIVERSE_MODERATE,7,r07-t036-43aac2e2,1789123094448142592,1789123096457701965,0.0,24,0,0.0,False,False,False,False
RFC_DROP_NATIVE,BENIGN_DIVERSE_MODERATE,7,r07-t037-f893b5fe,1789123094458345165,1789123096468548348,0.0,24,0,0.0,False,False,False,False
RFC_DROP_NATIVE,BENIGN_DIVERSE_MODERATE,7,r07-t038-ec91e561,1789123094468120768,1789123096477813705,0.0,24,0,0.0,False,False,False,False
RFC_DROP_NATIVE,BENIGN_DIVERSE_MODERATE,7,r07-t039-d391619d,1789123094478595764,1789123096490163418,0.0,25,0,0.0,False,False,False,False
RFC_DROP_NATIVE,BENIGN_DIVERSE_MODERATE,7,r07-t040-15e3224e,1789123094488502190,1789123096497681288,0.0,25,0,0.0,False,False,False,False
RFC_DROP_NATIVE,BENIGN_DIVERSE_MODERATE,7,r07-t041-c8c3866e,1789123094498344717,1789123096509474530,0.0,25,0,0.0,False,False,False,False
RFC_DROP_NATIVE,BENIGN_DIVERSE_MODERATE,7,r07-t042-7ba426e9,1789123094509680363,1789123096531241594,0.0,25,0,0.0,False,False,False,False
RFC_DROP_NATIVE,BENIGN_DIVERSE_MODERATE,7,r07-t043-af76c352,1789123094519374864,1789123096529533809,0.0,25,0,0.0,False,False,False,False
RFC_DROP_NATIVE,BENIGN_DIVERSE_MODERATE,7,r07-t044-0f1f71d5,1789123094529722155,1789123096541609399,0.0,25,0,0.0,False,False,False,False
RFC_DROP_NATIVE,BENIGN_DIVERSE_MODERATE,7,r07-t045-72d131fa,1789123094539456166,1789123096551714610,0.0,25,0,0.0,False,False,False,False
RFC_DROP_NATIVE,BENIGN_DIVERSE_MODERATE,7,r07-t046-a2aa3b4e,1789123094550157550,1789123096561548631,0.0,25,0,0.0,False,False,False,False
RFC_DROP_NATIVE,BENIGN_DIVERSE_MODERATE,7,r07-t047-b207de91,1789123094559725765,1789123096573122953,0.0,25,0,0.0,False,False,False,False
RFC_DROP_NATIVE,BENIGN_DIVERSE_MODERATE,7,r07-t048-2b93662b,1789123094569004165,1789123096577470732,0.0,25,0,0.0,False,False,False,False
RFC_DROP_NATIVE,BENIGN_DIVERSE_MODERATE,7,r07-t049-c5d15f5d,1789123094578845274,1789123096589913173,0.0,25,0,0.0,False,False,False,False
B1_RL2_TC,ATTACK_DIVERSE_HIGH,7,r07-t000-275629ac,1789123128950392194,1789123129270240492,0.0,296,0,0.0,False,False,False,False
B1_RL2_TC,ATTACK_DIVERSE_HIGH,7,r07-t001-1a163eff,1789123130315015077,1789123130536322710,0.0,74,0,0.0,False,False,False,False
B1_RL2_TC,ATTACK_DIVERSE_HIGH,7,r07-t002-2ca78d12,1789123130547570107,1789123130928243627,0.0,70,0,0.0,False,False,False,False
B1_RL2_TC,ATTACK_DIVERSE_HIGH,7,r07-t003-4f06568c,1789123130939913052,1789123131274695072,0.0,150,0,0.0,False,False,False,False
B1_RL2_TC,ATTACK_DIVERSE_HIGH,7,r07-t004-76eeb5cd,1789123131286781799,1789123131633019960,0.0,197,0,0.0,False,False,False,False
B1_RL2_TC,ATTACK_DIVERSE_HIGH,7,r07-t005-38197814,1789123131644267925,1789123131992718619,0.0,241,0,0.0,False,False,False,False
B1_RL2_TC,ATTACK_DIVERSE_HIGH,7,r07-t006-b7a9ae62,1789123132004122194,1789123132317799075,0.0,314,0,0.0,False,False,False,False
B1_RL2_TC,ATTACK_DIVERSE_HIGH,7,r07-t007-52de76db,1789123132329592348,1789123132665940716,0.0,381,0,0.0,False,False,False,False
B1_RL2_TC,ATTACK_DIVERSE_HIGH,7,r07-t008-8ff3f07f,1789123132677579226,1789123132995603932,0.0,406,0,0.0,False,False,False,False
B1_RL2_TC,ATTACK_DIVERSE_HIGH,7,r07-t009-0142d90e,1789123133007463479,1789123133330609920,0.0,406,0,0.0,False,False,False,False
B1_RL2_TC,ATTACK_DIVERSE_HIGH,7,r07-t010-31c087bb,1789123133341871875,1789123133696931900,0.0,406,0,0.0,False,False,False,False
B1_RL2_TC,ATTACK_DIVERSE_HIGH,7,r07-t011-064b3cbd,1789123133709761053,1789123134055295928,0.0,405,0,0.0,False,False,False,False
B1_RL2_TC,ATTACK_DIVERSE_HIGH,7,r07-t012-20416398,1789123134066559490,1789123134424692824,0.0,406,0,0.0,False,False,False,False
B1_RL2_TC,ATTACK_DIVERSE_HIGH,7,r07-t013-41b0b4a7,1789123134435991677,1789123134734231649,0.0,406,0,0.0,False,False,False,False
B1_RL2_TC,ATTACK_DIVERSE_HIGH,7,r07-t014-01077621,1789123134747669198,1789123135056953130,0.0,406,0,0.0,False,False,False,False
B1_RL2_TC,ATTACK_DIVERSE_HIGH,7,r07-t015-fd2b01dd,1789123135068527298,1789123135418575046,0.0,406,0,0.0,False,False,False,False
B1_RL2_TC,ATTACK_DIVERSE_HIGH,7,r07-t016-faf6b52b,1789123135429960881,1789123135787362508,0.0,406,0,0.0,False,False,False,False
B1_RL2_TC,ATTACK_DIVERSE_HIGH,7,r07-t017-423529a3,1789123135802415070,1789123136097261736,0.0,406,0,0.0,False,False,False,False
B1_RL2_TC,ATTACK_DIVERSE_HIGH,7,r07-t018-d21f3ab5,1789123136107914566,1789123136446941801,0.0,406,0,0.0,False,False,False,False
B1_RL2_TC,ATTACK_DIVERSE_HIGH,7,r07-t019-fc3669e9,1789123136457921564,1789123136756717269,0.0,406,0,0.0,False,False,False,False
B1_RL2_TC,ATTACK_DIVERSE_HIGH,7,r07-t020-5322bd11,1789123136768042123,1789123137133495086,0.0,406,0,0.0,False,False,False,False
B1_RL2_TC,ATTACK_DIVERSE_HIGH,7,r07-t021-01ac5bcc,1789123137145005341,1789123137464809739,0.0,406,0,0.0,False,False,False,False
B1_RL2_TC,ATTACK_DIVERSE_HIGH,7,r07-t022-c0d2f01c,1789123137475779009,1789123137801388171,0.0,406,0,0.0,False,False,False,False
B1_RL2_TC,ATTACK_DIVERSE_HIGH,7,r07-t023-63350a4d,1789123137812874317,1789123138172797358,0.0,406,0,0.0,False,False,False,False
B1_RL2_TC,ATTACK_DIVERSE_HIGH,7,r07-t024-692758c8,1789123138184523932,1789123138529018784,0.0,406,0,0.0,False,False,False,False
B1_RL2_TC,ATTACK_DIVERSE_HIGH,7,r07-t025-fba9ad57,1789123138540071536,1789123138856233408,0.0,406,0,0.0,False,False,False,False
B1_RL2_TC,ATTACK_DIVERSE_HIGH,7,r07-t026-0f45508f,1789123138866984564,1789123139198149364,0.0,406,0,0.0,False,False,False,False
B1_RL2_TC,ATTACK_DIVERSE_HIGH,7,r07-t027-2e19772c,1789123139209408035,1789123139578122036,0.0,406,0,0.0,False,False,False,False
B1_RL2_TC,ATTACK_DIVERSE_HIGH,7,r07-t028-9a25620b,1789123139589365392,1789123139903854011,0.0,406,0,0.0,False,False,False,False
B1_RL2_TC,ATTACK_DIVERSE_HIGH,7,r07-t029-b8e88726,1789123139917522156,1789123140226630234,0.0,406,0,0.0,False,False,False,False
B1_RL2_TC,ATTACK_DIVERSE_HIGH,7,r07-t030-9de366de,1789123140239159114,1789123140573523024,0.0,406,0,0.0,False,False,False,False
B1_RL2_TC,ATTACK_DIVERSE_HIGH,7,r07-t031-e6184cba,1789123140584221802,1789123140938478398,0.0,406,0,0.0,False,False,False,False
B1_RL2_TC,ATTACK_DIVERSE_HIGH,7,r07-t032-c786d922,1789123140949528126,1789123141296333935,0.0,406,0,0.0,False,False,False,False
B1_RL2_TC,ATTACK_DIVERSE_HIGH,7,r07-t033-63368951,1789123141308360878,1789123141649178979,0.0,406,0,0.0,False,False,False,False
B1_RL2_TC,ATTACK_DIVERSE_HIGH,7,r07-t034-64218b43,1789123141659712492,1789123141952593100,0.0,406,0,0.0,False,False,False,False
B1_RL2_TC,ATTACK_DIVERSE_HIGH,7,r07-t035-be4ecfcb,1789123141964002570,1789123142329246495,0.0,406,0,0.0,False,False,False,False
B1_RL2_TC,ATTACK_DIVERSE_HIGH,7,r07-t036-5c6c457d,1789123142345147691,1789123142693603319,0.0,406,0,0.0,False,False,False,False
B1_RL2_TC,ATTACK_DIVERSE_HIGH,7,r07-t037-5d54aba2,1789123142705607780,1789123143019710544,0.0,406,0,0.0,False,False,False,False
B1_RL2_TC,ATTACK_DIVERSE_HIGH,7,r07-t038-3a877df3,1789123143030639267,1789123143411361678,0.0,406,0,0.0,False,False,False,False
B1_RL2_TC,ATTACK_DIVERSE_HIGH,7,r07-t039-a9b3b655,1789123143423718473,1789123143768102286,0.0,406,0,0.0,False,False,False,False
B1_RL2_TC,ATTACK_DIVERSE_HIGH,7,r07-t040-9120fe22,1789123143779107465,1789123144093677620,0.0,406,0,0.0,False,False,False,False
B1_RL2_TC,ATTACK_DIVERSE_HIGH,7,r07-t041-be39daa1,1789123144104954159,1789123144463437317,0.0,406,0,0.0,False,False,False,False
B1_RL2_TC,ATTACK_DIVERSE_HIGH,7,r07-t042-dba646bb,1789123144476270730,1789123144756650465,0.0,406,0,0.0,False,False,False,False
B1_RL2_TC,ATTACK_DIVERSE_HIGH,7,r07-t043-bcb9a055,1789123144767838683,1789123145110224877,0.0,406,0,0.0,False,False,False,False
B1_RL2_TC,ATTACK_DIVERSE_HIGH,7,r07-t044-48bc51c6,1789123145121573539,1789123145448864685,0.0,406,0,0.0,False,False,False,False
B1_RL2_TC,ATTACK_DIVERSE_HIGH,7,r07-t045-229ef936,1789123145461023467,1789123145796679272,0.0,406,0,0.0,False,False,False,False
B1_RL2_TC,ATTACK_DIVERSE_HIGH,7,r07-t046-1f2784a3,1789123145808000252,1789123146130289437,0.0,406,0,0.0,False,False,False,False
B1_RL2_TC,ATTACK_DIVERSE_HIGH,7,r07-t047-4227e81c,1789123146141277010,1789123146471698194,0.0,406,0,0.0,False,False,False,False
B1_RL2_TC,ATTACK_DIVERSE_HIGH,7,r07-t048-d68826b1,1789123146483019079,1789123146868960198,0.0,406,0,0.0,False,False,False,False
B1_RL2_TC,ATTACK_DIVERSE_HIGH,7,r07-t049-ffa92ba5,1789123146879962366,1789123147173611551,0.0,406,0,0.0,False,False,False,False
B5_LOCKED_TC,BENIGN_DIVERSE_MODERATE,7,r07-t000-ba0d8147,1789123159384600445,1789123159733012358,0.0,24,0,0.0,False,False,False,False
B5_LOCKED_TC,BENIGN_DIVERSE_MODERATE,7,r07-t001-f35a1e82,1789123159743468228,1789123160093191073,0.0,25,0,0.0,False,False,False,False
B5_LOCKED_TC,BENIGN_DIVERSE_MODERATE,7,r07-t002-7181462b,1789123161900025419,1789123162244272424,0.0,8,0,0.0,False,False,False,False
B5_LOCKED_TC,BENIGN_DIVERSE_MODERATE,7,r07-t003-207912a2,1789123162255494612,1789123162606411957,0.0,4,0,0.0,False,False,False,False
B5_LOCKED_TC,BENIGN_DIVERSE_MODERATE,7,r07-t004-17b26096,1789123162616556929,1789123162969153327,0.0,10,0,0.0,False,False,False,False
B5_LOCKED_TC,BENIGN_DIVERSE_MODERATE,7,r07-t005-0253af76,1789123162980484192,1789123163297199440,0.0,14,0,0.0,False,False,False,False
B5_LOCKED_TC,BENIGN_DIVERSE_MODERATE,7,r07-t006-617a49ba,1789123163307406175,1789123163650672157,0.0,16,0,0.0,False,False,False,False
B5_LOCKED_TC,BENIGN_DIVERSE_MODERATE,7,r07-t007-1c5ae8fc,1789123163660823183,1789123163989436231,0.0,21,0,0.0,False,False,False,False
B5_LOCKED_TC,BENIGN_DIVERSE_MODERATE,7,r07-t008-1344b602,1789123164000181432,1789123164352077058,0.0,26,0,0.0,False,False,False,False
B5_LOCKED_TC,BENIGN_DIVERSE_MODERATE,7,r07-t009-1e4411bf,1789123164362867469,1789123164678943046,0.0,30,0,0.0,False,False,False,False
B5_LOCKED_TC,BENIGN_DIVERSE_MODERATE,7,r07-t010-712ebef1,1789123164688936022,1789123165021557913,0.0,30,0,0.0,False,False,False,False
B5_LOCKED_TC,BENIGN_DIVERSE_MODERATE,7,r07-t011-5376bef7,1789123165031489126,1789123165380784073,0.0,30,0,0.0,False,False,False,False
B5_LOCKED_TC,BENIGN_DIVERSE_MODERATE,7,r07-t012-265f3a8b,1789123165390985985,1789123165726073772,0.0,30,0,0.0,False,False,False,False
B5_LOCKED_TC,BENIGN_DIVERSE_MODERATE,7,r07-t013-aa86e16a,1789123165736513279,1789123166078191765,0.0,30,0,0.0,False,False,False,False
B5_LOCKED_TC,BENIGN_DIVERSE_MODERATE,7,r07-t014-4ebc97a3,1789123166089375456,1789123166439690397,0.0,30,0,0.0,False,False,False,False
B5_LOCKED_TC,BENIGN_DIVERSE_MODERATE,7,r07-t015-ce69e4e7,1789123166451174110,1789123166792701073,0.0,30,0,0.0,False,False,False,False
B5_LOCKED_TC,BENIGN_DIVERSE_MODERATE,7,r07-t016-f8c7b7eb,1789123166803310640,1789123167137423835,0.0,30,0,0.0,False,False,False,False
B5_LOCKED_TC,BENIGN_DIVERSE_MODERATE,7,r07-t017-d28a60ff,1789123167147293947,1789123167498884635,0.0,30,0,0.0,False,False,False,False
B5_LOCKED_TC,BENIGN_DIVERSE_MODERATE,7,r07-t018-2fb95da3,1789123167510741576,1789123167847941516,0.0,30,0,0.0,False,False,False,False
B5_LOCKED_TC,BENIGN_DIVERSE_MODERATE,7,r07-t019-fed17bc9,1789123167858536045,1789123168223540523,0.0,30,0,0.0,False,False,False,False
B5_LOCKED_TC,BENIGN_DIVERSE_MODERATE,7,r07-t020-f0c7d88e,1789123168234427600,1789123168562224146,0.0,30,0,0.0,False,False,False,False
B5_LOCKED_TC,BENIGN_DIVERSE_MODERATE,7,r07-t021-4eb1954f,1789123168572511886,1789123168919360495,0.0,30,0,0.0,False,False,False,False
B5_LOCKED_TC,BENIGN_DIVERSE_MODERATE,7,r07-t022-da0937dd,1789123168930343290,1789123169293252897,0.0,30,0,0.0,False,False,False,False
B5_LOCKED_TC,BENIGN_DIVERSE_MODERATE,7,r07-t023-a4478e86,1789123169304293841,1789123169650437942,0.0,30,0,0.0,False,False,False,False
B5_LOCKED_TC,BENIGN_DIVERSE_MODERATE,7,r07-t024-6e6bc8f0,1789123169660886138,1789123169997077117,0.0,30,0,0.0,False,False,False,False
B5_LOCKED_TC,BENIGN_DIVERSE_MODERATE,7,r07-t025-09f89b43,1789123170008350186,1789123170352579512,0.0,30,0,0.0,False,False,False,False
B5_LOCKED_TC,BENIGN_DIVERSE_MODERATE,7,r07-t026-d09d5bc6,1789123170363563537,1789123170725471459,0.0,30,0,0.0,False,False,False,False
B5_LOCKED_TC,BENIGN_DIVERSE_MODERATE,7,r07-t027-63acec97,1789123170736340129,1789123171061980322,0.0,30,0,0.0,False,False,False,False
B5_LOCKED_TC,BENIGN_DIVERSE_MODERATE,7,r07-t028-2404d075,1789123171072106474,1789123171416544288,0.0,30,0,0.0,False,False,False,False
B5_LOCKED_TC,BENIGN_DIVERSE_MODERATE,7,r07-t029-de4b82c3,1789123171428706052,1789123171757651124,0.0,30,0,0.0,False,False,False,False
B5_LOCKED_TC,BENIGN_DIVERSE_MODERATE,7,r07-t030-3f0d2ef5,1789123171768203330,1789123172116037266,0.0,30,0,0.0,False,False,False,False
B5_LOCKED_TC,BENIGN_DIVERSE_MODERATE,7,r07-t031-a11385fd,1789123172127421623,1789123172457155638,0.0,30,0,0.0,False,False,False,False
B5_LOCKED_TC,BENIGN_DIVERSE_MODERATE,7,r07-t032-220fc670,1789123172469182003,1789123172793847931,0.0,30,0,0.0,False,False,False,False
B5_LOCKED_TC,BENIGN_DIVERSE_MODERATE,7,r07-t033-af7d21ad,1789123172803977109,1789123173151344998,0.0,30,0,0.0,False,False,False,False
B5_LOCKED_TC,BENIGN_DIVERSE_MODERATE,7,r07-t034-70d0ea89,1789123173162163745,1789123173480018139,0.0,30,0,0.0,False,False,False,False
B5_LOCKED_TC,BENIGN_DIVERSE_MODERATE,7,r07-t035-ac6c2c65,1789123173490257848,1789123173825819961,0.0,30,0,0.0,False,False,False,False
B5_LOCKED_TC,BENIGN_DIVERSE_MODERATE,7,r07-t036-43aac2e2,1789123173836430031,1789123174178227193,0.0,30,0,0.0,False,False,False,False
B5_LOCKED_TC,BENIGN_DIVERSE_MODERATE,7,r07-t037-f893b5fe,1789123174188034988,1789123174551780814,0.0,30,0,0.0,False,False,False,False
B5_LOCKED_TC,BENIGN_DIVERSE_MODERATE,7,r07-t038-ec91e561,1789123174563948536,1789123174885033020,0.0,30,0,0.0,False,False,False,False
B5_LOCKED_TC,BENIGN_DIVERSE_MODERATE,7,r07-t039-d391619d,1789123174895218834,1789123175234012171,0.0,30,0,0.0,False,False,False,False
B5_LOCKED_TC,BENIGN_DIVERSE_MODERATE,7,r07-t040-15e3224e,1789123175244987212,1789123175611549462,0.0,30,0,0.0,False,False,False,False
B5_LOCKED_TC,BENIGN_DIVERSE_MODERATE,7,r07-t041-c8c3866e,1789123175623367908,1789123175957951974,0.0,30,0,0.0,False,False,False,False
B5_LOCKED_TC,BENIGN_DIVERSE_MODERATE,7,r07-t042-7ba426e9,1789123175969177956,1789123176308541988,0.0,30,0,0.0,False,False,False,False
B5_LOCKED_TC,BENIGN_DIVERSE_MODERATE,7,r07-t043-af76c352,1789123176319433967,1789123176684022413,0.0,30,0,0.0,False,False,False,False
B5_LOCKED_TC,BENIGN_DIVERSE_MODERATE,7,r07-t044-0f1f71d5,1789123176695826073,1789123177021819231,0.0,30,0,0.0,False,False,False,False
B5_LOCKED_TC,BENIGN_DIVERSE_MODERATE,7,r07-t045-72d131fa,1789123177032261462,1789123177365875493,0.0,30,0,0.0,False,False,False,False
B5_LOCKED_TC,BENIGN_DIVERSE_MODERATE,7,r07-t046-a2aa3b4e,1789123177375783449,1789123177704938820,0.0,30,0,0.0,False,False,False,False
B5_LOCKED_TC,BENIGN_DIVERSE_MODERATE,7,r07-t047-b207de91,1789123177716419098,1789123178061756509,0.0,30,0,0.0,False,False,False,False
B5_LOCKED_TC,BENIGN_DIVERSE_MODERATE,7,r07-t048-2b93662b,1789123178071447619,1789123178434858902,0.0,30,0,0.0,False,False,False,False
B5_LOCKED_TC,BENIGN_DIVERSE_MODERATE,7,r07-t049-c5d15f5d,1789123178445170799,1789123178773805871,0.0,30,0,0.0,False,False,False,False
B1_RL2_TC,BENIGN_DIVERSE_MODERATE,7,r07-t000-ba0d8147,1789123189752888417,1789123190514565616,0.0,24,0,0.0,False,False,False,False
B1_RL2_TC,BENIGN_DIVERSE_MODERATE,7,r07-t001-f35a1e82,1789123190525103882,1789123190915007756,0.0,26,0,0.0,False,False,False,False
B1_RL2_TC,BENIGN_DIVERSE_MODERATE,7,r07-t002-7181462b,1789123190925615720,1789123191293250557,0.0,27,0,0.0,False,False,False,False
B1_RL2_TC,BENIGN_DIVERSE_MODERATE,7,r07-t003-207912a2,1789123191303612409,1789123191693911518,0.0,28,0,0.0,False,False,False,False
B1_RL2_TC,BENIGN_DIVERSE_MODERATE,7,r07-t004-17b26096,1789123192412032798,1789123192810948492,0.0,24,0,0.0,False,False,False,False
B1_RL2_TC,BENIGN_DIVERSE_MODERATE,7,r07-t005-0253af76,1789123193848776335,1789123194225897234,0.0,6,0,0.0,False,False,False,False
B1_RL2_TC,BENIGN_DIVERSE_MODERATE,7,r07-t006-617a49ba,1789123194236732905,1789123194620924368,0.0,8,0,0.0,False,False,False,False
B1_RL2_TC,BENIGN_DIVERSE_MODERATE,7,r07-t007-1c5ae8fc,1789123194633298964,1789123195028109535,0.0,13,0,0.0,False,False,False,False
B1_RL2_TC,BENIGN_DIVERSE_MODERATE,7,r07-t008-1344b602,1789123195038235726,1789123195404335792,0.0,15,0,0.0,False,False,False,False
B1_RL2_TC,BENIGN_DIVERSE_MODERATE,7,r07-t009-1e4411bf,1789123195415315364,1789123195798262612,0.0,21,0,0.0,False,False,False,False
B1_RL2_TC,BENIGN_DIVERSE_MODERATE,7,r07-t010-712ebef1,1789123195808447840,1789123196201644935,0.0,26,0,0.0,False,False,False,False
B1_RL2_TC,BENIGN_DIVERSE_MODERATE,7,r07-t011-5376bef7,1789123196212802090,1789123196580519795,0.0,29,0,0.0,False,False,False,False
B1_RL2_TC,BENIGN_DIVERSE_MODERATE,7,r07-t012-265f3a8b,1789123196590682411,1789123196979231890,0.0,29,0,0.0,False,False,False,False
B1_RL2_TC,BENIGN_DIVERSE_MODERATE,7,r07-t013-aa86e16a,1789123196989885814,1789123197362197775,0.0,29,0,0.0,False,False,False,False
B1_RL2_TC,BENIGN_DIVERSE_MODERATE,7,r07-t014-4ebc97a3,1789123197372099931,1789123197770825743,0.0,29,0,0.0,False,False,False,False
B1_RL2_TC,BENIGN_DIVERSE_MODERATE,7,r07-t015-ce69e4e7,1789123197780776528,1789123198159431042,0.0,29,0,0.0,False,False,False,False
B1_RL2_TC,BENIGN_DIVERSE_MODERATE,7,r07-t016-f8c7b7eb,1789123198169810882,1789123198586705294,0.0,29,0,0.0,False,False,False,False
B1_RL2_TC,BENIGN_DIVERSE_MODERATE,7,r07-t017-d28a60ff,1789123198597399334,1789123198979857638,0.0,29,0,0.0,False,False,False,False
B1_RL2_TC,BENIGN_DIVERSE_MODERATE,7,r07-t018-2fb95da3,1789123198990553570,1789123199377202809,0.0,29,0,0.0,False,False,False,False
B1_RL2_TC,BENIGN_DIVERSE_MODERATE,7,r07-t019-fed17bc9,1789123199388172827,1789123199755614460,0.0,29,0,0.0,False,False,False,False
B1_RL2_TC,BENIGN_DIVERSE_MODERATE,7,r07-t020-f0c7d88e,1789123199766135741,1789123200142217339,0.0,29,0,0.0,False,False,False,False
B1_RL2_TC,BENIGN_DIVERSE_MODERATE,7,r07-t021-4eb1954f,1789123200152787629,1789123200554254858,0.0,29,0,0.0,False,False,False,False
B1_RL2_TC,BENIGN_DIVERSE_MODERATE,7,r07-t022-da0937dd,1789123200565448533,1789123200952666094,0.0,29,0,0.0,False,False,False,False
B1_RL2_TC,BENIGN_DIVERSE_MODERATE,7,r07-t023-a4478e86,1789123200962801368,1789123201338936704,0.0,29,0,0.0,False,False,False,False
B1_RL2_TC,BENIGN_DIVERSE_MODERATE,7,r07-t024-6e6bc8f0,1789123201349177467,1789123201735191306,0.0,29,0,0.0,False,False,False,False
B1_RL2_TC,BENIGN_DIVERSE_MODERATE,7,r07-t025-09f89b43,1789123201745818929,1789123202127015777,0.0,29,0,0.0,False,False,False,False
B1_RL2_TC,BENIGN_DIVERSE_MODERATE,7,r07-t026-d09d5bc6,1789123202136967244,1789123202525970440,0.0,29,0,0.0,False,False,False,False
B1_RL2_TC,BENIGN_DIVERSE_MODERATE,7,r07-t027-63acec97,1789123202537756227,1789123202910665105,0.0,29,0,0.0,False,False,False,False
B1_RL2_TC,BENIGN_DIVERSE_MODERATE,7,r07-t028-2404d075,1789123202920635342,1789123203319886278,0.0,29,0,0.0,False,False,False,False
B1_RL2_TC,BENIGN_DIVERSE_MODERATE,7,r07-t029-de4b82c3,1789123203329779170,1789123203695809846,0.0,29,0,0.0,False,False,False,False
B1_RL2_TC,BENIGN_DIVERSE_MODERATE,7,r07-t030-3f0d2ef5,1789123203706121536,1789123204107458919,0.0,29,0,0.0,False,False,False,False
B1_RL2_TC,BENIGN_DIVERSE_MODERATE,7,r07-t031-a11385fd,1789123204117702223,1789123204499992474,0.0,29,0,0.0,False,False,False,False
B1_RL2_TC,BENIGN_DIVERSE_MODERATE,7,r07-t032-220fc670,1789123204510128722,1789123204915112577,0.0,29,0,0.0,False,False,False,False
B1_RL2_TC,BENIGN_DIVERSE_MODERATE,7,r07-t033-af7d21ad,1789123204925091210,1789123205291434570,0.0,29,0,0.0,False,False,False,False
B1_RL2_TC,BENIGN_DIVERSE_MODERATE,7,r07-t034-70d0ea89,1789123205301331329,1789123205696040280,0.0,29,0,0.0,False,False,False,False
B1_RL2_TC,BENIGN_DIVERSE_MODERATE,7,r07-t035-ac6c2c65,1789123205708468695,1789123206095334321,0.0,29,0,0.0,False,False,False,False
B1_RL2_TC,BENIGN_DIVERSE_MODERATE,7,r07-t036-43aac2e2,1789123206105436518,1789123206476201317,0.0,29,0,0.0,False,False,False,False
B1_RL2_TC,BENIGN_DIVERSE_MODERATE,7,r07-t037-f893b5fe,1789123206486988777,1789123206851170797,0.0,29,0,0.0,False,False,False,False
B1_RL2_TC,BENIGN_DIVERSE_MODERATE,7,r07-t038-ec91e561,1789123206861270353,1789123207225361539,0.0,29,0,0.0,False,False,False,False
B1_RL2_TC,BENIGN_DIVERSE_MODERATE,7,r07-t039-d391619d,1789123207236219176,1789123207620486081,0.0,30,0,0.0,False,False,False,False
B1_RL2_TC,BENIGN_DIVERSE_MODERATE,7,r07-t040-15e3224e,1789123207631008114,1789123208035178424,0.0,30,0,0.0,False,False,False,False
B1_RL2_TC,BENIGN_DIVERSE_MODERATE,7,r07-t041-c8c3866e,1789123208045561141,1789123208431059540,0.0,29,0,0.0,False,False,False,False
B1_RL2_TC,BENIGN_DIVERSE_MODERATE,7,r07-t042-7ba426e9,1789123208441147966,1789123208826517141,0.0,29,0,0.0,False,False,False,False
B1_RL2_TC,BENIGN_DIVERSE_MODERATE,7,r07-t043-af76c352,1789123208838906223,1789123209206545501,0.0,29,0,0.0,False,False,False,False
B1_RL2_TC,BENIGN_DIVERSE_MODERATE,7,r07-t044-0f1f71d5,1789123209216373121,1789123209576512884,0.0,29,0,0.0,False,False,False,False
B1_RL2_TC,BENIGN_DIVERSE_MODERATE,7,r07-t045-72d131fa,1789123209586823065,1789123209951810611,0.0,29,0,0.0,False,False,False,False
B1_RL2_TC,BENIGN_DIVERSE_MODERATE,7,r07-t046-a2aa3b4e,1789123209963169017,1789123210323491991,0.0,30,0,0.0,False,False,False,False
B1_RL2_TC,BENIGN_DIVERSE_MODERATE,7,r07-t047-b207de91,1789123210333892774,1789123210730718529,0.0,30,0,0.0,False,False,False,False
B1_RL2_TC,BENIGN_DIVERSE_MODERATE,7,r07-t048-2b93662b,1789123210741815809,1789123211140155770,0.0,29,0,0.0,False,False,False,False
B1_RL2_TC,BENIGN_DIVERSE_MODERATE,7,r07-t049-c5d15f5d,1789123211151731028,1789123211551803527,0.0,30,0,0.0,False,False,False,False
B0_OFF,ATTACK_DIVERSE_HIGH,7,r07-t000-275629ac,1789123224421556020,1789123224623527989,0.0,264,0,0.0,False,False,False,False
B0_OFF,ATTACK_DIVERSE_HIGH,7,r07-t001-1a163eff,1789123225667601827,1789123225939334881,0.0,67,0,0.0,False,False,False,False
B0_OFF,ATTACK_DIVERSE_HIGH,7,r07-t002-2ca78d12,1789123225951233952,1789123226309194529,0.0,86,0,0.0,False,False,False,False
B0_OFF,ATTACK_DIVERSE_HIGH,7,r07-t003-4f06568c,1789123226320649107,1789123226660492130,0.0,160,0,0.0,False,False,False,False
B0_OFF,ATTACK_DIVERSE_HIGH,7,r07-t004-76eeb5cd,1789123226672787389,1789123226986167760,0.0,197,0,0.0,False,False,False,False
B0_OFF,ATTACK_DIVERSE_HIGH,7,r07-t005-38197814,1789123226998159663,1789123227319798730,0.0,246,0,0.0,False,False,False,False
B0_OFF,ATTACK_DIVERSE_HIGH,7,r07-t006-b7a9ae62,1789123227331876657,1789123227659763889,0.0,314,0,0.0,False,False,False,False
B0_OFF,ATTACK_DIVERSE_HIGH,7,r07-t007-52de76db,1789123227671443266,1789123227989068265,0.0,383,0,0.0,False,False,False,False
B0_OFF,ATTACK_DIVERSE_HIGH,7,r07-t008-8ff3f07f,1789123228000651052,1789123228329719670,0.0,406,0,0.0,False,False,False,False
B0_OFF,ATTACK_DIVERSE_HIGH,7,r07-t009-0142d90e,1789123228341585062,1789123228658459731,0.0,406,0,0.0,False,False,False,False
B0_OFF,ATTACK_DIVERSE_HIGH,7,r07-t010-31c087bb,1789123228669676046,1789123229013737633,0.0,406,0,0.0,False,False,False,False
B0_OFF,ATTACK_DIVERSE_HIGH,7,r07-t011-064b3cbd,1789123229025643872,1789123229345709465,0.0,406,0,0.0,False,False,False,False
B0_OFF,ATTACK_DIVERSE_HIGH,7,r07-t012-20416398,1789123229358240953,1789123229689140413,0.0,406,0,0.0,False,False,False,False
B0_OFF,ATTACK_DIVERSE_HIGH,7,r07-t013-41b0b4a7,1789123229700430760,1789123230043452596,0.0,406,0,0.0,False,False,False,False
B0_OFF,ATTACK_DIVERSE_HIGH,7,r07-t014-01077621,1789123230054079305,1789123230419237929,0.0,406,0,0.0,False,False,False,False
B0_OFF,ATTACK_DIVERSE_HIGH,7,r07-t015-fd2b01dd,1789123230430517686,1789123230760112657,0.0,406,0,0.0,False,False,False,False
B0_OFF,ATTACK_DIVERSE_HIGH,7,r07-t016-faf6b52b,1789123230771467392,1789123231124289108,0.0,406,0,0.0,False,False,False,False
B0_OFF,ATTACK_DIVERSE_HIGH,7,r07-t017-423529a3,1789123231135053197,1789123231445537412,0.0,406,0,0.0,False,False,False,False
B0_OFF,ATTACK_DIVERSE_HIGH,7,r07-t018-d21f3ab5,1789123231457603153,1789123231806242979,0.0,406,0,0.0,False,False,False,False
B0_OFF,ATTACK_DIVERSE_HIGH,7,r07-t019-fc3669e9,1789123231817950193,1789123232175705651,0.0,406,0,0.0,False,False,False,False
B0_OFF,ATTACK_DIVERSE_HIGH,7,r07-t020-5322bd11,1789123232187755034,1789123232520118486,0.0,406,0,0.0,False,False,False,False
B0_OFF,ATTACK_DIVERSE_HIGH,7,r07-t021-01ac5bcc,1789123232532207204,1789123232870680206,0.0,406,0,0.0,False,False,False,False
B0_OFF,ATTACK_DIVERSE_HIGH,7,r07-t022-c0d2f01c,1789123232882750106,1789123233209362253,0.0,406,0,0.0,False,False,False,False
B0_OFF,ATTACK_DIVERSE_HIGH,7,r07-t023-63350a4d,1789123233220678034,1789123233544119207,0.0,406,0,0.0,False,False,False,False
B0_OFF,ATTACK_DIVERSE_HIGH,7,r07-t024-692758c8,1789123233555342236,1789123233886448852,0.0,406,0,0.0,False,False,False,False
B0_OFF,ATTACK_DIVERSE_HIGH,7,r07-t025-fba9ad57,1789123233899005394,1789123234234201243,0.0,406,0,0.0,False,False,False,False
B0_OFF,ATTACK_DIVERSE_HIGH,7,r07-t026-0f45508f,1789123234245256921,1789123234582507030,0.0,406,0,0.0,False,False,False,False
B0_OFF,ATTACK_DIVERSE_HIGH,7,r07-t027-2e19772c,1789123234594311721,1789123234930295160,0.0,406,0,0.0,False,False,False,False
B0_OFF,ATTACK_DIVERSE_HIGH,7,r07-t028-9a25620b,1789123234942593492,1789123235274007864,0.0,406,0,0.0,False,False,False,False
B0_OFF,ATTACK_DIVERSE_HIGH,7,r07-t029-b8e88726,1789123235284648094,1789123235629371239,0.0,406,0,0.0,False,False,False,False
B0_OFF,ATTACK_DIVERSE_HIGH,7,r07-t030-9de366de,1789123235640576681,1789123235949884828,0.0,406,0,0.0,False,False,False,False
B0_OFF,ATTACK_DIVERSE_HIGH,7,r07-t031-e6184cba,1789123235961767694,1789123236303833375,0.0,406,0,0.0,False,False,False,False
B0_OFF,ATTACK_DIVERSE_HIGH,7,r07-t032-c786d922,1789123236315251463,1789123236663852131,0.0,406,0,0.0,False,False,False,False
B0_OFF,ATTACK_DIVERSE_HIGH,7,r07-t033-63368951,1789123236674989768,1789123237009586192,0.0,406,0,0.0,False,False,False,False
B0_OFF,ATTACK_DIVERSE_HIGH,7,r07-t034-64218b43,1789123237022106856,1789123237329164377,0.0,406,0,0.0,False,False,False,False
B0_OFF,ATTACK_DIVERSE_HIGH,7,r07-t035-be4ecfcb,1789123237341801236,1789123237688950177,0.0,406,0,0.0,False,False,False,False
B0_OFF,ATTACK_DIVERSE_HIGH,7,r07-t036-5c6c457d,1789123237701168623,1789123238080251324,0.0,406,0,0.0,False,False,False,False
B0_OFF,ATTACK_DIVERSE_HIGH,7,r07-t037-5d54aba2,1789123238092669835,1789123238390113443,0.0,406,0,0.0,False,False,False,False
B0_OFF,ATTACK_DIVERSE_HIGH,7,r07-t038-3a877df3,1789123238402932181,1789123238742208152,0.0,406,0,0.0,False,False,False,False
B0_OFF,ATTACK_DIVERSE_HIGH,7,r07-t039-a9b3b655,1789123238754228888,1789123239080671231,0.0,406,0,0.0,False,False,False,False
B0_OFF,ATTACK_DIVERSE_HIGH,7,r07-t040-9120fe22,1789123239093841570,1789123239439191424,0.0,406,0,0.0,False,False,False,False
B0_OFF,ATTACK_DIVERSE_HIGH,7,r07-t041-be39daa1,1789123239452334339,1789123239805733576,0.0,406,0,0.0,False,False,False,False
B0_OFF,ATTACK_DIVERSE_HIGH,7,r07-t042-dba646bb,1789123239817380284,1789123240147197080,0.0,406,0,0.0,False,False,False,False
B0_OFF,ATTACK_DIVERSE_HIGH,7,r07-t043-bcb9a055,1789123240158555232,1789123240528804213,0.0,406,0,0.0,False,False,False,False
B0_OFF,ATTACK_DIVERSE_HIGH,7,r07-t044-48bc51c6,1789123240540337929,1789123240901799836,0.0,406,0,0.0,False,False,False,False
B0_OFF,ATTACK_DIVERSE_HIGH,7,r07-t045-229ef936,1789123240913022004,1789123241226023737,0.0,406,0,0.0,False,False,False,False
B0_OFF,ATTACK_DIVERSE_HIGH,7,r07-t046-1f2784a3,1789123241238327279,1789123241558665206,0.0,406,0,0.0,False,False,False,False
B0_OFF,ATTACK_DIVERSE_HIGH,7,r07-t047-4227e81c,1789123241569890390,1789123241904148219,0.0,406,0,0.0,False,False,False,False
B0_OFF,ATTACK_DIVERSE_HIGH,7,r07-t048-d68826b1,1789123241915757608,1789123242240011193,0.0,406,0,0.0,False,False,False,False
B0_OFF,ATTACK_DIVERSE_HIGH,7,r07-t049-ffa92ba5,1789123242252335656,1789123242593595701,0.0,406,0,0.0,False,False,False,False
B1_RL2_TC,BENIGN_DIVERSE_HIGH,8,r08-t000-4fbac691,1789123257754392455,1789123258964704232,0.0,87,0,0.0,False,False,False,False
B1_RL2_TC,BENIGN_DIVERSE_HIGH,8,r08-t001-b78b34a3,1789123258976429023,1789123259359876718,0.0,280,0,0.0,False,False,False,False
B1_RL2_TC,BENIGN_DIVERSE_HIGH,8,r08-t002-44d5f14b,1789123259371888931,1789123259744343625,0.0,361,0,0.0,False,False,False,False
B1_RL2_TC,BENIGN_DIVERSE_HIGH,8,r08-t003-17b1c095,1789123259755327739,1789123260133921991,0.0,405,0,0.0,False,False,False,False
B1_RL2_TC,BENIGN_DIVERSE_HIGH,8,r08-t004-6c800926,1789123260144797756,1789123260561117716,0.0,405,0,0.0,False,False,False,False
B1_RL2_TC,BENIGN_DIVERSE_HIGH,8,r08-t005-b597cbf2,1789123260573329705,1789123260973438837,0.0,405,0,0.0,False,False,False,False
B1_RL2_TC,BENIGN_DIVERSE_HIGH,8,r08-t006-56b9e75c,1789123260984813712,1789123261378902130,0.0,405,0,0.0,False,False,False,False
B1_RL2_TC,BENIGN_DIVERSE_HIGH,8,r08-t007-dc803eda,1789123261389500307,1789123261811763696,0.0,405,0,0.0,False,False,False,False
B1_RL2_TC,BENIGN_DIVERSE_HIGH,8,r08-t008-bce94fe2,1789123261822894743,1789123262197286808,0.0,405,0,0.0,False,False,False,False
B1_RL2_TC,BENIGN_DIVERSE_HIGH,8,r08-t009-18177eb3,1789123262209395261,1789123262634843575,0.0,405,0,0.0,False,False,False,False
B1_RL2_TC,BENIGN_DIVERSE_HIGH,8,r08-t010-5aa3939b,1789123262646902021,1789123263041449824,0.0,405,0,0.0,False,False,False,False
B1_RL2_TC,BENIGN_DIVERSE_HIGH,8,r08-t011-acb16ed6,1789123263054125021,1789123263445606075,0.0,405,0,0.0,False,False,False,False
B1_RL2_TC,BENIGN_DIVERSE_HIGH,8,r08-t012-d6f7a4d9,1789123263456154687,1789123263826536346,0.0,405,0,0.0,False,False,False,False
B1_RL2_TC,BENIGN_DIVERSE_HIGH,8,r08-t013-41caf785,1789123263838347296,1789123264250605284,0.0,405,0,0.0,False,False,False,False
B1_RL2_TC,BENIGN_DIVERSE_HIGH,8,r08-t014-d4b18a58,1789123264262500655,1789123264676963222,0.0,405,0,0.0,False,False,False,False
B1_RL2_TC,BENIGN_DIVERSE_HIGH,8,r08-t015-1d621d70,1789123264688213858,1789123265082962549,0.0,405,0,0.0,False,False,False,False
B1_RL2_TC,BENIGN_DIVERSE_HIGH,8,r08-t016-75dc7116,1789123265094460773,1789123265506355743,0.0,405,0,0.0,False,False,False,False
B1_RL2_TC,BENIGN_DIVERSE_HIGH,8,r08-t017-34f38a81,1789123265517491235,1789123265921386284,0.0,405,0,0.0,False,False,False,False
B1_RL2_TC,BENIGN_DIVERSE_HIGH,8,r08-t018-cf6c0322,1789123265932961271,1789123266350283931,0.0,405,0,0.0,False,False,False,False
B1_RL2_TC,BENIGN_DIVERSE_HIGH,8,r08-t019-b1cd8777,1789123266362946745,1789123266772984556,0.0,405,0,0.0,False,False,False,False
B1_RL2_TC,BENIGN_DIVERSE_HIGH,8,r08-t020-6ce6951e,1789123266785709669,1789123267189065013,0.0,405,0,0.0,False,False,False,False
B1_RL2_TC,BENIGN_DIVERSE_HIGH,8,r08-t021-663c2f7c,1789123267200882203,1789123267603965566,0.0,405,0,0.0,False,False,False,False
B1_RL2_TC,BENIGN_DIVERSE_HIGH,8,r08-t022-134baa4f,1789123267615235770,1789123268004599596,0.0,405,0,0.0,False,False,False,False
B1_RL2_TC,BENIGN_DIVERSE_HIGH,8,r08-t023-88887252,1789123268015361859,1789123268388662789,0.0,405,0,0.0,False,False,False,False
B1_RL2_TC,BENIGN_DIVERSE_HIGH,8,r08-t024-e857c19a,1789123268399722084,1789123268792984859,0.0,405,0,0.0,False,False,False,False
B1_RL2_TC,BENIGN_DIVERSE_HIGH,8,r08-t025-015b43b5,1789123268804565519,1789123269224887901,0.0,405,0,0.0,False,False,False,False
B1_RL2_TC,BENIGN_DIVERSE_HIGH,8,r08-t026-d2ff72f1,1789123269236293197,1789123269615958480,0.0,405,0,0.0,False,False,False,False
B1_RL2_TC,BENIGN_DIVERSE_HIGH,8,r08-t027-c1bd286e,1789123269628350069,1789123270008709235,0.0,405,0,0.0,False,False,False,False
B1_RL2_TC,BENIGN_DIVERSE_HIGH,8,r08-t028-b4e04f94,1789123270019767820,1789123270403906686,0.0,405,0,0.0,False,False,False,False
B1_RL2_TC,BENIGN_DIVERSE_HIGH,8,r08-t029-f6a94338,1789123270414946220,1789123270835468478,0.0,405,0,0.0,False,False,False,False
B1_RL2_TC,BENIGN_DIVERSE_HIGH,8,r08-t030-16c44a4d,1789123270846991225,1789123271213681505,0.0,405,0,0.0,False,False,False,False
B1_RL2_TC,BENIGN_DIVERSE_HIGH,8,r08-t031-411469e9,1789123271224939825,1789123271634818527,0.0,405,0,0.0,False,False,False,False
B1_RL2_TC,BENIGN_DIVERSE_HIGH,8,r08-t032-10de2c65,1789123271647742056,1789123272068909444,0.0,405,0,0.0,False,False,False,False
B1_RL2_TC,BENIGN_DIVERSE_HIGH,8,r08-t033-04e54312,1789123272080560161,1789123272497558394,0.0,405,0,0.0,False,False,False,False
B1_RL2_TC,BENIGN_DIVERSE_HIGH,8,r08-t034-431c3110,1789123272508600570,1789123272914651118,0.0,405,0,0.0,False,False,False,False
B1_RL2_TC,BENIGN_DIVERSE_HIGH,8,r08-t035-6c200680,1789123272925320419,1789123273326225868,0.0,405,0,0.0,False,False,False,False
B1_RL2_TC,BENIGN_DIVERSE_HIGH,8,r08-t036-95c4d40a,1789123273337300202,1789123273721501119,0.0,405,0,0.0,False,False,False,False
B1_RL2_TC,BENIGN_DIVERSE_HIGH,8,r08-t037-5bee5b3b,1789123273733226806,1789123274123500486,0.0,405,0,0.0,False,False,False,False
B1_RL2_TC,BENIGN_DIVERSE_HIGH,8,r08-t038-7e07aaeb,1789123274134857070,1789123274538758915,0.0,405,0,0.0,False,False,False,False
B1_RL2_TC,BENIGN_DIVERSE_HIGH,8,r08-t039-bc9053f0,1789123274550236679,1789123274933950991,0.0,405,0,0.0,False,False,False,False
B1_RL2_TC,BENIGN_DIVERSE_HIGH,8,r08-t040-8ee6bea9,1789123274946193461,1789123275341466825,0.0,405,0,0.0,False,False,False,False
B1_RL2_TC,BENIGN_DIVERSE_HIGH,8,r08-t041-226c2929,1789123275352655172,1789123275774589812,0.0,405,0,0.0,False,False,False,False
B1_RL2_TC,BENIGN_DIVERSE_HIGH,8,r08-t042-20c75289,1789123275786921682,1789123276199216155,0.0,404,0,0.0,False,False,False,False
B1_RL2_TC,BENIGN_DIVERSE_HIGH,8,r08-t043-0162230b,1789123276212294060,1789123276674753804,0.0,405,0,0.0,False,False,False,False
B1_RL2_TC,BENIGN_DIVERSE_HIGH,8,r08-t044-8e3b284b,1789123276689366402,1789123277115724345,0.0,405,0,0.0,False,False,False,False
B1_RL2_TC,BENIGN_DIVERSE_HIGH,8,r08-t045-aecc86bb,1789123277127171271,1789123277549112984,0.0,405,0,0.0,False,False,False,False
B1_RL2_TC,BENIGN_DIVERSE_HIGH,8,r08-t046-08f7cebd,1789123277560376491,1789123277984172991,0.0,405,0,0.0,False,False,False,False
B1_RL2_TC,BENIGN_DIVERSE_HIGH,8,r08-t047-cf4637ba,1789123278001487201,1789123278388650309,0.0,405,0,0.0,False,False,False,False
B1_RL2_TC,BENIGN_DIVERSE_HIGH,8,r08-t048-069f6744,1789123278401217911,1789123278799617802,0.0,408,0,0.0,False,False,False,False
B1_RL2_TC,BENIGN_DIVERSE_HIGH,8,r08-t049-d40d0fcf,1789123278811040106,1789123279205165681,0.0,405,0,0.0,False,False,False,False
RFC_DROP_NATIVE,BENIGN_DIVERSE_MODERATE,8,r08-t000-585bda8e,1789123293292075391,1789123295314044430,0.0,24,0,0.0,False,False,False,False
RFC_DROP_NATIVE,BENIGN_DIVERSE_MODERATE,8,r08-t001-f15991f5,1789123293297626947,1789123295318541883,0.0,24,0,0.0,False,False,False,False
RFC_DROP_NATIVE,BENIGN_DIVERSE_MODERATE,8,r08-t002-59b2012e,1789123293306787246,1789123295317216760,0.0,24,0,0.0,False,False,False,False
RFC_DROP_NATIVE,BENIGN_DIVERSE_MODERATE,8,r08-t003-bd4c9b3c,1789123293316432849,1789123295334629738,0.0,24,0,0.0,False,False,False,False
RFC_DROP_NATIVE,BENIGN_DIVERSE_MODERATE,8,r08-t004-d8d554af,1789123293326085069,1789123295346123398,0.0,24,0,0.0,False,False,False,False
RFC_DROP_NATIVE,BENIGN_DIVERSE_MODERATE,8,r08-t005-fe457c52,1789123293336382972,1789123295344583334,0.0,24,0,0.0,False,False,False,False
RFC_DROP_NATIVE,BENIGN_DIVERSE_MODERATE,8,r08-t006-3a6ec28b,1789123293346299971,1789123295356159454,0.0,24,0,0.0,False,False,False,False
RFC_DROP_NATIVE,BENIGN_DIVERSE_MODERATE,8,r08-t007-edcdbc7d,1789123293356511347,1789123295366860198,0.0,24,0,0.0,False,False,False,False
RFC_DROP_NATIVE,BENIGN_DIVERSE_MODERATE,8,r08-t008-af5bf3ef,1789123293366537190,1789123295376793557,0.0,24,0,0.0,False,False,False,False
RFC_DROP_NATIVE,BENIGN_DIVERSE_MODERATE,8,r08-t009-51286cfb,1789123293376795280,1789123295387593970,0.0,24,0,0.0,False,False,False,False
RFC_DROP_NATIVE,BENIGN_DIVERSE_MODERATE,8,r08-t010-f2fb3b26,1789123293386648638,1789123295396533370,0.0,24,0,0.0,False,False,False,False
RFC_DROP_NATIVE,BENIGN_DIVERSE_MODERATE,8,r08-t011-5dc3a7b8,1789123293397805464,1789123295408445193,0.0,24,0,0.0,False,False,False,False
RFC_DROP_NATIVE,BENIGN_DIVERSE_MODERATE,8,r08-t012-ffbcb20d,1789123293406478287,1789123295416620422,0.0,24,0,0.0,False,False,False,False
RFC_DROP_NATIVE,BENIGN_DIVERSE_MODERATE,8,r08-t013-8d7a699d,1789123293416824512,1789123295427121163,0.0,24,0,0.0,False,False,False,False
RFC_DROP_NATIVE,BENIGN_DIVERSE_MODERATE,8,r08-t014-01fe6e33,1789123293426457536,1789123295436566762,0.0,24,0,0.0,False,False,False,False
RFC_DROP_NATIVE,BENIGN_DIVERSE_MODERATE,8,r08-t015-1b7b162c,1789123293436753925,1789123295447628740,0.0,24,0,0.0,False,False,False,False
RFC_DROP_NATIVE,BENIGN_DIVERSE_MODERATE,8,r08-t016-9f5a63f5,1789123293446372481,1789123295457013534,0.0,24,0,0.0,False,False,False,False
RFC_DROP_NATIVE,BENIGN_DIVERSE_MODERATE,8,r08-t017-cfaf42d8,1789123293456415817,1789123295466754625,0.0,24,0,0.0,False,False,False,False
RFC_DROP_NATIVE,BENIGN_DIVERSE_MODERATE,8,r08-t018-a2ea0b43,1789123293466337640,1789123295476518724,0.0,24,0,0.0,False,False,False,False
RFC_DROP_NATIVE,BENIGN_DIVERSE_MODERATE,8,r08-t019-d6ff4c04,1789123293476469205,1789123295486501701,0.0,24,0,0.0,False,False,False,False
RFC_DROP_NATIVE,BENIGN_DIVERSE_MODERATE,8,r08-t020-f94a6058,1789123293486216462,1789123295496254549,0.0,24,0,0.0,False,False,False,False
RFC_DROP_NATIVE,BENIGN_DIVERSE_MODERATE,8,r08-t021-d2bb6244,1789123293496498288,1789123295504575383,0.0,24,0,0.0,False,False,False,False
RFC_DROP_NATIVE,BENIGN_DIVERSE_MODERATE,8,r08-t022-95685bce,1789123293506295570,1789123295516588576,0.0,24,0,0.0,False,False,False,False
RFC_DROP_NATIVE,BENIGN_DIVERSE_MODERATE,8,r08-t023-b4b900a4,1789123293516408411,1789123295526771425,0.0,24,0,0.0,False,False,False,False
RFC_DROP_NATIVE,BENIGN_DIVERSE_MODERATE,8,r08-t024-21200205,1789123293526321817,1789123295536056642,0.0,24,0,0.0,False,False,False,False
RFC_DROP_NATIVE,BENIGN_DIVERSE_MODERATE,8,r08-t025-90dabaeb,1789123293537237694,1789123295554564296,0.0,24,0,0.0,False,False,False,False
RFC_DROP_NATIVE,BENIGN_DIVERSE_MODERATE,8,r08-t026-0366ac6f,1789123293546451138,1789123295556402014,0.0,24,0,0.0,False,False,False,False
RFC_DROP_NATIVE,BENIGN_DIVERSE_MODERATE,8,r08-t027-3d702839,1789123293556898640,1789123295568172504,0.0,24,0,0.0,False,False,False,False
RFC_DROP_NATIVE,BENIGN_DIVERSE_MODERATE,8,r08-t028-6b121e50,1789123293566912379,1789123295598936811,0.0,24,0,0.0,False,False,False,False
RFC_DROP_NATIVE,BENIGN_DIVERSE_MODERATE,8,r08-t029-44f1b33e,1789123293581028956,1789123295591960252,0.0,24,0,0.0,False,False,False,False
RFC_DROP_NATIVE,BENIGN_DIVERSE_MODERATE,8,r08-t030-fbbea10b,1789123293586424293,1789123295596592035,0.0,24,0,0.0,False,False,False,False
RFC_DROP_NATIVE,BENIGN_DIVERSE_MODERATE,8,r08-t031-bb86fa1f,1789123293596518504,1789123295607133219,0.0,24,0,0.0,False,False,False,False
RFC_DROP_NATIVE,BENIGN_DIVERSE_MODERATE,8,r08-t032-08569e73,1789123293606166186,1789123295616736587,0.0,24,0,0.0,False,False,False,False
RFC_DROP_NATIVE,BENIGN_DIVERSE_MODERATE,8,r08-t033-5133d17f,1789123293617351381,1789123295628494598,0.0,24,0,0.0,False,False,False,False
RFC_DROP_NATIVE,BENIGN_DIVERSE_MODERATE,8,r08-t034-5c41fdf7,1789123293626776365,1789123295636720033,0.0,24,0,0.0,False,False,False,False
RFC_DROP_NATIVE,BENIGN_DIVERSE_MODERATE,8,r08-t035-82b0ab2b,1789123293637110768,1789123295648462914,0.0,24,0,0.0,False,False,False,False
RFC_DROP_NATIVE,BENIGN_DIVERSE_MODERATE,8,r08-t036-88c0dae8,1789123293646744266,1789123295659094392,0.0,24,0,0.0,False,False,False,False
RFC_DROP_NATIVE,BENIGN_DIVERSE_MODERATE,8,r08-t037-c47acb42,1789123293657200279,1789123295667948473,0.0,24,0,0.0,False,False,False,False
RFC_DROP_NATIVE,BENIGN_DIVERSE_MODERATE,8,r08-t038-46c39e00,1789123293666445591,1789123295676929719,0.0,24,0,0.0,False,False,False,False
RFC_DROP_NATIVE,BENIGN_DIVERSE_MODERATE,8,r08-t039-65339a47,1789123293677249505,1789123295688382624,0.0,24,0,0.0,False,False,False,False
RFC_DROP_NATIVE,BENIGN_DIVERSE_MODERATE,8,r08-t040-f34b53ca,1789123293687325181,1789123295698665221,0.0,25,0,0.0,False,False,False,False
RFC_DROP_NATIVE,BENIGN_DIVERSE_MODERATE,8,r08-t041-dd0ae9d9,1789123293696381651,1789123295708288351,0.0,25,0,0.0,False,False,False,False
RFC_DROP_NATIVE,BENIGN_DIVERSE_MODERATE,8,r08-t042-9e4c546d,1789123293706503949,1789123295717176280,0.0,25,0,0.0,False,False,False,False
RFC_DROP_NATIVE,BENIGN_DIVERSE_MODERATE,8,r08-t043-899bd604,1789123293716579531,1789123295727530071,0.0,25,0,0.0,False,False,False,False
RFC_DROP_NATIVE,BENIGN_DIVERSE_MODERATE,8,r08-t044-da6b28dc,1789123293726612939,1789123295736860766,0.0,25,0,0.0,False,False,False,False
RFC_DROP_NATIVE,BENIGN_DIVERSE_MODERATE,8,r08-t045-f29d08e5,1789123293736880864,1789123295747896148,0.0,25,0,0.0,False,False,False,False
RFC_DROP_NATIVE,BENIGN_DIVERSE_MODERATE,8,r08-t046-640d3f2d,1789123293746524669,1789123295757547169,0.0,25,0,0.0,False,False,False,False
RFC_DROP_NATIVE,BENIGN_DIVERSE_MODERATE,8,r08-t047-0f55d52d,1789123293756626445,1789123295768114071,0.0,25,0,0.0,False,False,False,False
RFC_DROP_NATIVE,BENIGN_DIVERSE_MODERATE,8,r08-t048-6f37918e,1789123293766451246,1789123295776746438,0.0,25,0,0.0,False,False,False,False
RFC_DROP_NATIVE,BENIGN_DIVERSE_MODERATE,8,r08-t049-c3b00aff,1789123293776532596,1789123295787582894,0.0,25,0,0.0,False,False,False,False
B1_RL2_TC,ATTACK_DIVERSE_HIGH,8,r08-t000-4fbac691,1789123327650546658,1789123327931544615,0.0,400,0,0.0,False,False,False,False
B1_RL2_TC,ATTACK_DIVERSE_HIGH,8,r08-t001-b78b34a3,1789123327943943729,1789123328211530359,0.0,401,0,0.0,False,False,False,False
B1_RL2_TC,ATTACK_DIVERSE_HIGH,8,r08-t002-44d5f14b,1789123328223463519,1789123328568000856,0.0,402,0,0.0,False,False,False,False
B1_RL2_TC,ATTACK_DIVERSE_HIGH,8,r08-t003-17b1c095,1789123328579734148,1789123328885333867,0.0,403,0,0.0,False,False,False,False
B1_RL2_TC,ATTACK_DIVERSE_HIGH,8,r08-t004-6c800926,1789123328896649634,1789123329258894363,0.0,404,0,0.0,False,False,False,False
B1_RL2_TC,ATTACK_DIVERSE_HIGH,8,r08-t005-b597cbf2,1789123329270869972,1789123329569506006,0.0,405,0,0.0,False,False,False,False
B1_RL2_TC,ATTACK_DIVERSE_HIGH,8,r08-t006-56b9e75c,1789123329580551839,1789123329934913280,0.0,406,0,0.0,False,False,False,False
B1_RL2_TC,ATTACK_DIVERSE_HIGH,8,r08-t007-dc803eda,1789123329946309711,1789123330311858204,0.0,406,0,0.0,False,False,False,False
B1_RL2_TC,ATTACK_DIVERSE_HIGH,8,r08-t008-bce94fe2,1789123330323779962,1789123330644785202,0.0,406,0,0.0,False,False,False,False
B1_RL2_TC,ATTACK_DIVERSE_HIGH,8,r08-t009-18177eb3,1789123330656176266,1789123331012392645,0.0,406,0,0.0,False,False,False,False
B1_RL2_TC,ATTACK_DIVERSE_HIGH,8,r08-t010-5aa3939b,1789123331023041846,1789123331362812521,0.0,407,0,0.0,False,False,False,False
B1_RL2_TC,ATTACK_DIVERSE_HIGH,8,r08-t011-acb16ed6,1789123331375127617,1789123331683859374,0.0,406,0,0.0,False,False,False,False
B1_RL2_TC,ATTACK_DIVERSE_HIGH,8,r08-t012-d6f7a4d9,1789123331696641239,1789123332057011762,0.0,406,0,0.0,False,False,False,False
B1_RL2_TC,ATTACK_DIVERSE_HIGH,8,r08-t013-41caf785,1789123332067973524,1789123332380192691,0.0,405,0,0.0,False,False,False,False
B1_RL2_TC,ATTACK_DIVERSE_HIGH,8,r08-t014-d4b18a58,1789123332391199361,1789123332739461813,0.0,406,0,0.0,False,False,False,False
B1_RL2_TC,ATTACK_DIVERSE_HIGH,8,r08-t015-1d621d70,1789123332750604711,1789123333083781759,0.0,406,0,0.0,False,False,False,False
B1_RL2_TC,ATTACK_DIVERSE_HIGH,8,r08-t016-75dc7116,1789123333095031322,1789123333409897561,0.0,406,0,0.0,False,False,False,False
B1_RL2_TC,ATTACK_DIVERSE_HIGH,8,r08-t017-34f38a81,1789123333421396421,1789123333741846865,0.0,406,0,0.0,False,False,False,False
B1_RL2_TC,ATTACK_DIVERSE_HIGH,8,r08-t018-cf6c0322,1789123333752858807,1789123334069813275,0.0,406,0,0.0,False,False,False,False
B1_RL2_TC,ATTACK_DIVERSE_HIGH,8,r08-t019-b1cd8777,1789123334080626571,1789123334465241102,0.0,406,0,0.0,False,False,False,False
B1_RL2_TC,ATTACK_DIVERSE_HIGH,8,r08-t020-6ce6951e,1789123334477399164,1789123334795614703,0.0,406,0,0.0,False,False,False,False
B1_RL2_TC,ATTACK_DIVERSE_HIGH,8,r08-t021-663c2f7c,1789123334806682568,1789123335128278756,0.0,406,0,0.0,False,False,False,False
B1_RL2_TC,ATTACK_DIVERSE_HIGH,8,r08-t022-134baa4f,1789123335139440952,1789123335539158304,0.0,406,0,0.0,False,False,False,False
B1_RL2_TC,ATTACK_DIVERSE_HIGH,8,r08-t023-88887252,1789123335551793776,1789123335855118979,0.0,406,0,0.0,False,False,False,False
B1_RL2_TC,ATTACK_DIVERSE_HIGH,8,r08-t024-e857c19a,1789123335866332108,1789123336190045616,0.0,406,0,0.0,False,False,False,False
B1_RL2_TC,ATTACK_DIVERSE_HIGH,8,r08-t025-015b43b5,1789123336201698967,1789123336551779545,0.0,406,0,0.0,False,False,False,False
B1_RL2_TC,ATTACK_DIVERSE_HIGH,8,r08-t026-d2ff72f1,1789123336564047851,1789123336874959627,0.0,406,0,0.0,False,False,False,False
B1_RL2_TC,ATTACK_DIVERSE_HIGH,8,r08-t027-c1bd286e,1789123336886694884,1789123337252015734,0.0,406,0,0.0,False,False,False,False
B1_RL2_TC,ATTACK_DIVERSE_HIGH,8,r08-t028-b4e04f94,1789123337263504457,1789123337580151386,0.0,406,0,0.0,False,False,False,False
B1_RL2_TC,ATTACK_DIVERSE_HIGH,8,r08-t029-f6a94338,1789123337592336469,1789123337939325215,0.0,406,0,0.0,False,False,False,False
B1_RL2_TC,ATTACK_DIVERSE_HIGH,8,r08-t030-16c44a4d,1789123337950307693,1789123338287953673,0.0,406,0,0.0,False,False,False,False
B1_RL2_TC,ATTACK_DIVERSE_HIGH,8,r08-t031-411469e9,1789123338298836466,1789123338657055207,0.0,406,0,0.0,False,False,False,False
B1_RL2_TC,ATTACK_DIVERSE_HIGH,8,r08-t032-10de2c65,1789123338669046471,1789123338981679699,0.0,406,0,0.0,False,False,False,False
B1_RL2_TC,ATTACK_DIVERSE_HIGH,8,r08-t033-04e54312,1789123338992997435,1789123339346031654,0.0,407,0,0.0,False,False,False,False
B1_RL2_TC,ATTACK_DIVERSE_HIGH,8,r08-t034-431c3110,1789123339357081465,1789123339665287019,0.0,406,0,0.0,False,False,False,False
B1_RL2_TC,ATTACK_DIVERSE_HIGH,8,r08-t035-6c200680,1789123339677895007,1789123340002173706,0.0,406,0,0.0,False,False,False,False
B1_RL2_TC,ATTACK_DIVERSE_HIGH,8,r08-t036-95c4d40a,1789123340013829241,1789123340345037406,0.0,406,0,0.0,False,False,False,False
B1_RL2_TC,ATTACK_DIVERSE_HIGH,8,r08-t037-5bee5b3b,1789123340356253388,1789123340691188897,0.0,406,0,0.0,False,False,False,False
B1_RL2_TC,ATTACK_DIVERSE_HIGH,8,r08-t038-7e07aaeb,1789123340703325550,1789123341039473728,0.0,406,0,0.0,False,False,False,False
B1_RL2_TC,ATTACK_DIVERSE_HIGH,8,r08-t039-bc9053f0,1789123341050265111,1789123341359298796,0.0,406,0,0.0,False,False,False,False
B1_RL2_TC,ATTACK_DIVERSE_HIGH,8,r08-t040-8ee6bea9,1789123341369958146,1789123341709969371,0.0,406,0,0.0,False,False,False,False
B1_RL2_TC,ATTACK_DIVERSE_HIGH,8,r08-t041-226c2929,1789123341722731495,1789123342038955612,0.0,406,0,0.0,False,False,False,False
B1_RL2_TC,ATTACK_DIVERSE_HIGH,8,r08-t042-20c75289,1789123342050666630,1789123342424773348,0.0,406,0,0.0,False,False,False,False
B1_RL2_TC,ATTACK_DIVERSE_HIGH,8,r08-t043-0162230b,1789123342435698272,1789123342751472023,0.0,406,0,0.0,False,False,False,False
B1_RL2_TC,ATTACK_DIVERSE_HIGH,8,r08-t044-8e3b284b,1789123342764185809,1789123343103807324,0.0,406,0,0.0,False,False,False,False
B1_RL2_TC,ATTACK_DIVERSE_HIGH,8,r08-t045-aecc86bb,1789123343115175937,1789123343443954251,0.0,406,0,0.0,False,False,False,False
B1_RL2_TC,ATTACK_DIVERSE_HIGH,8,r08-t046-08f7cebd,1789123343455047040,1789123343784511201,0.0,406,0,0.0,False,False,False,False
B1_RL2_TC,ATTACK_DIVERSE_HIGH,8,r08-t047-cf4637ba,1789123343795994638,1789123344121882297,0.0,406,0,0.0,False,False,False,False
B1_RL2_TC,ATTACK_DIVERSE_HIGH,8,r08-t048-069f6744,1789123344132606912,1789123344482565872,0.0,406,0,0.0,False,False,False,False
B1_RL2_TC,ATTACK_DIVERSE_HIGH,8,r08-t049-d40d0fcf,1789123344493636372,1789123344861331418,0.0,406,0,0.0,False,False,False,False
RFC_DROP_NATIVE,BENIGN_DIVERSE_HIGH,8,r08-t000-4fbac691,1789123359839596424,1789123361863026303,0.0,400,0,0.0,False,False,False,False
RFC_DROP_NATIVE,BENIGN_DIVERSE_HIGH,8,r08-t001-b78b34a3,1789123359847035090,1789123361868835255,0.0,400,0,0.0,False,False,False,False
RFC_DROP_NATIVE,BENIGN_DIVERSE_HIGH,8,r08-t002-44d5f14b,1789123359858500997,1789123361868956926,0.0,400,0,0.0,False,False,False,False
RFC_DROP_NATIVE,BENIGN_DIVERSE_HIGH,8,r08-t003-17b1c095,1789123359866152492,1789123361878430372,0.0,400,0,0.0,False,False,False,False
RFC_DROP_NATIVE,BENIGN_DIVERSE_HIGH,8,r08-t004-6c800926,1789123359876487651,1789123361888111170,0.0,400,0,0.0,False,False,False,False
RFC_DROP_NATIVE,BENIGN_DIVERSE_HIGH,8,r08-t005-b597cbf2,1789123359886489914,1789123361896231213,0.0,400,0,0.0,False,False,False,False
RFC_DROP_NATIVE,BENIGN_DIVERSE_HIGH,8,r08-t006-56b9e75c,1789123359896424257,1789123361907893042,0.0,400,0,0.0,False,False,False,False
RFC_DROP_NATIVE,BENIGN_DIVERSE_HIGH,8,r08-t007-dc803eda,1789123359906615734,1789123361917032270,0.0,400,0,0.0,False,False,False,False
RFC_DROP_NATIVE,BENIGN_DIVERSE_HIGH,8,r08-t008-bce94fe2,1789123359916383535,1789123361927271737,0.0,400,0,0.0,False,False,False,False
RFC_DROP_NATIVE,BENIGN_DIVERSE_HIGH,8,r08-t009-18177eb3,1789123359926410642,1789123361938716766,0.0,400,0,0.0,False,False,False,False
RFC_DROP_NATIVE,BENIGN_DIVERSE_HIGH,8,r08-t010-5aa3939b,1789123359936981114,1789123361947304225,0.0,400,0,0.0,False,False,False,False
RFC_DROP_NATIVE,BENIGN_DIVERSE_HIGH,8,r08-t011-acb16ed6,1789123359946708766,1789123361956359757,0.0,400,0,0.0,False,False,False,False
RFC_DROP_NATIVE,BENIGN_DIVERSE_HIGH,8,r08-t012-d6f7a4d9,1789123359956812863,1789123361968074674,0.0,400,0,0.0,False,False,False,False
RFC_DROP_NATIVE,BENIGN_DIVERSE_HIGH,8,r08-t013-41caf785,1789123359966384931,1789123361986590240,0.0,400,0,0.0,False,False,False,False
RFC_DROP_NATIVE,BENIGN_DIVERSE_HIGH,8,r08-t014-d4b18a58,1789123359976679848,1789123361988120388,0.0,400,0,0.0,False,False,False,False
RFC_DROP_NATIVE,BENIGN_DIVERSE_HIGH,8,r08-t015-1d621d70,1789123359986539091,1789123361996608751,0.0,400,0,0.0,False,False,False,False
RFC_DROP_NATIVE,BENIGN_DIVERSE_HIGH,8,r08-t016-75dc7116,1789123359996467765,1789123362004175417,0.0,400,0,0.0,False,False,False,False
RFC_DROP_NATIVE,BENIGN_DIVERSE_HIGH,8,r08-t017-34f38a81,1789123360006088389,1789123362016735515,0.0,400,0,0.0,False,False,False,False
RFC_DROP_NATIVE,BENIGN_DIVERSE_HIGH,8,r08-t018-cf6c0322,1789123360016681720,1789123362028080884,0.0,400,0,0.0,False,False,False,False
RFC_DROP_NATIVE,BENIGN_DIVERSE_HIGH,8,r08-t019-b1cd8777,1789123360027037568,1789123362036354907,0.0,400,0,0.0,False,False,False,False
RFC_DROP_NATIVE,BENIGN_DIVERSE_HIGH,8,r08-t020-6ce6951e,1789123360036519139,1789123362047814958,0.0,400,0,0.0,False,False,False,False
RFC_DROP_NATIVE,BENIGN_DIVERSE_HIGH,8,r08-t021-663c2f7c,1789123360046407381,1789123362056455597,0.0,400,0,0.0,False,False,False,False
RFC_DROP_NATIVE,BENIGN_DIVERSE_HIGH,8,r08-t022-134baa4f,1789123360056548698,1789123362068197911,0.0,400,0,0.0,False,False,False,False
RFC_DROP_NATIVE,BENIGN_DIVERSE_HIGH,8,r08-t023-88887252,1789123360066567965,1789123362076397589,0.0,400,0,0.0,False,False,False,False
RFC_DROP_NATIVE,BENIGN_DIVERSE_HIGH,8,r08-t024-e857c19a,1789123360076339922,1789123362088050443,0.0,400,0,0.0,False,False,False,False
RFC_DROP_NATIVE,BENIGN_DIVERSE_HIGH,8,r08-t025-015b43b5,1789123360086070502,1789123362096755981,0.0,400,0,0.0,False,False,False,False
RFC_DROP_NATIVE,BENIGN_DIVERSE_HIGH,8,r08-t026-d2ff72f1,1789123360096699921,1789123362108175412,0.0,400,0,0.0,False,False,False,False
RFC_DROP_NATIVE,BENIGN_DIVERSE_HIGH,8,r08-t027-c1bd286e,1789123360106844921,1789123362118435566,0.0,400,0,0.0,False,False,False,False
RFC_DROP_NATIVE,BENIGN_DIVERSE_HIGH,8,r08-t028-b4e04f94,1789123360116531953,1789123362156065227,0.0,400,0,0.0,False,False,False,False
RFC_DROP_NATIVE,BENIGN_DIVERSE_HIGH,8,r08-t029-f6a94338,1789123360144807762,1789123362156400202,0.0,400,0,0.0,False,False,False,False
RFC_DROP_NATIVE,BENIGN_DIVERSE_HIGH,8,r08-t030-16c44a4d,1789123360147028734,1789123362158745962,0.0,400,0,0.0,False,False,False,False
RFC_DROP_NATIVE,BENIGN_DIVERSE_HIGH,8,r08-t031-411469e9,1789123360148817434,1789123362160196666,0.0,400,0,0.0,False,False,False,False
RFC_DROP_NATIVE,BENIGN_DIVERSE_HIGH,8,r08-t032-10de2c65,1789123360156335355,1789123362167740659,0.0,400,0,0.0,False,False,False,False
RFC_DROP_NATIVE,BENIGN_DIVERSE_HIGH,8,r08-t033-04e54312,1789123360166379372,1789123362176206351,0.0,400,0,0.0,False,False,False,False
RFC_DROP_NATIVE,BENIGN_DIVERSE_HIGH,8,r08-t034-431c3110,1789123360176760252,1789123362188129753,0.0,400,0,0.0,False,False,False,False
RFC_DROP_NATIVE,BENIGN_DIVERSE_HIGH,8,r08-t035-6c200680,1789123360186435570,1789123362206304015,0.0,400,0,0.0,False,False,False,False
RFC_DROP_NATIVE,BENIGN_DIVERSE_HIGH,8,r08-t036-95c4d40a,1789123360196681743,1789123362208883484,0.0,400,0,0.0,False,False,False,False
RFC_DROP_NATIVE,BENIGN_DIVERSE_HIGH,8,r08-t037-5bee5b3b,1789123360206414213,1789123362226333292,0.0,400,0,0.0,False,False,False,False
RFC_DROP_NATIVE,BENIGN_DIVERSE_HIGH,8,r08-t038-7e07aaeb,1789123360217096626,1789123362228127565,0.0,401,0,0.0,False,False,False,False
RFC_DROP_NATIVE,BENIGN_DIVERSE_HIGH,8,r08-t039-bc9053f0,1789123360226840716,1789123362236313261,0.0,401,0,0.0,False,False,False,False
RFC_DROP_NATIVE,BENIGN_DIVERSE_HIGH,8,r08-t040-8ee6bea9,1789123360236607193,1789123362247946844,0.0,401,0,0.0,False,False,False,False
RFC_DROP_NATIVE,BENIGN_DIVERSE_HIGH,8,r08-t041-226c2929,1789123360246768914,1789123362258337643,0.0,401,0,0.0,False,False,False,False
RFC_DROP_NATIVE,BENIGN_DIVERSE_HIGH,8,r08-t042-20c75289,1789123360256361859,1789123362277763853,0.0,401,0,0.0,False,False,False,False
RFC_DROP_NATIVE,BENIGN_DIVERSE_HIGH,8,r08-t043-0162230b,1789123360266276930,1789123362276172018,0.0,401,0,0.0,False,False,False,False
RFC_DROP_NATIVE,BENIGN_DIVERSE_HIGH,8,r08-t044-8e3b284b,1789123360276796202,1789123362288481313,0.0,401,0,0.0,False,False,False,False
RFC_DROP_NATIVE,BENIGN_DIVERSE_HIGH,8,r08-t045-aecc86bb,1789123360286456596,1789123362296468254,0.0,401,0,0.0,False,False,False,False
RFC_DROP_NATIVE,BENIGN_DIVERSE_HIGH,8,r08-t046-08f7cebd,1789123360296577695,1789123362307852165,0.0,401,0,0.0,False,False,False,False
RFC_DROP_NATIVE,BENIGN_DIVERSE_HIGH,8,r08-t047-cf4637ba,1789123360306440245,1789123362316883043,0.0,401,0,0.0,False,False,False,False
RFC_DROP_NATIVE,BENIGN_DIVERSE_HIGH,8,r08-t048-069f6744,1789123360316924376,1789123362337654627,0.0,401,0,0.0,False,False,False,False
RFC_DROP_NATIVE,BENIGN_DIVERSE_HIGH,8,r08-t049-d40d0fcf,1789123360326347566,1789123362336535780,0.0,401,0,0.0,False,False,False,False
B0_OFF,ATTACK_DIVERSE_HIGH,8,r08-t000-4fbac691,1789123395796901579,1789123395943843430,0.0,400,0,0.0,False,False,False,False
B0_OFF,ATTACK_DIVERSE_HIGH,8,r08-t001-b78b34a3,1789123395956534965,1789123396253693210,0.0,401,0,0.0,False,False,False,False
B0_OFF,ATTACK_DIVERSE_HIGH,8,r08-t002-44d5f14b,1789123396265141688,1789123396632851177,0.0,402,0,0.0,False,False,False,False
B0_OFF,ATTACK_DIVERSE_HIGH,8,r08-t003-17b1c095,1789123396643956884,1789123396963089114,0.0,403,0,0.0,False,False,False,False
B0_OFF,ATTACK_DIVERSE_HIGH,8,r08-t004-6c800926,1789123396974870056,1789123397313094977,0.0,404,0,0.0,False,False,False,False
B0_OFF,ATTACK_DIVERSE_HIGH,8,r08-t005-b597cbf2,1789123397324440655,1789123397639269167,0.0,405,0,0.0,False,False,False,False
B0_OFF,ATTACK_DIVERSE_HIGH,8,r08-t006-56b9e75c,1789123397651147545,1789123398002764888,0.0,406,0,0.0,False,False,False,False
B0_OFF,ATTACK_DIVERSE_HIGH,8,r08-t007-dc803eda,1789123398014690571,1789123398353548173,0.0,406,0,0.0,False,False,False,False
B0_OFF,ATTACK_DIVERSE_HIGH,8,r08-t008-bce94fe2,1789123398365761739,1789123398691680086,0.0,406,0,0.0,False,False,False,False
B0_OFF,ATTACK_DIVERSE_HIGH,8,r08-t009-18177eb3,1789123398702473086,1789123399036728339,0.0,406,0,0.0,False,False,False,False
B0_OFF,ATTACK_DIVERSE_HIGH,8,r08-t010-5aa3939b,1789123399048117270,1789123399386529526,0.0,406,0,0.0,False,False,False,False
B0_OFF,ATTACK_DIVERSE_HIGH,8,r08-t011-acb16ed6,1789123399397845048,1789123399746725011,0.0,406,0,0.0,False,False,False,False
B0_OFF,ATTACK_DIVERSE_HIGH,8,r08-t012-d6f7a4d9,1789123399758165677,1789123400107218087,0.0,406,0,0.0,False,False,False,False
B0_OFF,ATTACK_DIVERSE_HIGH,8,r08-t013-41caf785,1789123400118549629,1789123400438943460,0.0,406,0,0.0,False,False,False,False
B0_OFF,ATTACK_DIVERSE_HIGH,8,r08-t014-d4b18a58,1789123400450690948,1789123400792076356,0.0,406,0,0.0,False,False,False,False
B0_OFF,ATTACK_DIVERSE_HIGH,8,r08-t015-1d621d70,1789123400802891124,1789123401132115643,0.0,406,0,0.0,False,False,False,False
B0_OFF,ATTACK_DIVERSE_HIGH,8,r08-t016-75dc7116,1789123401143110491,1789123401486858231,0.0,406,0,0.0,False,False,False,False
B0_OFF,ATTACK_DIVERSE_HIGH,8,r08-t017-34f38a81,1789123401498318590,1789123401819045065,0.0,406,0,0.0,False,False,False,False
B0_OFF,ATTACK_DIVERSE_HIGH,8,r08-t018-cf6c0322,1789123401830564507,1789123402162728725,0.0,406,0,0.0,False,False,False,False
B0_OFF,ATTACK_DIVERSE_HIGH,8,r08-t019-b1cd8777,1789123402174684846,1789123402522267690,0.0,406,0,0.0,False,False,False,False
B0_OFF,ATTACK_DIVERSE_HIGH,8,r08-t020-6ce6951e,1789123402533166041,1789123402872490098,0.0,406,0,0.0,False,False,False,False
B0_OFF,ATTACK_DIVERSE_HIGH,8,r08-t021-663c2f7c,1789123402883254829,1789123403197148548,0.0,406,0,0.0,False,False,False,False
B0_OFF,ATTACK_DIVERSE_HIGH,8,r08-t022-134baa4f,1789123403209148015,1789123403519322727,0.0,406,0,0.0,False,False,False,False
B0_OFF,ATTACK_DIVERSE_HIGH,8,r08-t023-88887252,1789123403530615539,1789123403856902338,0.0,406,0,0.0,False,False,False,False
B0_OFF,ATTACK_DIVERSE_HIGH,8,r08-t024-e857c19a,1789123403868767336,1789123404237193904,0.0,406,0,0.0,False,False,False,False
B0_OFF,ATTACK_DIVERSE_HIGH,8,r08-t025-015b43b5,1789123404248825202,1789123404587473606,0.0,407,0,0.0,False,False,False,False
B0_OFF,ATTACK_DIVERSE_HIGH,8,r08-t026-d2ff72f1,1789123404598943862,1789123404952224055,0.0,406,0,0.0,False,False,False,False
B0_OFF,ATTACK_DIVERSE_HIGH,8,r08-t027-c1bd286e,1789123404963185319,1789123405276952955,0.0,406,0,0.0,False,False,False,False
B0_OFF,ATTACK_DIVERSE_HIGH,8,r08-t028-b4e04f94,1789123405288096661,1789123405618921794,0.0,406,0,0.0,False,False,False,False
B0_OFF,ATTACK_DIVERSE_HIGH,8,r08-t029-f6a94338,1789123405631463752,1789123405982720335,0.0,406,0,0.0,False,False,False,False
B0_OFF,ATTACK_DIVERSE_HIGH,8,r08-t030-16c44a4d,1789123405993745056,1789123406326822481,0.0,406,0,0.0,False,False,False,False
B0_OFF,ATTACK_DIVERSE_HIGH,8,r08-t031-411469e9,1789123406338813523,1789123406712650728,0.0,406,0,0.0,False,False,False,False
B0_OFF,ATTACK_DIVERSE_HIGH,8,r08-t032-10de2c65,1789123406724087644,1789123407096725943,0.0,405,0,0.0,False,False,False,False
B0_OFF,ATTACK_DIVERSE_HIGH,8,r08-t033-04e54312,1789123407108524628,1789123407407054469,0.0,406,0,0.0,False,False,False,False
B0_OFF,ATTACK_DIVERSE_HIGH,8,r08-t034-431c3110,1789123407418620380,1789123407746388945,0.0,406,0,0.0,False,False,False,False
B0_OFF,ATTACK_DIVERSE_HIGH,8,r08-t035-6c200680,1789123407757379860,1789123408077090749,0.0,406,0,0.0,False,False,False,False
B0_OFF,ATTACK_DIVERSE_HIGH,8,r08-t036-95c4d40a,1789123408088443245,1789123408402604284,0.0,406,0,0.0,False,False,False,False
B0_OFF,ATTACK_DIVERSE_HIGH,8,r08-t037-5bee5b3b,1789123408414121750,1789123408767225324,0.0,406,0,0.0,False,False,False,False
B0_OFF,ATTACK_DIVERSE_HIGH,8,r08-t038-7e07aaeb,1789123408778801906,1789123409122496863,0.0,406,0,0.0,False,False,False,False
B0_OFF,ATTACK_DIVERSE_HIGH,8,r08-t039-bc9053f0,1789123409133788071,1789123409491904839,0.0,406,0,0.0,False,False,False,False
B0_OFF,ATTACK_DIVERSE_HIGH,8,r08-t040-8ee6bea9,1789123409504353498,1789123409842354975,0.0,405,0,0.0,False,False,False,False
B0_OFF,ATTACK_DIVERSE_HIGH,8,r08-t041-226c2929,1789123409853252969,1789123410179643680,0.0,406,0,0.0,False,False,False,False
B0_OFF,ATTACK_DIVERSE_HIGH,8,r08-t042-20c75289,1789123410191144526,1789123410547089552,0.0,406,0,0.0,False,False,False,False
B0_OFF,ATTACK_DIVERSE_HIGH,8,r08-t043-0162230b,1789123410558188120,1789123410918963898,0.0,406,0,0.0,False,False,False,False
B0_OFF,ATTACK_DIVERSE_HIGH,8,r08-t044-8e3b284b,1789123410931086862,1789123411258898771,0.0,406,0,0.0,False,False,False,False
B0_OFF,ATTACK_DIVERSE_HIGH,8,r08-t045-aecc86bb,1789123411270498583,1789123411588752107,0.0,406,0,0.0,False,False,False,False
B0_OFF,ATTACK_DIVERSE_HIGH,8,r08-t046-08f7cebd,1789123411600136140,1789123411939194497,0.0,406,0,0.0,False,False,False,False
B0_OFF,ATTACK_DIVERSE_HIGH,8,r08-t047-cf4637ba,1789123411950216858,1789123412278981490,0.0,406,0,0.0,False,False,False,False
B0_OFF,ATTACK_DIVERSE_HIGH,8,r08-t048-069f6744,1789123412290061266,1789123412622928297,0.0,406,0,0.0,False,False,False,False
B0_OFF,ATTACK_DIVERSE_HIGH,8,r08-t049-d40d0fcf,1789123412634436511,1789123412990404897,0.0,406,0,0.0,False,False,False,False
RFC_DROP_NATIVE,ATTACK_DIVERSE_MODERATE,8,r08-t000-585bda8e,1789123432014676032,1789123434037169048,0.0,24,0,0.0,False,False,False,False
RFC_DROP_NATIVE,ATTACK_DIVERSE_MODERATE,8,r08-t001-f15991f5,1789123432019605362,1789123434039401974,0.0,24,0,0.0,False,False,False,False
RFC_DROP_NATIVE,ATTACK_DIVERSE_MODERATE,8,r08-t002-59b2012e,1789123432050382550,1789123434072463522,0.0,24,0,0.0,False,False,False,False
RFC_DROP_NATIVE,ATTACK_DIVERSE_MODERATE,8,r08-t003-bd4c9b3c,1789123432052406529,1789123434064767008,0.0,24,0,0.0,False,False,False,False
RFC_DROP_NATIVE,ATTACK_DIVERSE_MODERATE,8,r08-t004-d8d554af,1789123432054158706,1789123434064997190,0.0,24,0,0.0,False,False,False,False
RFC_DROP_NATIVE,ATTACK_DIVERSE_MODERATE,8,r08-t005-fe457c52,1789123432058771499,1789123434068156411,0.0,24,0,0.0,False,False,False,False
RFC_DROP_NATIVE,ATTACK_DIVERSE_MODERATE,8,r08-t006-3a6ec28b,1789123432068637331,1789123434078160786,0.0,24,0,0.0,False,False,False,False
RFC_DROP_NATIVE,ATTACK_DIVERSE_MODERATE,8,r08-t007-edcdbc7d,1789123432078243724,1789123434096255505,0.0,24,0,0.0,False,False,False,False
RFC_DROP_NATIVE,ATTACK_DIVERSE_MODERATE,8,r08-t008-af5bf3ef,1789123432088304063,1789123434098002302,0.0,24,0,0.0,False,False,False,False
RFC_DROP_NATIVE,ATTACK_DIVERSE_MODERATE,8,r08-t009-51286cfb,1789123432098462648,1789123434108281687,0.0,24,0,0.0,False,False,False,False
RFC_DROP_NATIVE,ATTACK_DIVERSE_MODERATE,8,r08-t010-f2fb3b26,1789123432108179272,1789123434118321359,0.0,24,0,0.0,False,False,False,False
RFC_DROP_NATIVE,ATTACK_DIVERSE_MODERATE,8,r08-t011-5dc3a7b8,1789123432118391366,1789123434126111022,0.0,24,0,0.0,False,False,False,False
RFC_DROP_NATIVE,ATTACK_DIVERSE_MODERATE,8,r08-t012-ffbcb20d,1789123432128515505,1789123434138059440,0.0,24,0,0.0,False,False,False,False
RFC_DROP_NATIVE,ATTACK_DIVERSE_MODERATE,8,r08-t013-8d7a699d,1789123432138205797,1789123434148101847,0.0,24,0,0.0,False,False,False,False
RFC_DROP_NATIVE,ATTACK_DIVERSE_MODERATE,8,r08-t014-01fe6e33,1789123432148313042,1789123434157999295,0.0,24,0,0.0,False,False,False,False
RFC_DROP_NATIVE,ATTACK_DIVERSE_MODERATE,8,r08-t015-1b7b162c,1789123432158386122,1789123434169025191,0.0,24,0,0.0,False,False,False,False
RFC_DROP_NATIVE,ATTACK_DIVERSE_MODERATE,8,r08-t016-9f5a63f5,1789123432168217035,1789123434178129883,0.0,24,0,0.0,False,False,False,False
RFC_DROP_NATIVE,ATTACK_DIVERSE_MODERATE,8,r08-t017-cfaf42d8,1789123432178317107,1789123434188173330,0.0,24,0,0.0,False,False,False,False
RFC_DROP_NATIVE,ATTACK_DIVERSE_MODERATE,8,r08-t018-a2ea0b43,1789123432188897266,1789123434198052468,0.0,24,0,0.0,False,False,False,False
RFC_DROP_NATIVE,ATTACK_DIVERSE_MODERATE,8,r08-t019-d6ff4c04,1789123432199650605,1789123434209985690,0.0,24,0,0.0,False,False,False,False
RFC_DROP_NATIVE,ATTACK_DIVERSE_MODERATE,8,r08-t020-f94a6058,1789123432208642426,1789123434218240626,0.0,24,0,0.0,False,False,False,False
RFC_DROP_NATIVE,ATTACK_DIVERSE_MODERATE,8,r08-t021-d2bb6244,1789123432218633777,1789123434226788126,0.0,25,0,0.0,False,False,False,False
RFC_DROP_NATIVE,ATTACK_DIVERSE_MODERATE,8,r08-t022-95685bce,1789123432228357100,1789123434238067608,0.0,25,0,0.0,False,False,False,False
RFC_DROP_NATIVE,ATTACK_DIVERSE_MODERATE,8,r08-t023-b4b900a4,1789123432238262570,1789123434246516014,0.0,25,0,0.0,False,False,False,False
RFC_DROP_NATIVE,ATTACK_DIVERSE_MODERATE,8,r08-t024-21200205,1789123432248259489,1789123434258175640,0.0,25,0,0.0,False,False,False,False
RFC_DROP_NATIVE,ATTACK_DIVERSE_MODERATE,8,r08-t025-90dabaeb,1789123432259458848,1789123434269655389,0.0,25,0,0.0,False,False,False,False
RFC_DROP_NATIVE,ATTACK_DIVERSE_MODERATE,8,r08-t026-0366ac6f,1789123432269013712,1789123434278141261,0.0,25,0,0.0,False,False,False,False
RFC_DROP_NATIVE,ATTACK_DIVERSE_MODERATE,8,r08-t027-3d702839,1789123432279324806,1789123434289569008,0.0,25,0,0.0,False,False,False,False
RFC_DROP_NATIVE,ATTACK_DIVERSE_MODERATE,8,r08-t028-6b121e50,1789123432288782747,1789123434336365314,0.0,25,0,0.0,False,False,False,False
RFC_DROP_NATIVE,ATTACK_DIVERSE_MODERATE,8,r08-t029-44f1b33e,1789123432318661293,1789123434339846169,0.0,25,0,0.0,False,False,False,False
RFC_DROP_NATIVE,ATTACK_DIVERSE_MODERATE,8,r08-t030-fbbea10b,1789123432320570604,1789123434340429881,0.0,25,0,0.0,False,False,False,False
RFC_DROP_NATIVE,ATTACK_DIVERSE_MODERATE,8,r08-t031-bb86fa1f,1789123432322265117,1789123434343188572,0.0,25,0,0.0,False,False,False,False
RFC_DROP_NATIVE,ATTACK_DIVERSE_MODERATE,8,r08-t032-08569e73,1789123432328658684,1789123434348635081,0.0,25,0,0.0,False,False,False,False
RFC_DROP_NATIVE,ATTACK_DIVERSE_MODERATE,8,r08-t033-5133d17f,1789123432339023195,1789123434349243991,0.0,25,0,0.0,False,False,False,False
RFC_DROP_NATIVE,ATTACK_DIVERSE_MODERATE,8,r08-t034-5c41fdf7,1789123432348892802,1789123434358283187,0.0,25,0,0.0,False,False,False,False
RFC_DROP_NATIVE,ATTACK_DIVERSE_MODERATE,8,r08-t035-82b0ab2b,1789123432358648309,1789123434368966595,0.0,25,0,0.0,False,False,False,False
RFC_DROP_NATIVE,ATTACK_DIVERSE_MODERATE,8,r08-t036-88c0dae8,1789123432368472992,1789123434378119513,0.0,25,0,0.0,False,False,False,False
RFC_DROP_NATIVE,ATTACK_DIVERSE_MODERATE,8,r08-t037-c47acb42,1789123432378579670,1789123434388682686,0.0,25,0,0.0,False,False,False,False
RFC_DROP_NATIVE,ATTACK_DIVERSE_MODERATE,8,r08-t038-46c39e00,1789123432388575174,1789123434398206123,0.0,25,0,0.0,False,False,False,False
RFC_DROP_NATIVE,ATTACK_DIVERSE_MODERATE,8,r08-t039-65339a47,1789123432398578227,1789123434408317708,0.0,25,0,0.0,False,False,False,False
RFC_DROP_NATIVE,ATTACK_DIVERSE_MODERATE,8,r08-t040-f34b53ca,1789123432408223408,1789123434418095204,0.0,25,0,0.0,False,False,False,False
RFC_DROP_NATIVE,ATTACK_DIVERSE_MODERATE,8,r08-t041-dd0ae9d9,1789123432418473255,1789123434428399411,0.0,25,0,0.0,False,False,False,False
RFC_DROP_NATIVE,ATTACK_DIVERSE_MODERATE,8,r08-t042-9e4c546d,1789123432428229139,1789123434437955879,0.0,25,0,0.0,False,False,False,False
RFC_DROP_NATIVE,ATTACK_DIVERSE_MODERATE,8,r08-t043-899bd604,1789123432438407259,1789123434448407311,0.0,25,0,0.0,False,False,False,False
RFC_DROP_NATIVE,ATTACK_DIVERSE_MODERATE,8,r08-t044-da6b28dc,1789123432448798762,1789123434458093828,0.0,25,0,0.0,False,False,False,False
RFC_DROP_NATIVE,ATTACK_DIVERSE_MODERATE,8,r08-t045-f29d08e5,1789123432458622315,1789123434467949657,0.0,25,0,0.0,False,False,False,False
RFC_DROP_NATIVE,ATTACK_DIVERSE_MODERATE,8,r08-t046-640d3f2d,1789123432468493148,1789123434477976776,0.0,25,0,0.0,False,False,False,False
RFC_DROP_NATIVE,ATTACK_DIVERSE_MODERATE,8,r08-t047-0f55d52d,1789123432478615492,1789123434488728794,0.0,25,0,0.0,False,False,False,False
RFC_DROP_NATIVE,ATTACK_DIVERSE_MODERATE,8,r08-t048-6f37918e,1789123432488372602,1789123434498184374,0.0,25,0,0.0,False,False,False,False
RFC_DROP_NATIVE,ATTACK_DIVERSE_MODERATE,8,r08-t049-c3b00aff,1789123432498384810,1789123434508670914,0.0,25,0,0.0,False,False,False,False
RFC_DROP_NATIVE,ATTACK_DIVERSE_HIGH,8,r08-t000-4fbac691,1789123466476172574,1789123468487483811,0.0,400,0,0.0,False,False,False,False
RFC_DROP_NATIVE,ATTACK_DIVERSE_HIGH,8,r08-t001-b78b34a3,1789123466484002438,1789123468495280413,0.0,400,0,0.0,False,False,False,False
RFC_DROP_NATIVE,ATTACK_DIVERSE_HIGH,8,r08-t002-44d5f14b,1789123466492979299,1789123468502355103,0.0,400,0,0.0,False,False,False,False
RFC_DROP_NATIVE,ATTACK_DIVERSE_HIGH,8,r08-t003-17b1c095,1789123466503212433,1789123468513463964,0.0,400,0,0.0,False,False,False,False
RFC_DROP_NATIVE,ATTACK_DIVERSE_HIGH,8,r08-t004-6c800926,1789123466513161989,1789123468523048572,0.0,400,0,0.0,False,False,False,False
RFC_DROP_NATIVE,ATTACK_DIVERSE_HIGH,8,r08-t005-b597cbf2,1789123466523093693,1789123468533446140,0.0,400,0,0.0,False,False,False,False
RFC_DROP_NATIVE,ATTACK_DIVERSE_HIGH,8,r08-t006-56b9e75c,1789123466533344679,1789123468543492853,0.0,400,0,0.0,False,False,False,False
RFC_DROP_NATIVE,ATTACK_DIVERSE_HIGH,8,r08-t007-dc803eda,1789123466543835832,1789123468554926822,0.0,400,0,0.0,False,False,False,False
RFC_DROP_NATIVE,ATTACK_DIVERSE_HIGH,8,r08-t008-bce94fe2,1789123466553440267,1789123468563206672,0.0,400,0,0.0,False,False,False,False
RFC_DROP_NATIVE,ATTACK_DIVERSE_HIGH,8,r08-t009-18177eb3,1789123466563463676,1789123468572026897,0.0,400,0,0.0,False,False,False,False
RFC_DROP_NATIVE,ATTACK_DIVERSE_HIGH,8,r08-t010-5aa3939b,1789123466573965261,1789123468583239775,0.0,400,0,0.0,False,False,False,False
RFC_DROP_NATIVE,ATTACK_DIVERSE_HIGH,8,r08-t011-acb16ed6,1789123466583299366,1789123468594650348,0.0,400,0,0.0,False,False,False,False
RFC_DROP_NATIVE,ATTACK_DIVERSE_HIGH,8,r08-t012-d6f7a4d9,1789123466594254787,1789123468605913871,0.0,400,0,0.0,False,False,False,False
RFC_DROP_NATIVE,ATTACK_DIVERSE_HIGH,8,r08-t013-41caf785,1789123466603927906,1789123468614417914,0.0,400,0,0.0,False,False,False,False
RFC_DROP_NATIVE,ATTACK_DIVERSE_HIGH,8,r08-t014-d4b18a58,1789123466613209674,1789123468625360368,0.0,400,0,0.0,False,False,False,False
RFC_DROP_NATIVE,ATTACK_DIVERSE_HIGH,8,r08-t015-1d621d70,1789123466623390941,1789123468634735534,0.0,400,0,0.0,False,False,False,False
RFC_DROP_NATIVE,ATTACK_DIVERSE_HIGH,8,r08-t016-75dc7116,1789123466633692385,1789123468643408991,0.0,400,0,0.0,False,False,False,False
RFC_DROP_NATIVE,ATTACK_DIVERSE_HIGH,8,r08-t017-34f38a81,1789123466643442836,1789123468654723629,0.0,400,0,0.0,False,False,False,False
RFC_DROP_NATIVE,ATTACK_DIVERSE_HIGH,8,r08-t018-cf6c0322,1789123466653676346,1789123468663579466,0.0,400,0,0.0,False,False,False,False
RFC_DROP_NATIVE,ATTACK_DIVERSE_HIGH,8,r08-t019-b1cd8777,1789123466663244416,1789123468674323566,0.0,401,0,0.0,False,False,False,False
RFC_DROP_NATIVE,ATTACK_DIVERSE_HIGH,8,r08-t020-6ce6951e,1789123466672971000,1789123468683543225,0.0,401,0,0.0,False,False,False,False
RFC_DROP_NATIVE,ATTACK_DIVERSE_HIGH,8,r08-t021-663c2f7c,1789123466683118441,1789123468694329044,0.0,401,0,0.0,False,False,False,False
RFC_DROP_NATIVE,ATTACK_DIVERSE_HIGH,8,r08-t022-134baa4f,1789123466693179906,1789123468703548515,0.0,401,0,0.0,False,False,False,False
RFC_DROP_NATIVE,ATTACK_DIVERSE_HIGH,8,r08-t023-88887252,1789123466703129368,1789123468714546406,0.0,401,0,0.0,False,False,False,False
RFC_DROP_NATIVE,ATTACK_DIVERSE_HIGH,8,r08-t024-e857c19a,1789123466713317682,1789123468723522609,0.0,401,0,0.0,False,False,False,False
RFC_DROP_NATIVE,ATTACK_DIVERSE_HIGH,8,r08-t025-015b43b5,1789123466723380087,1789123468734083295,0.0,401,0,0.0,False,False,False,False
RFC_DROP_NATIVE,ATTACK_DIVERSE_HIGH,8,r08-t026-d2ff72f1,1789123466733244889,1789123468743460339,0.0,401,0,0.0,False,False,False,False
RFC_DROP_NATIVE,ATTACK_DIVERSE_HIGH,8,r08-t027-c1bd286e,1789123466743160526,1789123468764329706,0.0,401,0,0.0,False,False,False,False
RFC_DROP_NATIVE,ATTACK_DIVERSE_HIGH,8,r08-t028-b4e04f94,1789123466753367913,1789123468781341549,0.0,401,0,0.0,False,False,False,False
RFC_DROP_NATIVE,ATTACK_DIVERSE_HIGH,8,r08-t029-f6a94338,1789123466771804411,1789123468783877211,0.0,401,0,0.0,False,False,False,False
RFC_DROP_NATIVE,ATTACK_DIVERSE_HIGH,8,r08-t030-16c44a4d,1789123466773858331,1789123468783646159,0.0,401,0,0.0,False,False,False,False
RFC_DROP_NATIVE,ATTACK_DIVERSE_HIGH,8,r08-t031-411469e9,1789123466783127507,1789123468795127768,0.0,401,0,0.0,False,False,False,False
RFC_DROP_NATIVE,ATTACK_DIVERSE_HIGH,8,r08-t032-10de2c65,1789123466794148420,1789123468805997402,0.0,401,0,0.0,False,False,False,False
RFC_DROP_NATIVE,ATTACK_DIVERSE_HIGH,8,r08-t033-04e54312,1789123466803394763,1789123468814958476,0.0,401,0,0.0,False,False,False,False
RFC_DROP_NATIVE,ATTACK_DIVERSE_HIGH,8,r08-t034-431c3110,1789123466813285781,1789123468825395133,0.0,401,0,0.0,False,False,False,False
RFC_DROP_NATIVE,ATTACK_DIVERSE_HIGH,8,r08-t035-6c200680,1789123466823732302,1789123468835040250,0.0,401,0,0.0,False,False,False,False
RFC_DROP_NATIVE,ATTACK_DIVERSE_HIGH,8,r08-t036-95c4d40a,1789123466833754680,1789123468847219059,0.0,401,0,0.0,False,False,False,False
RFC_DROP_NATIVE,ATTACK_DIVERSE_HIGH,8,r08-t037-5bee5b3b,1789123466843524863,1789123468855147678,0.0,401,0,0.0,False,False,False,False
RFC_DROP_NATIVE,ATTACK_DIVERSE_HIGH,8,r08-t038-7e07aaeb,1789123466853047737,1789123468866091354,0.0,401,0,0.0,False,False,False,False
RFC_DROP_NATIVE,ATTACK_DIVERSE_HIGH,8,r08-t039-bc9053f0,1789123466863376619,1789123468875048388,0.0,401,0,0.0,False,False,False,False
RFC_DROP_NATIVE,ATTACK_DIVERSE_HIGH,8,r08-t040-8ee6bea9,1789123466873191245,1789123468885324086,0.0,401,0,0.0,False,False,False,False
RFC_DROP_NATIVE,ATTACK_DIVERSE_HIGH,8,r08-t041-226c2929,1789123466883576035,1789123468905145775,0.0,401,0,0.0,False,False,False,False
RFC_DROP_NATIVE,ATTACK_DIVERSE_HIGH,8,r08-t042-20c75289,1789123466893319814,1789123468904909178,0.0,401,0,0.0,False,False,False,False
RFC_DROP_NATIVE,ATTACK_DIVERSE_HIGH,8,r08-t043-0162230b,1789123466902967282,1789123468914432710,0.0,401,0,0.0,False,False,False,False
RFC_DROP_NATIVE,ATTACK_DIVERSE_HIGH,8,r08-t044-8e3b284b,1789123466913011928,1789123468923771513,0.0,401,0,0.0,False,False,False,False
RFC_DROP_NATIVE,ATTACK_DIVERSE_HIGH,8,r08-t045-aecc86bb,1789123466923198081,1789123468933412685,0.0,401,0,0.0,False,False,False,False
RFC_DROP_NATIVE,ATTACK_DIVERSE_HIGH,8,r08-t046-08f7cebd,1789123466933507042,1789123468943106759,0.0,401,0,0.0,False,False,False,False
RFC_DROP_NATIVE,ATTACK_DIVERSE_HIGH,8,r08-t047-cf4637ba,1789123466943206377,1789123468954751016,0.0,401,0,0.0,False,False,False,False
RFC_DROP_NATIVE,ATTACK_DIVERSE_HIGH,8,r08-t048-069f6744,1789123466953222929,1789123468973426648,0.0,401,0,0.0,False,False,False,False
RFC_DROP_NATIVE,ATTACK_DIVERSE_HIGH,8,r08-t049-d40d0fcf,1789123466963299521,1789123468975372415,0.0,402,0,0.0,False,False,False,False
B5_LOCKED_TC,ATTACK_DIVERSE_MODERATE,8,r08-t000-585bda8e,1789123501665550490,1789123501797804168,0.0,24,0,0.0,False,False,False,False
B5_LOCKED_TC,ATTACK_DIVERSE_MODERATE,8,r08-t001-f15991f5,1789123501807995708,1789123502109568177,0.0,25,0,0.0,False,False,False,False
B5_LOCKED_TC,ATTACK_DIVERSE_MODERATE,8,r08-t002-59b2012e,1789123502119710810,1789123502453034286,0.0,26,0,0.0,False,False,False,False
B5_LOCKED_TC,ATTACK_DIVERSE_MODERATE,8,r08-t003-bd4c9b3c,1789123502463298007,1789123502779905243,0.0,27,0,0.0,False,False,False,False
B5_LOCKED_TC,ATTACK_DIVERSE_MODERATE,8,r08-t004-d8d554af,1789123502790626083,1789123503132480075,0.0,28,0,0.0,False,False,False,False
B5_LOCKED_TC,ATTACK_DIVERSE_MODERATE,8,r08-t005-fe457c52,1789123503142355184,1789123503488469487,0.0,29,0,0.0,False,False,False,False
B5_LOCKED_TC,ATTACK_DIVERSE_MODERATE,8,r08-t006-3a6ec28b,1789123503500293968,1789123503811403725,0.0,30,0,0.0,False,False,False,False
B5_LOCKED_TC,ATTACK_DIVERSE_MODERATE,8,r08-t007-edcdbc7d,1789123503822229632,1789123504166771868,0.0,30,0,0.0,False,False,False,False
B5_LOCKED_TC,ATTACK_DIVERSE_MODERATE,8,r08-t008-af5bf3ef,1789123504177440596,1789123504484210699,0.0,30,0,0.0,False,False,False,False
B5_LOCKED_TC,ATTACK_DIVERSE_MODERATE,8,r08-t009-51286cfb,1789123504495743345,1789123504805314674,0.0,30,0,0.0,False,False,False,False
B5_LOCKED_TC,ATTACK_DIVERSE_MODERATE,8,r08-t010-f2fb3b26,1789123504815762053,1789123505152027255,0.0,30,0,0.0,False,False,False,False
B5_LOCKED_TC,ATTACK_DIVERSE_MODERATE,8,r08-t011-5dc3a7b8,1789123505162311517,1789123505519416256,0.0,30,0,0.0,False,False,False,False
B5_LOCKED_TC,ATTACK_DIVERSE_MODERATE,8,r08-t012-ffbcb20d,1789123505530964828,1789123505838700901,0.0,30,0,0.0,False,False,False,False
B5_LOCKED_TC,ATTACK_DIVERSE_MODERATE,8,r08-t013-8d7a699d,1789123505850558551,1789123506163817734,0.0,30,0,0.0,False,False,False,False
B5_LOCKED_TC,ATTACK_DIVERSE_MODERATE,8,r08-t014-01fe6e33,1789123506174926714,1789123506503174045,0.0,30,0,0.0,False,False,False,False
B5_LOCKED_TC,ATTACK_DIVERSE_MODERATE,8,r08-t015-1b7b162c,1789123506512832213,1789123506893368264,0.0,30,0,0.0,False,False,False,False
B5_LOCKED_TC,ATTACK_DIVERSE_MODERATE,8,r08-t016-9f5a63f5,1789123506907468407,1789123507210729386,0.0,30,0,0.0,False,False,False,False
B5_LOCKED_TC,ATTACK_DIVERSE_MODERATE,8,r08-t017-cfaf42d8,1789123507221311742,1789123507552323286,0.0,30,0,0.0,False,False,False,False
B5_LOCKED_TC,ATTACK_DIVERSE_MODERATE,8,r08-t018-a2ea0b43,1789123507562533455,1789123507903414995,0.0,30,0,0.0,False,False,False,False
B5_LOCKED_TC,ATTACK_DIVERSE_MODERATE,8,r08-t019-d6ff4c04,1789123507915770268,1789123508229101739,0.0,30,0,0.0,False,False,False,False
B5_LOCKED_TC,ATTACK_DIVERSE_MODERATE,8,r08-t020-f94a6058,1789123508239326640,1789123508564637798,0.0,30,0,0.0,False,False,False,False
B5_LOCKED_TC,ATTACK_DIVERSE_MODERATE,8,r08-t021-d2bb6244,1789123508575216094,1789123508910836771,0.0,30,0,0.0,False,False,False,False
B5_LOCKED_TC,ATTACK_DIVERSE_MODERATE,8,r08-t022-95685bce,1789123508921385506,1789123509212863894,0.0,30,0,0.0,False,False,False,False
B5_LOCKED_TC,ATTACK_DIVERSE_MODERATE,8,r08-t023-b4b900a4,1789123509224047265,1789123509546259571,0.0,30,0,0.0,False,False,False,False
B5_LOCKED_TC,ATTACK_DIVERSE_MODERATE,8,r08-t024-21200205,1789123510308263643,1789123510635302104,0.0,23,0,0.0,False,False,False,False
B5_LOCKED_TC,ATTACK_DIVERSE_MODERATE,8,r08-t025-90dabaeb,1789123511676167096,1789123512003972031,0.0,6,0,0.0,False,False,False,False
B5_LOCKED_TC,ATTACK_DIVERSE_MODERATE,8,r08-t026-0366ac6f,1789123512015517389,1789123512325903095,0.0,6,0,0.0,False,False,False,False
B5_LOCKED_TC,ATTACK_DIVERSE_MODERATE,8,r08-t027-3d702839,1789123512336003147,1789123512678870377,0.0,11,0,0.0,False,False,False,False
B5_LOCKED_TC,ATTACK_DIVERSE_MODERATE,8,r08-t028-6b121e50,1789123512689763441,1789123513004353416,0.0,14,0,0.0,False,False,False,False
B5_LOCKED_TC,ATTACK_DIVERSE_MODERATE,8,r08-t029-44f1b33e,1789123513014460173,1789123513337535563,0.0,17,0,0.0,False,False,False,False
B5_LOCKED_TC,ATTACK_DIVERSE_MODERATE,8,r08-t030-fbbea10b,1789123513348953806,1789123513682990728,0.0,22,0,0.0,False,False,False,False
B5_LOCKED_TC,ATTACK_DIVERSE_MODERATE,8,r08-t031-bb86fa1f,1789123513693275126,1789123514022352259,0.0,27,0,0.0,False,False,False,False
B5_LOCKED_TC,ATTACK_DIVERSE_MODERATE,8,r08-t032-08569e73,1789123514033104512,1789123514358000324,0.0,30,0,0.0,False,False,False,False
B5_LOCKED_TC,ATTACK_DIVERSE_MODERATE,8,r08-t033-5133d17f,1789123514368798192,1789123514686020393,0.0,30,0,0.0,False,False,False,False
B5_LOCKED_TC,ATTACK_DIVERSE_MODERATE,8,r08-t034-5c41fdf7,1789123514698279622,1789123515010035176,0.0,30,0,0.0,False,False,False,False
B5_LOCKED_TC,ATTACK_DIVERSE_MODERATE,8,r08-t035-82b0ab2b,1789123515020458212,1789123515369843583,0.0,30,0,0.0,False,False,False,False
B5_LOCKED_TC,ATTACK_DIVERSE_MODERATE,8,r08-t036-88c0dae8,1789123515379961484,1789123515726718123,0.0,30,0,0.0,False,False,False,False
B5_LOCKED_TC,ATTACK_DIVERSE_MODERATE,8,r08-t037-c47acb42,1789123515737124443,1789123516066984766,0.0,30,0,0.0,False,False,False,False
B5_LOCKED_TC,ATTACK_DIVERSE_MODERATE,8,r08-t038-46c39e00,1789123516077051007,1789123516411289464,0.0,30,0,0.0,False,False,False,False
B5_LOCKED_TC,ATTACK_DIVERSE_MODERATE,8,r08-t039-65339a47,1789123516421347860,1789123516760218057,0.0,30,0,0.0,False,False,False,False
B5_LOCKED_TC,ATTACK_DIVERSE_MODERATE,8,r08-t040-f34b53ca,1789123516771714338,1789123517069877921,0.0,30,0,0.0,False,False,False,False
B5_LOCKED_TC,ATTACK_DIVERSE_MODERATE,8,r08-t041-dd0ae9d9,1789123517080607475,1789123517419571730,0.0,30,0,0.0,False,False,False,False
B5_LOCKED_TC,ATTACK_DIVERSE_MODERATE,8,r08-t042-9e4c546d,1789123517430180971,1789123517754608290,0.0,30,0,0.0,False,False,False,False
B5_LOCKED_TC,ATTACK_DIVERSE_MODERATE,8,r08-t043-899bd604,1789123517765505469,1789123518098693159,0.0,30,0,0.0,False,False,False,False
B5_LOCKED_TC,ATTACK_DIVERSE_MODERATE,8,r08-t044-da6b28dc,1789123518113420007,1789123518418354757,0.0,31,0,0.0,False,False,False,False
B5_LOCKED_TC,ATTACK_DIVERSE_MODERATE,8,r08-t045-f29d08e5,1789123518428874284,1789123518791013458,0.0,30,0,0.0,False,False,False,False
B5_LOCKED_TC,ATTACK_DIVERSE_MODERATE,8,r08-t046-640d3f2d,1789123518802298201,1789123519144833560,0.0,30,0,0.0,False,False,False,False
B5_LOCKED_TC,ATTACK_DIVERSE_MODERATE,8,r08-t047-0f55d52d,1789123519156351373,1789123519479294817,0.0,30,0,0.0,False,False,False,False
B5_LOCKED_TC,ATTACK_DIVERSE_MODERATE,8,r08-t048-6f37918e,1789123519490000573,1789123519812924751,0.0,30,0,0.0,False,False,False,False
B5_LOCKED_TC,ATTACK_DIVERSE_MODERATE,8,r08-t049-c3b00aff,1789123519822595014,1789123520166174081,0.0,30,0,0.0,False,False,False,False
B5_LOCKED_TC,ATTACK_DIVERSE_HIGH,8,r08-t000-4fbac691,1789123531513450718,1789123531785450175,0.0,400,0,0.0,False,False,False,False
B5_LOCKED_TC,ATTACK_DIVERSE_HIGH,8,r08-t001-b78b34a3,1789123531796524378,1789123532059378350,0.0,401,0,0.0,False,False,False,False
B5_LOCKED_TC,ATTACK_DIVERSE_HIGH,8,r08-t002-44d5f14b,1789123532070481494,1789123532413867047,0.0,402,0,0.0,False,False,False,False
B5_LOCKED_TC,ATTACK_DIVERSE_HIGH,8,r08-t003-17b1c095,1789123532424790670,1789123532771803189,0.0,403,0,0.0,False,False,False,False
B5_LOCKED_TC,ATTACK_DIVERSE_HIGH,8,r08-t004-6c800926,1789123532782716060,1789123533112916382,0.0,404,0,0.0,False,False,False,False
B5_LOCKED_TC,ATTACK_DIVERSE_HIGH,8,r08-t005-b597cbf2,1789123533124689004,1789123533460034719,0.0,405,0,0.0,False,False,False,False
B5_LOCKED_TC,ATTACK_DIVERSE_HIGH,8,r08-t006-56b9e75c,1789123533471945886,1789123533828773670,0.0,406,0,0.0,False,False,False,False
B5_LOCKED_TC,ATTACK_DIVERSE_HIGH,8,r08-t007-dc803eda,1789123533840128111,1789123534177758258,0.0,406,0,0.0,False,False,False,False
B5_LOCKED_TC,ATTACK_DIVERSE_HIGH,8,r08-t008-bce94fe2,1789123534188884558,1789123534544168639,0.0,406,0,0.0,False,False,False,False
B5_LOCKED_TC,ATTACK_DIVERSE_HIGH,8,r08-t009-18177eb3,1789123534555961444,1789123534898579672,0.0,405,0,0.0,False,False,False,False
B5_LOCKED_TC,ATTACK_DIVERSE_HIGH,8,r08-t010-5aa3939b,1789123534910028143,1789123535252431339,0.0,406,0,0.0,False,False,False,False
B5_LOCKED_TC,ATTACK_DIVERSE_HIGH,8,r08-t011-acb16ed6,1789123535263368447,1789123535621611198,0.0,406,0,0.0,False,False,False,False
B5_LOCKED_TC,ATTACK_DIVERSE_HIGH,8,r08-t012-d6f7a4d9,1789123535634015901,1789123536001298388,0.0,406,0,0.0,False,False,False,False
B5_LOCKED_TC,ATTACK_DIVERSE_HIGH,8,r08-t013-41caf785,1789123536013300754,1789123536334925357,0.0,406,0,0.0,False,False,False,False
B5_LOCKED_TC,ATTACK_DIVERSE_HIGH,8,r08-t014-d4b18a58,1789123536345677331,1789123536703932154,0.0,406,0,0.0,False,False,False,False
B5_LOCKED_TC,ATTACK_DIVERSE_HIGH,8,r08-t015-1d621d70,1789123536714664511,1789123537022253469,0.0,406,0,0.0,False,False,False,False
B5_LOCKED_TC,ATTACK_DIVERSE_HIGH,8,r08-t016-75dc7116,1789123537033452578,1789123537354418975,0.0,406,0,0.0,False,False,False,False
B5_LOCKED_TC,ATTACK_DIVERSE_HIGH,8,r08-t017-34f38a81,1789123537366241018,1789123537703562952,0.0,405,0,0.0,False,False,False,False
B5_LOCKED_TC,ATTACK_DIVERSE_HIGH,8,r08-t018-cf6c0322,1789123537714363592,1789123538042677669,0.0,406,0,0.0,False,False,False,False
B5_LOCKED_TC,ATTACK_DIVERSE_HIGH,8,r08-t019-b1cd8777,1789123538053596859,1789123538392612924,0.0,406,0,0.0,False,False,False,False
B5_LOCKED_TC,ATTACK_DIVERSE_HIGH,8,r08-t020-6ce6951e,1789123538403697160,1789123538761960848,0.0,406,0,0.0,False,False,False,False
B5_LOCKED_TC,ATTACK_DIVERSE_HIGH,8,r08-t021-663c2f7c,1789123538772691603,1789123539111094639,0.0,406,0,0.0,False,False,False,False
B5_LOCKED_TC,ATTACK_DIVERSE_HIGH,8,r08-t022-134baa4f,1789123539122550937,1789123539471873257,0.0,406,0,0.0,False,False,False,False
B5_LOCKED_TC,ATTACK_DIVERSE_HIGH,8,r08-t023-88887252,1789123539482990975,1789123539812665317,0.0,406,0,0.0,False,False,False,False
B5_LOCKED_TC,ATTACK_DIVERSE_HIGH,8,r08-t024-e857c19a,1789123539824516596,1789123540163113915,0.0,406,0,0.0,False,False,False,False
B5_LOCKED_TC,ATTACK_DIVERSE_HIGH,8,r08-t025-015b43b5,1789123540174986697,1789123540493108040,0.0,406,0,0.0,False,False,False,False
B5_LOCKED_TC,ATTACK_DIVERSE_HIGH,8,r08-t026-d2ff72f1,1789123540503708356,1789123540834944555,0.0,406,0,0.0,False,False,False,False
B5_LOCKED_TC,ATTACK_DIVERSE_HIGH,8,r08-t027-c1bd286e,1789123540846277863,1789123541183154882,0.0,406,0,0.0,False,False,False,False
B5_LOCKED_TC,ATTACK_DIVERSE_HIGH,8,r08-t028-b4e04f94,1789123541195316111,1789123541543824640,0.0,406,0,0.0,False,False,False,False
B5_LOCKED_TC,ATTACK_DIVERSE_HIGH,8,r08-t029-f6a94338,1789123543362944916,1789123545372662610,0.0,104,0,0.0,False,False,False,False
B5_LOCKED_TC,ATTACK_DIVERSE_HIGH,8,r08-t030-16c44a4d,1789123545384313200,1789123545528313543,0.0,341,0,0.0,False,False,False,False
B5_LOCKED_TC,ATTACK_DIVERSE_HIGH,8,r08-t031-411469e9,1789123545540230881,1789123545884874394,0.0,373,0,0.0,False,False,False,False
B5_LOCKED_TC,ATTACK_DIVERSE_HIGH,8,r08-t032-10de2c65,1789123545896715128,1789123546208241897,0.0,402,0,0.0,False,False,False,False
B5_LOCKED_TC,ATTACK_DIVERSE_HIGH,8,r08-t033-04e54312,1789123546219217117,1789123546542316171,0.0,403,0,0.0,False,False,False,False
B5_LOCKED_TC,ATTACK_DIVERSE_HIGH,8,r08-t034-431c3110,1789123546554263358,1789123546880192551,0.0,404,0,0.0,False,False,False,False
B5_LOCKED_TC,ATTACK_DIVERSE_HIGH,8,r08-t035-6c200680,1789123546891605864,1789123547236302745,0.0,405,0,0.0,False,False,False,False
B5_LOCKED_TC,ATTACK_DIVERSE_HIGH,8,r08-t036-95c4d40a,1789123547247300162,1789123547571807013,0.0,406,0,0.0,False,False,False,False
B5_LOCKED_TC,ATTACK_DIVERSE_HIGH,8,r08-t037-5bee5b3b,1789123547582603138,1789123547903731051,0.0,406,0,0.0,False,False,False,False
B5_LOCKED_TC,ATTACK_DIVERSE_HIGH,8,r08-t038-7e07aaeb,1789123547917181060,1789123548241258884,0.0,406,0,0.0,False,False,False,False
B5_LOCKED_TC,ATTACK_DIVERSE_HIGH,8,r08-t039-bc9053f0,1789123548252759380,1789123548600403339,0.0,406,0,0.0,False,False,False,False
B5_LOCKED_TC,ATTACK_DIVERSE_HIGH,8,r08-t040-8ee6bea9,1789123548611688190,1789123548922714240,0.0,406,0,0.0,False,False,False,False
B5_LOCKED_TC,ATTACK_DIVERSE_HIGH,8,r08-t041-226c2929,1789123548934807742,1789123549272271720,0.0,406,0,0.0,False,False,False,False
B5_LOCKED_TC,ATTACK_DIVERSE_HIGH,8,r08-t042-20c75289,1789123549283795455,1789123549625757316,0.0,406,0,0.0,False,False,False,False
B5_LOCKED_TC,ATTACK_DIVERSE_HIGH,8,r08-t043-0162230b,1789123549637160428,1789123549979958711,0.0,406,0,0.0,False,False,False,False
B5_LOCKED_TC,ATTACK_DIVERSE_HIGH,8,r08-t044-8e3b284b,1789123549991083923,1789123550301291959,0.0,406,0,0.0,False,False,False,False
B5_LOCKED_TC,ATTACK_DIVERSE_HIGH,8,r08-t045-aecc86bb,1789123550312851152,1789123550625231149,0.0,406,0,0.0,False,False,False,False
B5_LOCKED_TC,ATTACK_DIVERSE_HIGH,8,r08-t046-08f7cebd,1789123550636456625,1789123550959081266,0.0,406,0,0.0,False,False,False,False
B5_LOCKED_TC,ATTACK_DIVERSE_HIGH,8,r08-t047-cf4637ba,1789123550970418922,1789123551303516605,0.0,406,0,0.0,False,False,False,False
B5_LOCKED_TC,ATTACK_DIVERSE_HIGH,8,r08-t048-069f6744,1789123551315381491,1789123551653207602,0.0,406,0,0.0,False,False,False,False
B5_LOCKED_TC,ATTACK_DIVERSE_HIGH,8,r08-t049-d40d0fcf,1789123551664538676,1789123551975478405,0.0,406,0,0.0,False,False,False,False
B1_RL2_TC,BENIGN_DIVERSE_MODERATE,8,r08-t000-585bda8e,1789123564017956085,1789123565199486398,0.0,24,0,0.0,False,False,False,False
B1_RL2_TC,BENIGN_DIVERSE_MODERATE,8,r08-t001-f15991f5,1789123565211939092,1789123565598262357,0.0,27,0,0.0,False,False,False,False
B1_RL2_TC,BENIGN_DIVERSE_MODERATE,8,r08-t002-59b2012e,1789123565608483963,1789123566001103713,0.0,28,0,0.0,False,False,False,False
B1_RL2_TC,BENIGN_DIVERSE_MODERATE,8,r08-t003-bd4c9b3c,1789123566010956635,1789123566384578580,0.0,29,0,0.0,False,False,False,False
B1_RL2_TC,BENIGN_DIVERSE_MODERATE,8,r08-t004-d8d554af,1789123566394306317,1789123566770235295,0.0,29,0,0.0,False,False,False,False
B1_RL2_TC,BENIGN_DIVERSE_MODERATE,8,r08-t005-fe457c52,1789123566780487253,1789123567148884991,0.0,29,0,0.0,False,False,False,False
B1_RL2_TC,BENIGN_DIVERSE_MODERATE,8,r08-t006-3a6ec28b,1789123567159157438,1789123567566353292,0.0,29,0,0.0,False,False,False,False
B1_RL2_TC,BENIGN_DIVERSE_MODERATE,8,r08-t007-edcdbc7d,1789123567576800983,1789123567982816772,0.0,29,0,0.0,False,False,False,False
B1_RL2_TC,BENIGN_DIVERSE_MODERATE,8,r08-t008-af5bf3ef,1789123567994947881,1789123568385616138,0.0,29,0,0.0,False,False,False,False
B1_RL2_TC,BENIGN_DIVERSE_MODERATE,8,r08-t009-51286cfb,1789123568395359077,1789123568765954446,0.0,29,0,0.0,False,False,False,False
B1_RL2_TC,BENIGN_DIVERSE_MODERATE,8,r08-t010-f2fb3b26,1789123568776385235,1789123569138872457,0.0,29,0,0.0,False,False,False,False
B1_RL2_TC,BENIGN_DIVERSE_MODERATE,8,r08-t011-5dc3a7b8,1789123569150096377,1789123569547170100,0.0,29,0,0.0,False,False,False,False
B1_RL2_TC,BENIGN_DIVERSE_MODERATE,8,r08-t012-ffbcb20d,1789123569557160514,1789123569950177095,0.0,29,0,0.0,False,False,False,False
B1_RL2_TC,BENIGN_DIVERSE_MODERATE,8,r08-t013-8d7a699d,1789123569960454735,1789123570366835553,0.0,29,0,0.0,False,False,False,False
B1_RL2_TC,BENIGN_DIVERSE_MODERATE,8,r08-t014-01fe6e33,1789123570378017739,1789123570767266199,0.0,29,0,0.0,False,False,False,False
B1_RL2_TC,BENIGN_DIVERSE_MODERATE,8,r08-t015-1b7b162c,1789123570777521085,1789123571145355701,0.0,29,0,0.0,False,False,False,False
B1_RL2_TC,BENIGN_DIVERSE_MODERATE,8,r08-t016-9f5a63f5,1789123571156415707,1789123571537612860,0.0,29,0,0.0,False,False,False,False
B1_RL2_TC,BENIGN_DIVERSE_MODERATE,8,r08-t017-cfaf42d8,1789123571547579575,1789123571925086975,0.0,29,0,0.0,False,False,False,False
B1_RL2_TC,BENIGN_DIVERSE_MODERATE,8,r08-t018-a2ea0b43,1789123571935152264,1789123572317624562,0.0,29,0,0.0,False,False,False,False
B1_RL2_TC,BENIGN_DIVERSE_MODERATE,8,r08-t019-d6ff4c04,1789123572327347673,1789123572699974304,0.0,29,0,0.0,False,False,False,False
B1_RL2_TC,BENIGN_DIVERSE_MODERATE,8,r08-t020-f94a6058,1789123572710818276,1789123573094037722,0.0,29,0,0.0,False,False,False,False
B1_RL2_TC,BENIGN_DIVERSE_MODERATE,8,r08-t021-d2bb6244,1789123573906955909,1789123574309260229,0.0,22,0,0.0,False,False,False,False
B1_RL2_TC,BENIGN_DIVERSE_MODERATE,8,r08-t022-95685bce,1789123575368606036,1789123575746980403,0.0,5,0,0.0,False,False,False,False
B1_RL2_TC,BENIGN_DIVERSE_MODERATE,8,r08-t023-b4b900a4,1789123575757062407,1789123576144870821,0.0,7,0,0.0,False,False,False,False
B1_RL2_TC,BENIGN_DIVERSE_MODERATE,8,r08-t024-21200205,1789123576155356318,1789123576535263968,0.0,13,0,0.0,False,False,False,False
B1_RL2_TC,BENIGN_DIVERSE_MODERATE,8,r08-t025-90dabaeb,1789123576545409265,1789123576890339634,0.0,15,0,0.0,False,False,False,False
B1_RL2_TC,BENIGN_DIVERSE_MODERATE,8,r08-t026-0366ac6f,1789123576900609701,1789123577286055970,0.0,20,0,0.0,False,False,False,False
B1_RL2_TC,BENIGN_DIVERSE_MODERATE,8,r08-t027-3d702839,1789123577296539376,1789123577707023936,0.0,26,0,0.0,False,False,False,False
B1_RL2_TC,BENIGN_DIVERSE_MODERATE,8,r08-t028-6b121e50,1789123577716900492,1789123578097683161,0.0,29,0,0.0,False,False,False,False
B1_RL2_TC,BENIGN_DIVERSE_MODERATE,8,r08-t029-44f1b33e,1789123578107718605,1789123578492156150,0.0,29,0,0.0,False,False,False,False
B1_RL2_TC,BENIGN_DIVERSE_MODERATE,8,r08-t030-fbbea10b,1789123578502206228,1789123578924912353,0.0,29,0,0.0,False,False,False,False
B1_RL2_TC,BENIGN_DIVERSE_MODERATE,8,r08-t031-bb86fa1f,1789123578935400795,1789123579313911438,0.0,29,0,0.0,False,False,False,False
B1_RL2_TC,BENIGN_DIVERSE_MODERATE,8,r08-t032-08569e73,1789123579323744662,1789123579690141501,0.0,29,0,0.0,False,False,False,False
B1_RL2_TC,BENIGN_DIVERSE_MODERATE,8,r08-t033-5133d17f,1789123579701320512,1789123580070394578,0.0,29,0,0.0,False,False,False,False
B1_RL2_TC,BENIGN_DIVERSE_MODERATE,8,r08-t034-5c41fdf7,1789123580081259617,1789123580465714362,0.0,29,0,0.0,False,False,False,False
B1_RL2_TC,BENIGN_DIVERSE_MODERATE,8,r08-t035-82b0ab2b,1789123580479006704,1789123580869533365,0.0,29,0,0.0,False,False,False,False
B1_RL2_TC,BENIGN_DIVERSE_MODERATE,8,r08-t036-88c0dae8,1789123580879505330,1789123581263258863,0.0,29,0,0.0,False,False,False,False
B1_RL2_TC,BENIGN_DIVERSE_MODERATE,8,r08-t037-c47acb42,1789123581275056888,1789123581659819144,0.0,29,0,0.0,False,False,False,False
B1_RL2_TC,BENIGN_DIVERSE_MODERATE,8,r08-t038-46c39e00,1789123581671486125,1789123582062558533,0.0,29,0,0.0,False,False,False,False
B1_RL2_TC,BENIGN_DIVERSE_MODERATE,8,r08-t039-65339a47,1789123582072707060,1789123582443409623,0.0,29,0,0.0,False,False,False,False
B1_RL2_TC,BENIGN_DIVERSE_MODERATE,8,r08-t040-f34b53ca,1789123582454139817,1789123582825809195,0.0,29,0,0.0,False,False,False,False
B1_RL2_TC,BENIGN_DIVERSE_MODERATE,8,r08-t041-dd0ae9d9,1789123582836124496,1789123583212855737,0.0,29,0,0.0,False,False,False,False
B1_RL2_TC,BENIGN_DIVERSE_MODERATE,8,r08-t042-9e4c546d,1789123583222830173,1789123583573819819,0.0,29,0,0.0,False,False,False,False
B1_RL2_TC,BENIGN_DIVERSE_MODERATE,8,r08-t043-899bd604,1789123583584054151,1789123584001445452,0.0,30,0,0.0,False,False,False,False
B1_RL2_TC,BENIGN_DIVERSE_MODERATE,8,r08-t044-da6b28dc,1789123584012525583,1789123584399411959,0.0,29,0,0.0,False,False,False,False
B1_RL2_TC,BENIGN_DIVERSE_MODERATE,8,r08-t045-f29d08e5,1789123584411154254,1789123584808804339,0.0,29,0,0.0,False,False,False,False
B1_RL2_TC,BENIGN_DIVERSE_MODERATE,8,r08-t046-640d3f2d,1789123584820610755,1789123585217703994,0.0,29,0,0.0,False,False,False,False
B1_RL2_TC,BENIGN_DIVERSE_MODERATE,8,r08-t047-0f55d52d,1789123585227717105,1789123585609464650,0.0,29,0,0.0,False,False,False,False
B1_RL2_TC,BENIGN_DIVERSE_MODERATE,8,r08-t048-6f37918e,1789123585620027929,1789123586010164073,0.0,29,0,0.0,False,False,False,False
B1_RL2_TC,BENIGN_DIVERSE_MODERATE,8,r08-t049-c3b00aff,1789123586020342262,1789123586401518578,0.0,29,0,0.0,False,False,False,False
B5_LOCKED_TC,BENIGN_DIVERSE_MODERATE,8,r08-t000-585bda8e,1789123597464956242,1789123597838925294,0.0,24,0,0.0,False,False,False,False
B5_LOCKED_TC,BENIGN_DIVERSE_MODERATE,8,r08-t001-f15991f5,1789123597852579142,1789123598175865674,0.0,25,0,0.0,False,False,False,False
B5_LOCKED_TC,BENIGN_DIVERSE_MODERATE,8,r08-t002-59b2012e,1789123598187083811,1789123598534885655,0.0,26,0,0.0,False,False,False,False
B5_LOCKED_TC,BENIGN_DIVERSE_MODERATE,8,r08-t003-bd4c9b3c,1789123598545636675,1789123598872078549,0.0,27,0,0.0,False,False,False,False
B5_LOCKED_TC,BENIGN_DIVERSE_MODERATE,8,r08-t004-d8d554af,1789123598882440335,1789123599232930779,0.0,28,0,0.0,False,False,False,False
B5_LOCKED_TC,BENIGN_DIVERSE_MODERATE,8,r08-t005-fe457c52,1789123599244205124,1789123599574264671,0.0,29,0,0.0,False,False,False,False
B5_LOCKED_TC,BENIGN_DIVERSE_MODERATE,8,r08-t006-3a6ec28b,1789123599584957891,1789123599908722131,0.0,30,0,0.0,False,False,False,False
B5_LOCKED_TC,BENIGN_DIVERSE_MODERATE,8,r08-t007-edcdbc7d,1789123599918612236,1789123600261667928,0.0,30,0,0.0,False,False,False,False
B5_LOCKED_TC,BENIGN_DIVERSE_MODERATE,8,r08-t008-af5bf3ef,1789123600273026624,1789123600620137951,0.0,30,0,0.0,False,False,False,False
B5_LOCKED_TC,BENIGN_DIVERSE_MODERATE,8,r08-t009-51286cfb,1789123600630495318,1789123600962265373,0.0,30,0,0.0,False,False,False,False
B5_LOCKED_TC,BENIGN_DIVERSE_MODERATE,8,r08-t010-f2fb3b26,1789123600973689549,1789123601315467591,0.0,30,0,0.0,False,False,False,False
B5_LOCKED_TC,BENIGN_DIVERSE_MODERATE,8,r08-t011-5dc3a7b8,1789123601325475199,1789123601665736417,0.0,30,0,0.0,False,False,False,False
B5_LOCKED_TC,BENIGN_DIVERSE_MODERATE,8,r08-t012-ffbcb20d,1789123601678822778,1789123602024315509,0.0,30,0,0.0,False,False,False,False
B5_LOCKED_TC,BENIGN_DIVERSE_MODERATE,8,r08-t013-8d7a699d,1789123602033902571,1789123602367994058,0.0,30,0,0.0,False,False,False,False
B5_LOCKED_TC,BENIGN_DIVERSE_MODERATE,8,r08-t014-01fe6e33,1789123602378880661,1789123602695236669,0.0,30,0,0.0,False,False,False,False
B5_LOCKED_TC,BENIGN_DIVERSE_MODERATE,8,r08-t015-1b7b162c,1789123602705344912,1789123603052675798,0.0,30,0,0.0,False,False,False,False
B5_LOCKED_TC,BENIGN_DIVERSE_MODERATE,8,r08-t016-9f5a63f5,1789123603062297352,1789123603411573756,0.0,30,0,0.0,False,False,False,False
B5_LOCKED_TC,BENIGN_DIVERSE_MODERATE,8,r08-t017-cfaf42d8,1789123603421320963,1789123603751142752,0.0,30,0,0.0,False,False,False,False
B5_LOCKED_TC,BENIGN_DIVERSE_MODERATE,8,r08-t018-a2ea0b43,1789123603760928716,1789123604126591879,0.0,30,0,0.0,False,False,False,False
B5_LOCKED_TC,BENIGN_DIVERSE_MODERATE,8,r08-t019-d6ff4c04,1789123604137709600,1789123604470006522,0.0,30,0,0.0,False,False,False,False
B5_LOCKED_TC,BENIGN_DIVERSE_MODERATE,8,r08-t020-f94a6058,1789123604480226203,1789123604824740441,0.0,30,0,0.0,False,False,False,False
B5_LOCKED_TC,BENIGN_DIVERSE_MODERATE,8,r08-t021-d2bb6244,1789123604837116765,1789123605196263375,0.0,30,0,0.0,False,False,False,False
B5_LOCKED_TC,BENIGN_DIVERSE_MODERATE,8,r08-t022-95685bce,1789123607094307037,1789123609114330840,0.0,6,0,0.0,False,False,False,False
B5_LOCKED_TC,BENIGN_DIVERSE_MODERATE,8,r08-t023-b4b900a4,1789123609125853187,1789123609443876498,0.0,22,0,0.0,False,False,False,False
B5_LOCKED_TC,BENIGN_DIVERSE_MODERATE,8,r08-t024-21200205,1789123609454040366,1789123609782791462,0.0,25,0,0.0,False,False,False,False
B5_LOCKED_TC,BENIGN_DIVERSE_MODERATE,8,r08-t025-90dabaeb,1789123609792808923,1789123610132087017,0.0,26,0,0.0,False,False,False,False
B5_LOCKED_TC,BENIGN_DIVERSE_MODERATE,8,r08-t026-0366ac6f,1789123610141949068,1789123610479769535,0.0,27,0,0.0,False,False,False,False
B5_LOCKED_TC,BENIGN_DIVERSE_MODERATE,8,r08-t027-3d702839,1789123610490039976,1789123610829668288,0.0,28,0,0.0,False,False,False,False
B5_LOCKED_TC,BENIGN_DIVERSE_MODERATE,8,r08-t028-6b121e50,1789123610839755553,1789123611187045933,0.0,29,0,0.0,False,False,False,False
B5_LOCKED_TC,BENIGN_DIVERSE_MODERATE,8,r08-t029-44f1b33e,1789123611197626798,1789123611519988891,0.0,30,0,0.0,False,False,False,False
B5_LOCKED_TC,BENIGN_DIVERSE_MODERATE,8,r08-t030-fbbea10b,1789123611530713724,1789123611843817042,0.0,30,0,0.0,False,False,False,False
B5_LOCKED_TC,BENIGN_DIVERSE_MODERATE,8,r08-t031-bb86fa1f,1789123611853990652,1789123612207725776,0.0,30,0,0.0,False,False,False,False
B5_LOCKED_TC,BENIGN_DIVERSE_MODERATE,8,r08-t032-08569e73,1789123612219087517,1789123612554790942,0.0,30,0,0.0,False,False,False,False
B5_LOCKED_TC,BENIGN_DIVERSE_MODERATE,8,r08-t033-5133d17f,1789123612564957560,1789123612907789682,0.0,30,0,0.0,False,False,False,False
B5_LOCKED_TC,BENIGN_DIVERSE_MODERATE,8,r08-t034-5c41fdf7,1789123612918238101,1789123613268052210,0.0,30,0,0.0,False,False,False,False
B5_LOCKED_TC,BENIGN_DIVERSE_MODERATE,8,r08-t035-82b0ab2b,1789123613277967826,1789123613604221932,0.0,30,0,0.0,False,False,False,False
B5_LOCKED_TC,BENIGN_DIVERSE_MODERATE,8,r08-t036-88c0dae8,1789123613614119317,1789123613940253826,0.0,30,0,0.0,False,False,False,False
B5_LOCKED_TC,BENIGN_DIVERSE_MODERATE,8,r08-t037-c47acb42,1789123613950832139,1789123614304042017,0.0,30,0,0.0,False,False,False,False
B5_LOCKED_TC,BENIGN_DIVERSE_MODERATE,8,r08-t038-46c39e00,1789123614314216287,1789123614659418155,0.0,30,0,0.0,False,False,False,False
B5_LOCKED_TC,BENIGN_DIVERSE_MODERATE,8,r08-t039-65339a47,1789123614669281247,1789123615001228504,0.0,30,0,0.0,False,False,False,False
B5_LOCKED_TC,BENIGN_DIVERSE_MODERATE,8,r08-t040-f34b53ca,1789123615013097731,1789123615344315408,0.0,30,0,0.0,False,False,False,False
B5_LOCKED_TC,BENIGN_DIVERSE_MODERATE,8,r08-t041-dd0ae9d9,1789123615354574890,1789123615663096951,0.0,30,0,0.0,False,False,False,False
B5_LOCKED_TC,BENIGN_DIVERSE_MODERATE,8,r08-t042-9e4c546d,1789123615673586275,1789123615999092190,0.0,30,0,0.0,False,False,False,False
B5_LOCKED_TC,BENIGN_DIVERSE_MODERATE,8,r08-t043-899bd604,1789123616009755715,1789123616387506936,0.0,30,0,0.0,False,False,False,False
B5_LOCKED_TC,BENIGN_DIVERSE_MODERATE,8,r08-t044-da6b28dc,1789123616397723811,1789123616736717767,0.0,30,0,0.0,False,False,False,False
B5_LOCKED_TC,BENIGN_DIVERSE_MODERATE,8,r08-t045-f29d08e5,1789123616747276810,1789123617105151643,0.0,30,0,0.0,False,False,False,False
B5_LOCKED_TC,BENIGN_DIVERSE_MODERATE,8,r08-t046-640d3f2d,1789123617115780780,1789123617443052407,0.0,30,0,0.0,False,False,False,False
B5_LOCKED_TC,BENIGN_DIVERSE_MODERATE,8,r08-t047-0f55d52d,1789123617453370649,1789123617801703112,0.0,30,0,0.0,False,False,False,False
B5_LOCKED_TC,BENIGN_DIVERSE_MODERATE,8,r08-t048-6f37918e,1789123617814295536,1789123618162719448,0.0,30,0,0.0,False,False,False,False
B5_LOCKED_TC,BENIGN_DIVERSE_MODERATE,8,r08-t049-c3b00aff,1789123618173923756,1789123618488474931,0.0,30,0,0.0,False,False,False,False
B0_OFF,ATTACK_DIVERSE_MODERATE,8,r08-t000-585bda8e,1789123629403350306,1789123629560020860,0.0,24,0,0.0,False,False,False,False
B0_OFF,ATTACK_DIVERSE_MODERATE,8,r08-t001-f15991f5,1789123629572281498,1789123629857110455,0.0,25,0,0.0,False,False,False,False
B0_OFF,ATTACK_DIVERSE_MODERATE,8,r08-t002-59b2012e,1789123629868521208,1789123630163074839,0.0,26,0,0.0,False,False,False,False
B0_OFF,ATTACK_DIVERSE_MODERATE,8,r08-t003-bd4c9b3c,1789123630173313317,1789123630483616839,0.0,27,0,0.0,False,False,False,False
B0_OFF,ATTACK_DIVERSE_MODERATE,8,r08-t004-d8d554af,1789123630493686567,1789123630810504840,0.0,28,0,0.0,False,False,False,False
B0_OFF,ATTACK_DIVERSE_MODERATE,8,r08-t005-fe457c52,1789123630821091488,1789123631142358629,0.0,29,0,0.0,False,False,False,False
B0_OFF,ATTACK_DIVERSE_MODERATE,8,r08-t006-3a6ec28b,1789123631153761638,1789123631492739733,0.0,30,0,0.0,False,False,False,False
B0_OFF,ATTACK_DIVERSE_MODERATE,8,r08-t007-edcdbc7d,1789123631503021742,1789123631823604820,0.0,31,0,0.0,False,False,False,False
B0_OFF,ATTACK_DIVERSE_MODERATE,8,r08-t008-af5bf3ef,1789123631833506742,1789123632151128157,0.0,31,0,0.0,False,False,False,False
B0_OFF,ATTACK_DIVERSE_MODERATE,8,r08-t009-51286cfb,1789123632161356909,1789123632508392487,0.0,30,0,0.0,False,False,False,False
B0_OFF,ATTACK_DIVERSE_MODERATE,8,r08-t010-f2fb3b26,1789123632518689889,1789123632820561319,0.0,30,0,0.0,False,False,False,False
B0_OFF,ATTACK_DIVERSE_MODERATE,8,r08-t011-5dc3a7b8,1789123632831162697,1789123633151635100,0.0,30,0,0.0,False,False,False,False
B0_OFF,ATTACK_DIVERSE_MODERATE,8,r08-t012-ffbcb20d,1789123633161607185,1789123633492703442,0.0,30,0,0.0,False,False,False,False
B0_OFF,ATTACK_DIVERSE_MODERATE,8,r08-t013-8d7a699d,1789123633502620568,1789123633847115152,0.0,30,0,0.0,False,False,False,False
B0_OFF,ATTACK_DIVERSE_MODERATE,8,r08-t014-01fe6e33,1789123633857761504,1789123634189878575,0.0,30,0,0.0,False,False,False,False
B0_OFF,ATTACK_DIVERSE_MODERATE,8,r08-t015-1b7b162c,1789123634200632302,1789123634523305415,0.0,30,0,0.0,False,False,False,False
B0_OFF,ATTACK_DIVERSE_MODERATE,8,r08-t016-9f5a63f5,1789123634533851567,1789123634852914385,0.0,30,0,0.0,False,False,False,False
B0_OFF,ATTACK_DIVERSE_MODERATE,8,r08-t017-cfaf42d8,1789123634863463180,1789123635195020513,0.0,30,0,0.0,False,False,False,False
B0_OFF,ATTACK_DIVERSE_MODERATE,8,r08-t018-a2ea0b43,1789123635205626067,1789123635565649471,0.0,30,0,0.0,False,False,False,False
B0_OFF,ATTACK_DIVERSE_MODERATE,8,r08-t019-d6ff4c04,1789123635577664522,1789123635891424800,0.0,30,0,0.0,False,False,False,False
B0_OFF,ATTACK_DIVERSE_MODERATE,8,r08-t020-f94a6058,1789123635902948674,1789123636225721231,0.0,30,0,0.0,False,False,False,False
B0_OFF,ATTACK_DIVERSE_MODERATE,8,r08-t021-d2bb6244,1789123636237305640,1789123636559104913,0.0,30,0,0.0,False,False,False,False
B0_OFF,ATTACK_DIVERSE_MODERATE,8,r08-t022-95685bce,1789123636569861473,1789123636894370946,0.0,30,0,0.0,False,False,False,False
B0_OFF,ATTACK_DIVERSE_MODERATE,8,r08-t023-b4b900a4,1789123637624824350,1789123637931142674,0.0,23,0,0.0,False,False,False,False
B0_OFF,ATTACK_DIVERSE_MODERATE,8,r08-t024-21200205,1789123638978169355,1789123639291579265,0.0,7,0,0.0,False,False,False,False
B0_OFF,ATTACK_DIVERSE_MODERATE,8,r08-t025-90dabaeb,1789123639302272270,1789123639645008305,0.0,6,0,0.0,False,False,False,False
B0_OFF,ATTACK_DIVERSE_MODERATE,8,r08-t026-0366ac6f,1789123639657297132,1789123639988078840,0.0,12,0,0.0,False,False,False,False
B0_OFF,ATTACK_DIVERSE_MODERATE,8,r08-t027-3d702839,1789123639998942966,1789123640312352405,0.0,15,0,0.0,False,False,False,False
B0_OFF,ATTACK_DIVERSE_MODERATE,8,r08-t028-6b121e50,1789123640324944003,1789123640672010615,0.0,18,0,0.0,False,False,False,False
B0_OFF,ATTACK_DIVERSE_MODERATE,8,r08-t029-44f1b33e,1789123640682408403,1789123640979126380,0.0,23,0,0.0,False,False,False,False
B0_OFF,ATTACK_DIVERSE_MODERATE,8,r08-t030-fbbea10b,1789123640989395353,1789123641316432476,0.0,28,0,0.0,False,False,False,False
B0_OFF,ATTACK_DIVERSE_MODERATE,8,r08-t031-bb86fa1f,1789123641328804316,1789123641648143273,0.0,30,0,0.0,False,False,False,False
B0_OFF,ATTACK_DIVERSE_MODERATE,8,r08-t032-08569e73,1789123641658659770,1789123641990712339,0.0,30,0,0.0,False,False,False,False
B0_OFF,ATTACK_DIVERSE_MODERATE,8,r08-t033-5133d17f,1789123642002282206,1789123642341063340,0.0,30,0,0.0,False,False,False,False
B0_OFF,ATTACK_DIVERSE_MODERATE,8,r08-t034-5c41fdf7,1789123642352073940,1789123642652046555,0.0,30,0,0.0,False,False,False,False
B0_OFF,ATTACK_DIVERSE_MODERATE,8,r08-t035-82b0ab2b,1789123642663231677,1789123642968072226,0.0,31,0,0.0,False,False,False,False
B0_OFF,ATTACK_DIVERSE_MODERATE,8,r08-t036-88c0dae8,1789123642978584097,1789123643319725252,0.0,30,0,0.0,False,False,False,False
B0_OFF,ATTACK_DIVERSE_MODERATE,8,r08-t037-c47acb42,1789123643331703092,1789123643649678530,0.0,30,0,0.0,False,False,False,False
B0_OFF,ATTACK_DIVERSE_MODERATE,8,r08-t038-46c39e00,1789123643660005514,1789123643982881803,0.0,30,0,0.0,False,False,False,False
B0_OFF,ATTACK_DIVERSE_MODERATE,8,r08-t039-65339a47,1789123643995545830,1789123644287449947,0.0,30,0,0.0,False,False,False,False
B0_OFF,ATTACK_DIVERSE_MODERATE,8,r08-t040-f34b53ca,1789123644298043401,1789123644643207322,0.0,31,0,0.0,False,False,False,False
B0_OFF,ATTACK_DIVERSE_MODERATE,8,r08-t041-dd0ae9d9,1789123644653460938,1789123644984323204,0.0,30,0,0.0,False,False,False,False
B0_OFF,ATTACK_DIVERSE_MODERATE,8,r08-t042-9e4c546d,1789123644995283693,1789123645333449426,0.0,30,0,0.0,False,False,False,False
B0_OFF,ATTACK_DIVERSE_MODERATE,8,r08-t043-899bd604,1789123645344006054,1789123645683324917,0.0,30,0,0.0,False,False,False,False
B0_OFF,ATTACK_DIVERSE_MODERATE,8,r08-t044-da6b28dc,1789123645693971816,1789123646011474043,0.0,30,0,0.0,False,False,False,False
B0_OFF,ATTACK_DIVERSE_MODERATE,8,r08-t045-f29d08e5,1789123646022301107,1789123646386541896,0.0,30,0,0.0,False,False,False,False
B0_OFF,ATTACK_DIVERSE_MODERATE,8,r08-t046-640d3f2d,1789123646395890722,1789123646693570967,0.0,30,0,0.0,False,False,False,False
B0_OFF,ATTACK_DIVERSE_MODERATE,8,r08-t047-0f55d52d,1789123646703407881,1789123646989064402,0.0,30,0,0.0,False,False,False,False
B0_OFF,ATTACK_DIVERSE_MODERATE,8,r08-t048-6f37918e,1789123647000245941,1789123647321494894,0.0,30,0,0.0,False,False,False,False
B0_OFF,ATTACK_DIVERSE_MODERATE,8,r08-t049-c3b00aff,1789123647333680087,1789123647661959994,0.0,30,0,0.0,False,False,False,False
B0_OFF,BENIGN_DIVERSE_MODERATE,8,r08-t000-585bda8e,1789123658339742108,1789123658701768408,0.0,24,0,0.0,False,False,False,False
B0_OFF,BENIGN_DIVERSE_MODERATE,8,r08-t001-f15991f5,1789123658711729738,1789123659071350128,0.0,25,0,0.0,False,False,False,False
B0_OFF,BENIGN_DIVERSE_MODERATE,8,r08-t002-59b2012e,1789123659082012315,1789123659432791724,0.0,26,0,0.0,False,False,False,False
B0_OFF,BENIGN_DIVERSE_MODERATE,8,r08-t003-bd4c9b3c,1789123659443194532,1789123659779901041,0.0,27,0,0.0,False,False,False,False
B0_OFF,BENIGN_DIVERSE_MODERATE,8,r08-t004-d8d554af,1789123659789934358,1789123660130578221,0.0,28,0,0.0,False,False,False,False
B0_OFF,BENIGN_DIVERSE_MODERATE,8,r08-t005-fe457c52,1789123660143731158,1789123660483658005,0.0,29,0,0.0,False,False,False,False
B0_OFF,BENIGN_DIVERSE_MODERATE,8,r08-t006-3a6ec28b,1789123660494967307,1789123660852846164,0.0,30,0,0.0,False,False,False,False
B0_OFF,BENIGN_DIVERSE_MODERATE,8,r08-t007-edcdbc7d,1789123660863574795,1789123661219462821,0.0,30,0,0.0,False,False,False,False
B0_OFF,BENIGN_DIVERSE_MODERATE,8,r08-t008-af5bf3ef,1789123661229917347,1789123661573424744,0.0,30,0,0.0,False,False,False,False
B0_OFF,BENIGN_DIVERSE_MODERATE,8,r08-t009-51286cfb,1789123661583441646,1789123661931478161,0.0,30,0,0.0,False,False,False,False
B0_OFF,BENIGN_DIVERSE_MODERATE,8,r08-t010-f2fb3b26,1789123661943035716,1789123662295748169,0.0,30,0,0.0,False,False,False,False
B0_OFF,BENIGN_DIVERSE_MODERATE,8,r08-t011-5dc3a7b8,1789123662305957368,1789123662633637762,0.0,30,0,0.0,False,False,False,False
B0_OFF,BENIGN_DIVERSE_MODERATE,8,r08-t012-ffbcb20d,1789123662643325546,1789123662979067392,0.0,30,0,0.0,False,False,False,False
B0_OFF,BENIGN_DIVERSE_MODERATE,8,r08-t013-8d7a699d,1789123662989904062,1789123663338990296,0.0,30,0,0.0,False,False,False,False
B0_OFF,BENIGN_DIVERSE_MODERATE,8,r08-t014-01fe6e33,1789123663348980777,1789123663678647472,0.0,30,0,0.0,False,False,False,False
B0_OFF,BENIGN_DIVERSE_MODERATE,8,r08-t015-1b7b162c,1789123663688462260,1789123664015961488,0.0,30,0,0.0,False,False,False,False
B0_OFF,BENIGN_DIVERSE_MODERATE,8,r08-t016-9f5a63f5,1789123664026086332,1789123664386332691,0.0,30,0,0.0,False,False,False,False
B0_OFF,BENIGN_DIVERSE_MODERATE,8,r08-t017-cfaf42d8,1789123664396395825,1789123664731939240,0.0,30,0,0.0,False,False,False,False
B0_OFF,BENIGN_DIVERSE_MODERATE,8,r08-t018-a2ea0b43,1789123664741766955,1789123665076327362,0.0,30,0,0.0,False,False,False,False
B0_OFF,BENIGN_DIVERSE_MODERATE,8,r08-t019-d6ff4c04,1789123665086498063,1789123665427424240,0.0,30,0,0.0,False,False,False,False
B0_OFF,BENIGN_DIVERSE_MODERATE,8,r08-t020-f94a6058,1789123665438178066,1789123665763395185,0.0,30,0,0.0,False,False,False,False
B0_OFF,BENIGN_DIVERSE_MODERATE,8,r08-t021-d2bb6244,1789123665773610990,1789123666138600845,0.0,30,0,0.0,False,False,False,False
B0_OFF,BENIGN_DIVERSE_MODERATE,8,r08-t022-95685bce,1789123666148694552,1789123666479303492,0.0,30,0,0.0,False,False,False,False
B0_OFF,BENIGN_DIVERSE_MODERATE,8,r08-t023-b4b900a4,1789123666489205654,1789123666812684913,0.0,30,0,0.0,False,False,False,False
B0_OFF,BENIGN_DIVERSE_MODERATE,8,r08-t024-21200205,1789123666822452899,1789123667178229112,0.0,30,0,0.0,False,False,False,False
B0_OFF,BENIGN_DIVERSE_MODERATE,8,r08-t025-90dabaeb,1789123667188134577,1789123667525602867,0.0,30,0,0.0,False,False,False,False
B0_OFF,BENIGN_DIVERSE_MODERATE,8,r08-t026-0366ac6f,1789123667536689300,1789123667867595750,0.0,30,0,0.0,False,False,False,False
B0_OFF,BENIGN_DIVERSE_MODERATE,8,r08-t027-3d702839,1789123667877952286,1789123668216758239,0.0,30,0,0.0,False,False,False,False
B0_OFF,BENIGN_DIVERSE_MODERATE,8,r08-t028-6b121e50,1789123668228020205,1789123668560183225,0.0,30,0,0.0,False,False,False,False
B0_OFF,BENIGN_DIVERSE_MODERATE,8,r08-t029-44f1b33e,1789123668570494432,1789123668900237212,0.0,30,0,0.0,False,False,False,False
B0_OFF,BENIGN_DIVERSE_MODERATE,8,r08-t030-fbbea10b,1789123670701040028,1789123672721424766,0.0,7,0,0.0,False,False,False,False
B0_OFF,BENIGN_DIVERSE_MODERATE,8,r08-t031-bb86fa1f,1789123672733495557,1789123673078746227,0.0,22,0,0.0,False,False,False,False
B0_OFF,BENIGN_DIVERSE_MODERATE,8,r08-t032-08569e73,1789123673089215610,1789123673422721854,0.0,25,0,0.0,False,False,False,False
B0_OFF,BENIGN_DIVERSE_MODERATE,8,r08-t033-5133d17f,1789123673432725114,1789123673762876508,0.0,26,0,0.0,False,False,False,False
B0_OFF,BENIGN_DIVERSE_MODERATE,8,r08-t034-5c41fdf7,1789123673773344004,1789123674107637635,0.0,27,0,0.0,False,False,False,False
B0_OFF,BENIGN_DIVERSE_MODERATE,8,r08-t035-82b0ab2b,1789123674117605104,1789123674449976822,0.0,28,0,0.0,False,False,False,False
B0_OFF,BENIGN_DIVERSE_MODERATE,8,r08-t036-88c0dae8,1789123674462013994,1789123674807111021,0.0,29,0,0.0,False,False,False,False
B0_OFF,BENIGN_DIVERSE_MODERATE,8,r08-t037-c47acb42,1789123674819648974,1789123675163126842,0.0,30,0,0.0,False,False,False,False
B0_OFF,BENIGN_DIVERSE_MODERATE,8,r08-t038-46c39e00,1789123675173492161,1789123675530176761,0.0,30,0,0.0,False,False,False,False
B0_OFF,BENIGN_DIVERSE_MODERATE,8,r08-t039-65339a47,1789123675540138846,1789123675882904590,0.0,30,0,0.0,False,False,False,False
B0_OFF,BENIGN_DIVERSE_MODERATE,8,r08-t040-f34b53ca,1789123675893469731,1789123676207624351,0.0,30,0,0.0,False,False,False,False
B0_OFF,BENIGN_DIVERSE_MODERATE,8,r08-t041-dd0ae9d9,1789123676218258239,1789123676580216107,0.0,30,0,0.0,False,False,False,False
B0_OFF,BENIGN_DIVERSE_MODERATE,8,r08-t042-9e4c546d,1789123676591228202,1789123676932266377,0.0,30,0,0.0,False,False,False,False
B0_OFF,BENIGN_DIVERSE_MODERATE,8,r08-t043-899bd604,1789123676942715269,1789123677271566218,0.0,30,0,0.0,False,False,False,False
B0_OFF,BENIGN_DIVERSE_MODERATE,8,r08-t044-da6b28dc,1789123677282514946,1789123677652099083,0.0,30,0,0.0,False,False,False,False
B0_OFF,BENIGN_DIVERSE_MODERATE,8,r08-t045-f29d08e5,1789123677662622841,1789123677994856840,0.0,30,0,0.0,False,False,False,False
B0_OFF,BENIGN_DIVERSE_MODERATE,8,r08-t046-640d3f2d,1789123678005557886,1789123678355302449,0.0,30,0,0.0,False,False,False,False
B0_OFF,BENIGN_DIVERSE_MODERATE,8,r08-t047-0f55d52d,1789123678365951053,1789123678708269209,0.0,30,0,0.0,False,False,False,False
B0_OFF,BENIGN_DIVERSE_MODERATE,8,r08-t048-6f37918e,1789123678720791362,1789123679052210750,0.0,30,0,0.0,False,False,False,False
B0_OFF,BENIGN_DIVERSE_MODERATE,8,r08-t049-c3b00aff,1789123679062170342,1789123679392962954,0.0,30,0,0.0,False,False,False,False
B1_RL2_TC,ATTACK_DIVERSE_MODERATE,8,r08-t000-585bda8e,1789123690372885623,1789123690622724425,0.0,24,0,0.0,False,False,False,False
B1_RL2_TC,ATTACK_DIVERSE_MODERATE,8,r08-t001-f15991f5,1789123690632739973,1789123690922039487,0.0,25,0,0.0,False,False,False,False
B1_RL2_TC,ATTACK_DIVERSE_MODERATE,8,r08-t002-59b2012e,1789123690932188259,1789123691296615518,0.0,26,0,0.0,False,False,False,False
B1_RL2_TC,ATTACK_DIVERSE_MODERATE,8,r08-t003-bd4c9b3c,1789123691306908975,1789123691620815229,0.0,27,0,0.0,False,False,False,False
B1_RL2_TC,ATTACK_DIVERSE_MODERATE,8,r08-t004-d8d554af,1789123691631062838,1789123691945160659,0.0,28,0,0.0,False,False,False,False
B1_RL2_TC,ATTACK_DIVERSE_MODERATE,8,r08-t005-fe457c52,1789123691955925567,1789123692320057159,0.0,29,0,0.0,False,False,False,False
B1_RL2_TC,ATTACK_DIVERSE_MODERATE,8,r08-t006-3a6ec28b,1789123692330387163,1789123692674349644,0.0,30,0,0.0,False,False,False,False
B1_RL2_TC,ATTACK_DIVERSE_MODERATE,8,r08-t007-edcdbc7d,1789123692684653531,1789123693014946771,0.0,30,0,0.0,False,False,False,False
B1_RL2_TC,ATTACK_DIVERSE_MODERATE,8,r08-t008-af5bf3ef,1789123693024870152,1789123693341375959,0.0,30,0,0.0,False,False,False,False
B1_RL2_TC,ATTACK_DIVERSE_MODERATE,8,r08-t009-51286cfb,1789123693352388243,1789123693696770899,0.0,30,0,0.0,False,False,False,False
B1_RL2_TC,ATTACK_DIVERSE_MODERATE,8,r08-t010-f2fb3b26,1789123693707168261,1789123694017922739,0.0,30,0,0.0,False,False,False,False
B1_RL2_TC,ATTACK_DIVERSE_MODERATE,8,r08-t011-5dc3a7b8,1789123694027642474,1789123694363588560,0.0,30,0,0.0,False,False,False,False
B1_RL2_TC,ATTACK_DIVERSE_MODERATE,8,r08-t012-ffbcb20d,1789123694374208684,1789123694725325160,0.0,30,0,0.0,False,False,False,False
B1_RL2_TC,ATTACK_DIVERSE_MODERATE,8,r08-t013-8d7a699d,1789123694735262841,1789123695046055453,0.0,30,0,0.0,False,False,False,False
B1_RL2_TC,ATTACK_DIVERSE_MODERATE,8,r08-t014-01fe6e33,1789123695056224862,1789123695380399265,0.0,30,0,0.0,False,False,False,False
B1_RL2_TC,ATTACK_DIVERSE_MODERATE,8,r08-t015-1b7b162c,1789123695391776115,1789123695683828028,0.0,30,0,0.0,False,False,False,False
B1_RL2_TC,ATTACK_DIVERSE_MODERATE,8,r08-t016-9f5a63f5,1789123695693826024,1789123696005897718,0.0,30,0,0.0,False,False,False,False
B1_RL2_TC,ATTACK_DIVERSE_MODERATE,8,r08-t017-cfaf42d8,1789123696016199464,1789123696349659407,0.0,30,0,0.0,False,False,False,False
B1_RL2_TC,ATTACK_DIVERSE_MODERATE,8,r08-t018-a2ea0b43,1789123696360425267,1789123696692682774,0.0,30,0,0.0,False,False,False,False
B1_RL2_TC,ATTACK_DIVERSE_MODERATE,8,r08-t019-d6ff4c04,1789123696702730609,1789123697015467847,0.0,30,0,0.0,False,False,False,False
B1_RL2_TC,ATTACK_DIVERSE_MODERATE,8,r08-t020-f94a6058,1789123697025959316,1789123697345982533,0.0,30,0,0.0,False,False,False,False
B1_RL2_TC,ATTACK_DIVERSE_MODERATE,8,r08-t021-d2bb6244,1789123697356951522,1789123697656365020,0.0,30,0,0.0,False,False,False,False
B1_RL2_TC,ATTACK_DIVERSE_MODERATE,8,r08-t022-95685bce,1789123697666750867,1789123697992090894,0.0,30,0,0.0,False,False,False,False
B1_RL2_TC,ATTACK_DIVERSE_MODERATE,8,r08-t023-b4b900a4,1789123698002987768,1789123698290376995,0.0,30,0,0.0,False,False,False,False
B1_RL2_TC,ATTACK_DIVERSE_MODERATE,8,r08-t024-21200205,1789123698301349949,1789123698632921805,0.0,30,0,0.0,False,False,False,False
B1_RL2_TC,ATTACK_DIVERSE_MODERATE,8,r08-t025-90dabaeb,1789123698643299157,1789123698959365820,0.0,30,0,0.0,False,False,False,False
B1_RL2_TC,ATTACK_DIVERSE_MODERATE,8,r08-t026-0366ac6f,1789123698969394021,1789123699289386656,0.0,30,0,0.0,False,False,False,False
B1_RL2_TC,ATTACK_DIVERSE_MODERATE,8,r08-t027-3d702839,1789123699299710300,1789123699660582473,0.0,30,0,0.0,False,False,False,False
B1_RL2_TC,ATTACK_DIVERSE_MODERATE,8,r08-t028-6b121e50,1789123699670646920,1789123699998214367,0.0,30,0,0.0,False,False,False,False
B1_RL2_TC,ATTACK_DIVERSE_MODERATE,8,r08-t029-44f1b33e,1789123700008268810,1789123700350659575,0.0,30,0,0.0,False,False,False,False
B1_RL2_TC,ATTACK_DIVERSE_MODERATE,8,r08-t030-fbbea10b,1789123700361205506,1789123700665328413,0.0,30,0,0.0,False,False,False,False
B1_RL2_TC,ATTACK_DIVERSE_MODERATE,8,r08-t031-bb86fa1f,1789123702518314706,1789123704538516094,0.0,8,0,0.0,False,False,False,False
B1_RL2_TC,ATTACK_DIVERSE_MODERATE,8,r08-t032-08569e73,1789123704550913527,1789123704685981943,0.0,21,0,0.0,False,False,False,False
B1_RL2_TC,ATTACK_DIVERSE_MODERATE,8,r08-t033-5133d17f,1789123704696111882,1789123705011751339,0.0,23,0,0.0,False,False,False,False
B1_RL2_TC,ATTACK_DIVERSE_MODERATE,8,r08-t034-5c41fdf7,1789123705022137521,1789123705342047020,0.0,26,0,0.0,False,False,False,False
B1_RL2_TC,ATTACK_DIVERSE_MODERATE,8,r08-t035-82b0ab2b,1789123705352894229,1789123705675507845,0.0,27,0,0.0,False,False,False,False
B1_RL2_TC,ATTACK_DIVERSE_MODERATE,8,r08-t036-88c0dae8,1789123705685814194,1789123705975733702,0.0,28,0,0.0,False,False,False,False
B1_RL2_TC,ATTACK_DIVERSE_MODERATE,8,r08-t037-c47acb42,1789123705987223362,1789123706335210257,0.0,29,0,0.0,False,False,False,False
B1_RL2_TC,ATTACK_DIVERSE_MODERATE,8,r08-t038-46c39e00,1789123706345162841,1789123706650746327,0.0,30,0,0.0,False,False,False,False
B1_RL2_TC,ATTACK_DIVERSE_MODERATE,8,r08-t039-65339a47,1789123706661192383,1789123706991544628,0.0,30,0,0.0,False,False,False,False
B1_RL2_TC,ATTACK_DIVERSE_MODERATE,8,r08-t040-f34b53ca,1789123707002134460,1789123707324458538,0.0,30,0,0.0,False,False,False,False
B1_RL2_TC,ATTACK_DIVERSE_MODERATE,8,r08-t041-dd0ae9d9,1789123707334751644,1789123707663553666,0.0,30,0,0.0,False,False,False,False
B1_RL2_TC,ATTACK_DIVERSE_MODERATE,8,r08-t042-9e4c546d,1789123707675013247,1789123708016860449,0.0,30,0,0.0,False,False,False,False
B1_RL2_TC,ATTACK_DIVERSE_MODERATE,8,r08-t043-899bd604,1789123708026684677,1789123708359946108,0.0,30,0,0.0,False,False,False,False
B1_RL2_TC,ATTACK_DIVERSE_MODERATE,8,r08-t044-da6b28dc,1789123708369841749,1789123708682703687,0.0,30,0,0.0,False,False,False,False
B1_RL2_TC,ATTACK_DIVERSE_MODERATE,8,r08-t045-f29d08e5,1789123708692985160,1789123709038559461,0.0,30,0,0.0,False,False,False,False
B1_RL2_TC,ATTACK_DIVERSE_MODERATE,8,r08-t046-640d3f2d,1789123709048559434,1789123709385658067,0.0,30,0,0.0,False,False,False,False
B1_RL2_TC,ATTACK_DIVERSE_MODERATE,8,r08-t047-0f55d52d,1789123709396045290,1789123709733122167,0.0,30,0,0.0,False,False,False,False
B1_RL2_TC,ATTACK_DIVERSE_MODERATE,8,r08-t048-6f37918e,1789123709743981106,1789123710036327207,0.0,30,0,0.0,False,False,False,False
B1_RL2_TC,ATTACK_DIVERSE_MODERATE,8,r08-t049-c3b00aff,1789123710046636961,1789123710375324908,0.0,30,0,0.0,False,False,False,False
B5_LOCKED_TC,BENIGN_DIVERSE_HIGH,8,r08-t000-4fbac691,1789123722477988981,1789123723678198212,0.0,400,0,0.0,False,False,False,False
B5_LOCKED_TC,BENIGN_DIVERSE_HIGH,8,r08-t001-b78b34a3,1789123723688762519,1789123724083360323,0.0,403,0,0.0,False,False,False,False
B5_LOCKED_TC,BENIGN_DIVERSE_HIGH,8,r08-t002-44d5f14b,1789123724094894426,1789123724493942706,0.0,404,0,0.0,False,False,False,False
B5_LOCKED_TC,BENIGN_DIVERSE_HIGH,8,r08-t003-17b1c095,1789123724504567396,1789123724897277806,0.0,405,0,0.0,False,False,False,False
B5_LOCKED_TC,BENIGN_DIVERSE_HIGH,8,r08-t004-6c800926,1789123724909340120,1789123725315538901,0.0,405,0,0.0,False,False,False,False
B5_LOCKED_TC,BENIGN_DIVERSE_HIGH,8,r08-t005-b597cbf2,1789123725326671016,1789123725739054545,0.0,405,0,0.0,False,False,False,False
B5_LOCKED_TC,BENIGN_DIVERSE_HIGH,8,r08-t006-56b9e75c,1789123725750550556,1789123726157533094,0.0,405,0,0.0,False,False,False,False
B5_LOCKED_TC,BENIGN_DIVERSE_HIGH,8,r08-t007-dc803eda,1789123726168221929,1789123726609643876,0.0,405,0,0.0,False,False,False,False
B5_LOCKED_TC,BENIGN_DIVERSE_HIGH,8,r08-t008-bce94fe2,1789123726620676482,1789123727006612609,0.0,405,0,0.0,False,False,False,False
B5_LOCKED_TC,BENIGN_DIVERSE_HIGH,8,r08-t009-18177eb3,1789123727018740952,1789123727443629912,0.0,405,0,0.0,False,False,False,False
B5_LOCKED_TC,BENIGN_DIVERSE_HIGH,8,r08-t010-5aa3939b,1789123727457176636,1789123727858010926,0.0,405,0,0.0,False,False,False,False
B5_LOCKED_TC,BENIGN_DIVERSE_HIGH,8,r08-t011-acb16ed6,1789123727869994602,1789123728284834501,0.0,405,0,0.0,False,False,False,False
B5_LOCKED_TC,BENIGN_DIVERSE_HIGH,8,r08-t012-d6f7a4d9,1789123728295775169,1789123728678851668,0.0,405,0,0.0,False,False,False,False
B5_LOCKED_TC,BENIGN_DIVERSE_HIGH,8,r08-t013-41caf785,1789123728690772111,1789123729071117035,0.0,405,0,0.0,False,False,False,False
B5_LOCKED_TC,BENIGN_DIVERSE_HIGH,8,r08-t014-d4b18a58,1789123729083602035,1789123729484811752,0.0,405,0,0.0,False,False,False,False
B5_LOCKED_TC,BENIGN_DIVERSE_HIGH,8,r08-t015-1d621d70,1789123729497445808,1789123729935679428,0.0,405,0,0.0,False,False,False,False
B5_LOCKED_TC,BENIGN_DIVERSE_HIGH,8,r08-t016-75dc7116,1789123729946701948,1789123730321591472,0.0,405,0,0.0,False,False,False,False
B5_LOCKED_TC,BENIGN_DIVERSE_HIGH,8,r08-t017-34f38a81,1789123730332915790,1789123730711543413,0.0,405,0,0.0,False,False,False,False
B5_LOCKED_TC,BENIGN_DIVERSE_HIGH,8,r08-t018-cf6c0322,1789123730723133042,1789123731112857950,0.0,405,0,0.0,False,False,False,False
B5_LOCKED_TC,BENIGN_DIVERSE_HIGH,8,r08-t019-b1cd8777,1789123731124039073,1789123731522001617,0.0,405,0,0.0,False,False,False,False
B5_LOCKED_TC,BENIGN_DIVERSE_HIGH,8,r08-t020-6ce6951e,1789123731533450887,1789123731925620885,0.0,405,0,0.0,False,False,False,False
B5_LOCKED_TC,BENIGN_DIVERSE_HIGH,8,r08-t021-663c2f7c,1789123731936508434,1789123732351095969,0.0,405,0,0.0,False,False,False,False
B5_LOCKED_TC,BENIGN_DIVERSE_HIGH,8,r08-t022-134baa4f,1789123733221470074,1789123733595984549,0.0,273,0,0.0,False,False,False,False
B5_LOCKED_TC,BENIGN_DIVERSE_HIGH,8,r08-t023-88887252,1789123734655860529,1789123735061089820,0.0,54,0,0.0,False,False,False,False
B5_LOCKED_TC,BENIGN_DIVERSE_HIGH,8,r08-t024-e857c19a,1789123735073186257,1789123735490382306,0.0,121,0,0.0,False,False,False,False
B5_LOCKED_TC,BENIGN_DIVERSE_HIGH,8,r08-t025-015b43b5,1789123735501604732,1789123735900866146,0.0,193,0,0.0,False,False,False,False
B5_LOCKED_TC,BENIGN_DIVERSE_HIGH,8,r08-t026-d2ff72f1,1789123735912135642,1789123736313435624,0.0,237,0,0.0,False,False,False,False
B5_LOCKED_TC,BENIGN_DIVERSE_HIGH,8,r08-t027-c1bd286e,1789123736325757864,1789123736697963638,0.0,320,0,0.0,False,False,False,False
B5_LOCKED_TC,BENIGN_DIVERSE_HIGH,8,r08-t028-b4e04f94,1789123736708602698,1789123737106601254,0.0,398,0,0.0,False,False,False,False
B5_LOCKED_TC,BENIGN_DIVERSE_HIGH,8,r08-t029-f6a94338,1789123737119446180,1789123737517004589,0.0,405,0,0.0,False,False,False,False
B5_LOCKED_TC,BENIGN_DIVERSE_HIGH,8,r08-t030-16c44a4d,1789123737527717532,1789123737920104015,0.0,405,0,0.0,False,False,False,False
B5_LOCKED_TC,BENIGN_DIVERSE_HIGH,8,r08-t031-411469e9,1789123737932249569,1789123738311167638,0.0,405,0,0.0,False,False,False,False
B5_LOCKED_TC,BENIGN_DIVERSE_HIGH,8,r08-t032-10de2c65,1789123738322628809,1789123738710259851,0.0,405,0,0.0,False,False,False,False
B5_LOCKED_TC,BENIGN_DIVERSE_HIGH,8,r08-t033-04e54312,1789123738721176522,1789123739124825078,0.0,405,0,0.0,False,False,False,False
B5_LOCKED_TC,BENIGN_DIVERSE_HIGH,8,r08-t034-431c3110,1789123739135297079,1789123739569072780,0.0,405,0,0.0,False,False,False,False
B5_LOCKED_TC,BENIGN_DIVERSE_HIGH,8,r08-t035-6c200680,1789123739579573023,1789123739990183834,0.0,405,0,0.0,False,False,False,False
B5_LOCKED_TC,BENIGN_DIVERSE_HIGH,8,r08-t036-95c4d40a,1789123740003174521,1789123740408990411,0.0,405,0,0.0,False,False,False,False
B5_LOCKED_TC,BENIGN_DIVERSE_HIGH,8,r08-t037-5bee5b3b,1789123740420919770,1789123740808436150,0.0,405,0,0.0,False,False,False,False
B5_LOCKED_TC,BENIGN_DIVERSE_HIGH,8,r08-t038-7e07aaeb,1789123740819776898,1789123741225294422,0.0,405,0,0.0,False,False,False,False
B5_LOCKED_TC,BENIGN_DIVERSE_HIGH,8,r08-t039-bc9053f0,1789123741236192580,1789123741624858129,0.0,405,0,0.0,False,False,False,False
B5_LOCKED_TC,BENIGN_DIVERSE_HIGH,8,r08-t040-8ee6bea9,1789123741636501966,1789123742003229996,0.0,405,0,0.0,False,False,False,False
B5_LOCKED_TC,BENIGN_DIVERSE_HIGH,8,r08-t041-226c2929,1789123742014695984,1789123742412790905,0.0,405,0,0.0,False,False,False,False
B5_LOCKED_TC,BENIGN_DIVERSE_HIGH,8,r08-t042-20c75289,1789123742423286142,1789123742816524466,0.0,405,0,0.0,False,False,False,False
B5_LOCKED_TC,BENIGN_DIVERSE_HIGH,8,r08-t043-0162230b,1789123742827346497,1789123743231116798,0.0,405,0,0.0,False,False,False,False
B5_LOCKED_TC,BENIGN_DIVERSE_HIGH,8,r08-t044-8e3b284b,1789123743243129934,1789123743631328618,0.0,405,0,0.0,False,False,False,False
B5_LOCKED_TC,BENIGN_DIVERSE_HIGH,8,r08-t045-aecc86bb,1789123743643660803,1789123744044035926,0.0,405,0,0.0,False,False,False,False
B5_LOCKED_TC,BENIGN_DIVERSE_HIGH,8,r08-t046-08f7cebd,1789123744054996609,1789123744458849837,0.0,405,0,0.0,False,False,False,False
B5_LOCKED_TC,BENIGN_DIVERSE_HIGH,8,r08-t047-cf4637ba,1789123744469918005,1789123744868154600,0.0,405,0,0.0,False,False,False,False
B5_LOCKED_TC,BENIGN_DIVERSE_HIGH,8,r08-t048-069f6744,1789123744879408171,1789123745280092806,0.0,405,0,0.0,False,False,False,False
B5_LOCKED_TC,BENIGN_DIVERSE_HIGH,8,r08-t049-d40d0fcf,1789123745290965915,1789123745689675242,0.0,405,0,0.0,False,False,False,False
B0_OFF,BENIGN_DIVERSE_HIGH,8,r08-t000-4fbac691,1789123758986621127,1789123759373394451,0.0,400,0,0.0,False,False,False,False
B0_OFF,BENIGN_DIVERSE_HIGH,8,r08-t001-b78b34a3,1789123759385575389,1789123759746909433,0.0,401,0,0.0,False,False,False,False
B0_OFF,BENIGN_DIVERSE_HIGH,8,r08-t002-44d5f14b,1789123759758365399,1789123760083106594,0.0,402,0,0.0,False,False,False,False
B0_OFF,BENIGN_DIVERSE_HIGH,8,r08-t003-17b1c095,1789123760095965299,1789123760447455520,0.0,403,0,0.0,False,False,False,False
B0_OFF,BENIGN_DIVERSE_HIGH,8,r08-t004-6c800926,1789123760458831141,1789123760810264905,0.0,404,0,0.0,False,False,False,False
B0_OFF,BENIGN_DIVERSE_HIGH,8,r08-t005-b597cbf2,1789123760820991932,1789123761148983467,0.0,405,0,0.0,False,False,False,False
B0_OFF,BENIGN_DIVERSE_HIGH,8,r08-t006-56b9e75c,1789123761160726437,1789123761506671487,0.0,406,0,0.0,False,False,False,False
B0_OFF,BENIGN_DIVERSE_HIGH,8,r08-t007-dc803eda,1789123761518253217,1789123761867079377,0.0,406,0,0.0,False,False,False,False
B0_OFF,BENIGN_DIVERSE_HIGH,8,r08-t008-bce94fe2,1789123761878065743,1789123762214248131,0.0,406,0,0.0,False,False,False,False
B0_OFF,BENIGN_DIVERSE_HIGH,8,r08-t009-18177eb3,1789123762225970252,1789123762591467807,0.0,406,0,0.0,False,False,False,False
B0_OFF,BENIGN_DIVERSE_HIGH,8,r08-t010-5aa3939b,1789123762602994684,1789123762936722449,0.0,406,0,0.0,False,False,False,False
B0_OFF,BENIGN_DIVERSE_HIGH,8,r08-t011-acb16ed6,1789123762947532925,1789123763306003005,0.0,406,0,0.0,False,False,False,False
B0_OFF,BENIGN_DIVERSE_HIGH,8,r08-t012-d6f7a4d9,1789123763317758265,1789123763659602928,0.0,406,0,0.0,False,False,False,False
B0_OFF,BENIGN_DIVERSE_HIGH,8,r08-t013-41caf785,1789123763671510192,1789123763999685672,0.0,406,0,0.0,False,False,False,False
B0_OFF,BENIGN_DIVERSE_HIGH,8,r08-t014-d4b18a58,1789123764011092550,1789123764361690826,0.0,406,0,0.0,False,False,False,False
B0_OFF,BENIGN_DIVERSE_HIGH,8,r08-t015-1d621d70,1789123765092860443,1789123765415533203,0.0,282,0,0.0,False,False,False,False
B0_OFF,BENIGN_DIVERSE_HIGH,8,r08-t016-75dc7116,1789123766473442483,1789123766828023254,0.0,53,0,0.0,False,False,False,False
B0_OFF,BENIGN_DIVERSE_HIGH,8,r08-t017-34f38a81,1789123766839341008,1789123767196873386,0.0,121,0,0.0,False,False,False,False
B0_OFF,BENIGN_DIVERSE_HIGH,8,r08-t018-cf6c0322,1789123767209366099,1789123767545436608,0.0,194,0,0.0,False,False,False,False
B0_OFF,BENIGN_DIVERSE_HIGH,8,r08-t019-b1cd8777,1789123767556293818,1789123767901652219,0.0,215,0,0.0,False,False,False,False
B0_OFF,BENIGN_DIVERSE_HIGH,8,r08-t020-6ce6951e,1789123767912115448,1789123768267898180,0.0,287,0,0.0,False,False,False,False
B0_OFF,BENIGN_DIVERSE_HIGH,8,r08-t021-663c2f7c,1789123768279496904,1789123768622570153,0.0,362,0,0.0,False,False,False,False
B0_OFF,BENIGN_DIVERSE_HIGH,8,r08-t022-134baa4f,1789123768634627437,1789123768964346933,0.0,406,0,0.0,False,False,False,False
B0_OFF,BENIGN_DIVERSE_HIGH,8,r08-t023-88887252,1789123768975302049,1789123769305424686,0.0,406,0,0.0,False,False,False,False
B0_OFF,BENIGN_DIVERSE_HIGH,8,r08-t024-e857c19a,1789123769318365291,1789123769656699615,0.0,406,0,0.0,False,False,False,False
B0_OFF,BENIGN_DIVERSE_HIGH,8,r08-t025-015b43b5,1789123769668110458,1789123770016467578,0.0,406,0,0.0,False,False,False,False
B0_OFF,BENIGN_DIVERSE_HIGH,8,r08-t026-d2ff72f1,1789123770027413159,1789123770396220994,0.0,406,0,0.0,False,False,False,False
B0_OFF,BENIGN_DIVERSE_HIGH,8,r08-t027-c1bd286e,1789123770407496546,1789123770751845681,0.0,406,0,0.0,False,False,False,False
B0_OFF,BENIGN_DIVERSE_HIGH,8,r08-t028-b4e04f94,1789123770763878794,1789123771116273440,0.0,406,0,0.0,False,False,False,False
B0_OFF,BENIGN_DIVERSE_HIGH,8,r08-t029-f6a94338,1789123771127421474,1789123771469152517,0.0,406,0,0.0,False,False,False,False
B0_OFF,BENIGN_DIVERSE_HIGH,8,r08-t030-16c44a4d,1789123771480906781,1789123771816509630,0.0,406,0,0.0,False,False,False,False
B0_OFF,BENIGN_DIVERSE_HIGH,8,r08-t031-411469e9,1789123771828165922,1789123772168430326,0.0,406,0,0.0,False,False,False,False
B0_OFF,BENIGN_DIVERSE_HIGH,8,r08-t032-10de2c65,1789123772180617342,1789123772522211150,0.0,406,0,0.0,False,False,False,False
B0_OFF,BENIGN_DIVERSE_HIGH,8,r08-t033-04e54312,1789123772534924077,1789123772868078404,0.0,406,0,0.0,False,False,False,False
B0_OFF,BENIGN_DIVERSE_HIGH,8,r08-t034-431c3110,1789123772880429083,1789123773224354283,0.0,406,0,0.0,False,False,False,False
B0_OFF,BENIGN_DIVERSE_HIGH,8,r08-t035-6c200680,1789123773237162821,1789123773580488301,0.0,406,0,0.0,False,False,False,False
B0_OFF,BENIGN_DIVERSE_HIGH,8,r08-t036-95c4d40a,1789123773592432845,1789123773921409810,0.0,406,0,0.0,False,False,False,False
B0_OFF,BENIGN_DIVERSE_HIGH,8,r08-t037-5bee5b3b,1789123773932772472,1789123774281598773,0.0,406,0,0.0,False,False,False,False
B0_OFF,BENIGN_DIVERSE_HIGH,8,r08-t038-7e07aaeb,1789123774293001928,1789123774646205025,0.0,406,0,0.0,False,False,False,False
B0_OFF,BENIGN_DIVERSE_HIGH,8,r08-t039-bc9053f0,1789123774658208936,1789123775006809564,0.0,406,0,0.0,False,False,False,False
B0_OFF,BENIGN_DIVERSE_HIGH,8,r08-t040-8ee6bea9,1789123775018643017,1789123775372070089,0.0,406,0,0.0,False,False,False,False
B0_OFF,BENIGN_DIVERSE_HIGH,8,r08-t041-226c2929,1789123775383828033,1789123775728424872,0.0,406,0,0.0,False,False,False,False
B0_OFF,BENIGN_DIVERSE_HIGH,8,r08-t042-20c75289,1789123775740058513,1789123776092345515,0.0,406,0,0.0,False,False,False,False
B0_OFF,BENIGN_DIVERSE_HIGH,8,r08-t043-0162230b,1789123776103329318,1789123776443959366,0.0,405,0,0.0,False,False,False,False
B0_OFF,BENIGN_DIVERSE_HIGH,8,r08-t044-8e3b284b,1789123776456706083,1789123776811551754,0.0,406,0,0.0,False,False,False,False
B0_OFF,BENIGN_DIVERSE_HIGH,8,r08-t045-aecc86bb,1789123776822621069,1789123777159468755,0.0,406,0,0.0,False,False,False,False
B0_OFF,BENIGN_DIVERSE_HIGH,8,r08-t046-08f7cebd,1789123777171775640,1789123777489502542,0.0,406,0,0.0,False,False,False,False
B0_OFF,BENIGN_DIVERSE_HIGH,8,r08-t047-cf4637ba,1789123777502629912,1789123777844757370,0.0,406,0,0.0,False,False,False,False
B0_OFF,BENIGN_DIVERSE_HIGH,8,r08-t048-069f6744,1789123777856004789,1789123778201967938,0.0,406,0,0.0,False,False,False,False
B0_OFF,BENIGN_DIVERSE_HIGH,8,r08-t049-d40d0fcf,1789123778213316537,1789123778556602565,0.0,406,0,0.0,False,False,False,False
B5_LOCKED_TC,ATTACK_DIVERSE_MODERATE,9,r09-t000-0d2c26f9,1789123790803105367,1789123790966447313,0.0,24,0,0.0,False,False,False,False
B5_LOCKED_TC,ATTACK_DIVERSE_MODERATE,9,r09-t001-ef1a3695,1789123790978151862,1789123791295279754,0.0,25,0,0.0,False,False,False,False
B5_LOCKED_TC,ATTACK_DIVERSE_MODERATE,9,r09-t002-275dcfdf,1789123791307137750,1789123791634598782,0.0,26,0,0.0,False,False,False,False
B5_LOCKED_TC,ATTACK_DIVERSE_MODERATE,9,r09-t003-bd2b4e97,1789123791645123662,1789123791974849814,0.0,27,0,0.0,False,False,False,False
B5_LOCKED_TC,ATTACK_DIVERSE_MODERATE,9,r09-t004-ec0e07a9,1789123791984415623,1789123792296524732,0.0,28,0,0.0,False,False,False,False
B5_LOCKED_TC,ATTACK_DIVERSE_MODERATE,9,r09-t005-3d7c282d,1789123792307286054,1789123792615699690,0.0,29,0,0.0,False,False,False,False
B5_LOCKED_TC,ATTACK_DIVERSE_MODERATE,9,r09-t006-0cbd9fc7,1789123792625766020,1789123792973504481,0.0,30,0,0.0,False,False,False,False
B5_LOCKED_TC,ATTACK_DIVERSE_MODERATE,9,r09-t007-75bc22c6,1789123792983508751,1789123793330136014,0.0,30,0,0.0,False,False,False,False
B5_LOCKED_TC,ATTACK_DIVERSE_MODERATE,9,r09-t008-8ca4f6b3,1789123793340826132,1789123793664518787,0.0,30,0,0.0,False,False,False,False
B5_LOCKED_TC,ATTACK_DIVERSE_MODERATE,9,r09-t009-08896b4e,1789123793675389042,1789123794009414837,0.0,30,0,0.0,False,False,False,False
B5_LOCKED_TC,ATTACK_DIVERSE_MODERATE,9,r09-t010-827a18cf,1789123794019504745,1789123794328604415,0.0,30,0,0.0,False,False,False,False
B5_LOCKED_TC,ATTACK_DIVERSE_MODERATE,9,r09-t011-d94b772e,1789123794338627265,1789123794668661256,0.0,30,0,0.0,False,False,False,False
B5_LOCKED_TC,ATTACK_DIVERSE_MODERATE,9,r09-t012-d2931e16,1789123794678893482,1789123795016401226,0.0,30,0,0.0,False,False,False,False
B5_LOCKED_TC,ATTACK_DIVERSE_MODERATE,9,r09-t013-faa3615c,1789123795027073045,1789123795360365222,0.0,30,0,0.0,False,False,False,False
B5_LOCKED_TC,ATTACK_DIVERSE_MODERATE,9,r09-t014-33744663,1789123795370688366,1789123795667561586,0.0,30,0,0.0,False,False,False,False
B5_LOCKED_TC,ATTACK_DIVERSE_MODERATE,9,r09-t015-e4075e42,1789123795677598788,1789123796035976720,0.0,30,0,0.0,False,False,False,False
B5_LOCKED_TC,ATTACK_DIVERSE_MODERATE,9,r09-t016-e4bc93ee,1789123796799359581,1789123797148542085,0.0,21,0,0.0,False,False,False,False
B5_LOCKED_TC,ATTACK_DIVERSE_MODERATE,9,r09-t017-80648295,1789123798205168893,1789123798506493505,0.0,5,0,0.0,False,False,False,False
B5_LOCKED_TC,ATTACK_DIVERSE_MODERATE,9,r09-t018-ec0c47ab,1789123798517009983,1789123798850782725,0.0,8,0,0.0,False,False,False,False
B5_LOCKED_TC,ATTACK_DIVERSE_MODERATE,9,r09-t019-77b1c135,1789123798860825875,1789123799195366005,0.0,13,0,0.0,False,False,False,False
B5_LOCKED_TC,ATTACK_DIVERSE_MODERATE,9,r09-t020-5dc4afd0,1789123799205756174,1789123799519998923,0.0,15,0,0.0,False,False,False,False
B5_LOCKED_TC,ATTACK_DIVERSE_MODERATE,9,r09-t021-57958ede,1789123799532032993,1789123799847670897,0.0,19,0,0.0,False,False,False,False
B5_LOCKED_TC,ATTACK_DIVERSE_MODERATE,9,r09-t022-9da590f9,1789123799860449698,1789123800165925600,0.0,24,0,0.0,False,False,False,False
B5_LOCKED_TC,ATTACK_DIVERSE_MODERATE,9,r09-t023-db27b6d2,1789123800176214949,1789123800490832753,0.0,28,0,0.0,False,False,False,False
B5_LOCKED_TC,ATTACK_DIVERSE_MODERATE,9,r09-t024-5285e5bc,1789123800502024010,1789123800834529700,0.0,30,0,0.0,False,False,False,False
B5_LOCKED_TC,ATTACK_DIVERSE_MODERATE,9,r09-t025-1fcdfea6,1789123800844656396,1789123801167161983,0.0,30,0,0.0,False,False,False,False
B5_LOCKED_TC,ATTACK_DIVERSE_MODERATE,9,r09-t026-595828cb,1789123801177086283,1789123801517258008,0.0,31,0,0.0,False,False,False,False
B5_LOCKED_TC,ATTACK_DIVERSE_MODERATE,9,r09-t027-e104120c,1789123801527449933,1789123801842169597,0.0,30,0,0.0,False,False,False,False
B5_LOCKED_TC,ATTACK_DIVERSE_MODERATE,9,r09-t028-fce0b692,1789123801853238604,1789123802154750885,0.0,30,0,0.0,False,False,False,False
B5_LOCKED_TC,ATTACK_DIVERSE_MODERATE,9,r09-t029-c94e7d0e,1789123802165445498,1789123802475065139,0.0,30,0,0.0,False,False,False,False
B5_LOCKED_TC,ATTACK_DIVERSE_MODERATE,9,r09-t030-420e7438,1789123802485307759,1789123802818869232,0.0,30,0,0.0,False,False,False,False
B5_LOCKED_TC,ATTACK_DIVERSE_MODERATE,9,r09-t031-069d4b69,1789123802828981483,1789123803199042029,0.0,30,0,0.0,False,False,False,False
B5_LOCKED_TC,ATTACK_DIVERSE_MODERATE,9,r09-t032-ccd6c8c3,1789123803210081961,1789123803548629703,0.0,30,0,0.0,False,False,False,False
B5_LOCKED_TC,ATTACK_DIVERSE_MODERATE,9,r09-t033-3ebe8c2f,1789123803558334614,1789123803857757515,0.0,30,0,0.0,False,False,False,False
B5_LOCKED_TC,ATTACK_DIVERSE_MODERATE,9,r09-t034-6e2ecc0a,1789123803867968132,1789123804215590185,0.0,30,0,0.0,False,False,False,False
B5_LOCKED_TC,ATTACK_DIVERSE_MODERATE,9,r09-t035-f4e12878,1789123804226800227,1789123804519508846,0.0,30,0,0.0,False,False,False,False
B5_LOCKED_TC,ATTACK_DIVERSE_MODERATE,9,r09-t036-13ddb02a,1789123804529562380,1789123804874915042,0.0,30,0,0.0,False,False,False,False
B5_LOCKED_TC,ATTACK_DIVERSE_MODERATE,9,r09-t037-5fc016eb,1789123804885322112,1789123805218522193,0.0,30,0,0.0,False,False,False,False
B5_LOCKED_TC,ATTACK_DIVERSE_MODERATE,9,r09-t038-e5a7cb74,1789123805229646100,1789123805562287909,0.0,30,0,0.0,False,False,False,False
B5_LOCKED_TC,ATTACK_DIVERSE_MODERATE,9,r09-t039-caebfa19,1789123805572400921,1789123805894952035,0.0,30,0,0.0,False,False,False,False
B5_LOCKED_TC,ATTACK_DIVERSE_MODERATE,9,r09-t040-497831ac,1789123805905642713,1789123806229960542,0.0,30,0,0.0,False,False,False,False
B5_LOCKED_TC,ATTACK_DIVERSE_MODERATE,9,r09-t041-8551b9da,1789123806239999450,1789123806570695736,0.0,30,0,0.0,False,False,False,False
B5_LOCKED_TC,ATTACK_DIVERSE_MODERATE,9,r09-t042-7ac3d49f,1789123806581352611,1789123806906540662,0.0,30,0,0.0,False,False,False,False
B5_LOCKED_TC,ATTACK_DIVERSE_MODERATE,9,r09-t043-b154b3ca,1789123806917042645,1789123807263576838,0.0,30,0,0.0,False,False,False,False
B5_LOCKED_TC,ATTACK_DIVERSE_MODERATE,9,r09-t044-418943d9,1789123807275338958,1789123807586904486,0.0,30,0,0.0,False,False,False,False
B5_LOCKED_TC,ATTACK_DIVERSE_MODERATE,9,r09-t045-c7c65bf8,1789123807598312943,1789123807910692479,0.0,30,0,0.0,False,False,False,False
B5_LOCKED_TC,ATTACK_DIVERSE_MODERATE,9,r09-t046-8bfc794f,1789123807920969516,1789123808243665730,0.0,30,0,0.0,False,False,False,False
B5_LOCKED_TC,ATTACK_DIVERSE_MODERATE,9,r09-t047-6849f99a,1789123808253299187,1789123808595069099,0.0,30,0,0.0,False,False,False,False
B5_LOCKED_TC,ATTACK_DIVERSE_MODERATE,9,r09-t048-8845da26,1789123808605800642,1789123808921813322,0.0,30,0,0.0,False,False,False,False
B5_LOCKED_TC,ATTACK_DIVERSE_MODERATE,9,r09-t049-5b7a51d2,1789123808932421048,1789123809291053416,0.0,30,0,0.0,False,False,False,False
RFC_DROP_NATIVE,BENIGN_DIVERSE_MODERATE,9,r09-t000-0d2c26f9,1789123819697163902,1789123821719841847,0.0,24,0,0.0,False,False,False,False
RFC_DROP_NATIVE,BENIGN_DIVERSE_MODERATE,9,r09-t001-ef1a3695,1789123819704115165,1789123821725981245,0.0,24,0,0.0,False,False,False,False
RFC_DROP_NATIVE,BENIGN_DIVERSE_MODERATE,9,r09-t002-275dcfdf,1789123819712234767,1789123821732681251,0.0,24,0,0.0,False,False,False,False
RFC_DROP_NATIVE,BENIGN_DIVERSE_MODERATE,9,r09-t003-bd2b4e97,1789123819722082148,1789123821732391940,0.0,24,0,0.0,False,False,False,False
RFC_DROP_NATIVE,BENIGN_DIVERSE_MODERATE,9,r09-t004-ec0e07a9,1789123819732405946,1789123821740985345,0.0,24,0,0.0,False,False,False,False
RFC_DROP_NATIVE,BENIGN_DIVERSE_MODERATE,9,r09-t005-3d7c282d,1789123819742289431,1789123821752640148,0.0,24,0,0.0,False,False,False,False
RFC_DROP_NATIVE,BENIGN_DIVERSE_MODERATE,9,r09-t006-0cbd9fc7,1789123819752536507,1789123821771149092,0.0,24,0,0.0,False,False,False,False
RFC_DROP_NATIVE,BENIGN_DIVERSE_MODERATE,9,r09-t007-75bc22c6,1789123819762363484,1789123821771326434,0.0,24,0,0.0,False,False,False,False
RFC_DROP_NATIVE,BENIGN_DIVERSE_MODERATE,9,r09-t008-8ca4f6b3,1789123819772416493,1789123821781082932,0.0,24,0,0.0,False,False,False,False
RFC_DROP_NATIVE,BENIGN_DIVERSE_MODERATE,9,r09-t009-08896b4e,1789123819782019789,1789123821792280044,0.0,24,0,0.0,False,False,False,False
RFC_DROP_NATIVE,BENIGN_DIVERSE_MODERATE,9,r09-t010-827a18cf,1789123819792499196,1789123821800873355,0.0,24,0,0.0,False,False,False,False
RFC_DROP_NATIVE,BENIGN_DIVERSE_MODERATE,9,r09-t011-d94b772e,1789123819802384750,1789123821822974306,0.0,24,0,0.0,False,False,False,False
RFC_DROP_NATIVE,BENIGN_DIVERSE_MODERATE,9,r09-t012-d2931e16,1789123819812589797,1789123821833143312,0.0,24,0,0.0,False,False,False,False
RFC_DROP_NATIVE,BENIGN_DIVERSE_MODERATE,9,r09-t013-faa3615c,1789123819822224308,1789123821842137998,0.0,24,0,0.0,False,False,False,False
RFC_DROP_NATIVE,BENIGN_DIVERSE_MODERATE,9,r09-t014-33744663,1789123819832568979,1789123821841211296,0.0,24,0,0.0,False,False,False,False
RFC_DROP_NATIVE,BENIGN_DIVERSE_MODERATE,9,r09-t015-e4075e42,1789123819842236869,1789123821851643105,0.0,24,0,0.0,False,False,False,False
RFC_DROP_NATIVE,BENIGN_DIVERSE_MODERATE,9,r09-t016-e4bc93ee,1789123819852522870,1789123821863098307,0.0,24,0,0.0,False,False,False,False
RFC_DROP_NATIVE,BENIGN_DIVERSE_MODERATE,9,r09-t017-80648295,1789123819862293151,1789123821872703971,0.0,24,0,0.0,False,False,False,False
RFC_DROP_NATIVE,BENIGN_DIVERSE_MODERATE,9,r09-t018-ec0c47ab,1789123819872188483,1789123821880912225,0.0,24,0,0.0,False,False,False,False
RFC_DROP_NATIVE,BENIGN_DIVERSE_MODERATE,9,r09-t019-77b1c135,1789123819882261897,1789123821892168859,0.0,24,0,0.0,False,False,False,False
RFC_DROP_NATIVE,BENIGN_DIVERSE_MODERATE,9,r09-t020-5dc4afd0,1789123819892414009,1789123821910958531,0.0,24,0,0.0,False,False,False,False
RFC_DROP_NATIVE,BENIGN_DIVERSE_MODERATE,9,r09-t021-57958ede,1789123819902290725,1789123821912172658,0.0,24,0,0.0,False,False,False,False
RFC_DROP_NATIVE,BENIGN_DIVERSE_MODERATE,9,r09-t022-9da590f9,1789123819912619975,1789123821922891326,0.0,24,0,0.0,False,False,False,False
RFC_DROP_NATIVE,BENIGN_DIVERSE_MODERATE,9,r09-t023-db27b6d2,1789123819922285420,1789123821932289652,0.0,24,0,0.0,False,False,False,False
RFC_DROP_NATIVE,BENIGN_DIVERSE_MODERATE,9,r09-t024-5285e5bc,1789123819932549890,1789123821943542136,0.0,24,0,0.0,False,False,False,False
RFC_DROP_NATIVE,BENIGN_DIVERSE_MODERATE,9,r09-t025-1fcdfea6,1789123819943428522,1789123821952882260,0.0,24,0,0.0,False,False,False,False
RFC_DROP_NATIVE,BENIGN_DIVERSE_MODERATE,9,r09-t026-595828cb,1789123819953355728,1789123821964637149,0.0,24,0,0.0,False,False,False,False
RFC_DROP_NATIVE,BENIGN_DIVERSE_MODERATE,9,r09-t027-e104120c,1789123819963035747,1789123821972939639,0.0,24,0,0.0,False,False,False,False
RFC_DROP_NATIVE,BENIGN_DIVERSE_MODERATE,9,r09-t028-fce0b692,1789123819972813268,1789123822016699037,0.0,24,0,0.0,False,False,False,False
RFC_DROP_NATIVE,BENIGN_DIVERSE_MODERATE,9,r09-t029-c94e7d0e,1789123819998350096,1789123822020978713,0.0,24,0,0.0,False,False,False,False
RFC_DROP_NATIVE,BENIGN_DIVERSE_MODERATE,9,r09-t030-420e7438,1789123820001188858,1789123822022690338,0.0,24,0,0.0,False,False,False,False
RFC_DROP_NATIVE,BENIGN_DIVERSE_MODERATE,9,r09-t031-069d4b69,1789123820003118882,1789123822023545160,0.0,24,0,0.0,False,False,False,False
RFC_DROP_NATIVE,BENIGN_DIVERSE_MODERATE,9,r09-t032-ccd6c8c3,1789123820012765898,1789123822025150192,0.0,24,0,0.0,False,False,False,False
RFC_DROP_NATIVE,BENIGN_DIVERSE_MODERATE,9,r09-t033-3ebe8c2f,1789123820022459738,1789123822033104792,0.0,24,0,0.0,False,False,False,False
RFC_DROP_NATIVE,BENIGN_DIVERSE_MODERATE,9,r09-t034-6e2ecc0a,1789123820032715463,1789123822044571406,0.0,24,0,0.0,False,False,False,False
RFC_DROP_NATIVE,BENIGN_DIVERSE_MODERATE,9,r09-t035-f4e12878,1789123820042282935,1789123822053369036,0.0,24,0,0.0,False,False,False,False
RFC_DROP_NATIVE,BENIGN_DIVERSE_MODERATE,9,r09-t036-13ddb02a,1789123820052681765,1789123822063867820,0.0,24,0,0.0,False,False,False,False
RFC_DROP_NATIVE,BENIGN_DIVERSE_MODERATE,9,r09-t037-5fc016eb,1789123820062453738,1789123822073687049,0.0,24,0,0.0,False,False,False,False
RFC_DROP_NATIVE,BENIGN_DIVERSE_MODERATE,9,r09-t038-e5a7cb74,1789123820072575949,1789123822081567976,0.0,24,0,0.0,False,False,False,False
RFC_DROP_NATIVE,BENIGN_DIVERSE_MODERATE,9,r09-t039-caebfa19,1789123820082404901,1789123822092840364,0.0,24,0,0.0,False,False,False,False
RFC_DROP_NATIVE,BENIGN_DIVERSE_MODERATE,9,r09-t040-497831ac,1789123820092593024,1789123822103360184,0.0,25,0,0.0,False,False,False,False
RFC_DROP_NATIVE,BENIGN_DIVERSE_MODERATE,9,r09-t041-8551b9da,1789123820102507160,1789123822113791333,0.0,25,0,0.0,False,False,False,False
RFC_DROP_NATIVE,BENIGN_DIVERSE_MODERATE,9,r09-t042-7ac3d49f,1789123820112501500,1789123822122992320,0.0,25,0,0.0,False,False,False,False
RFC_DROP_NATIVE,BENIGN_DIVERSE_MODERATE,9,r09-t043-b154b3ca,1789123820122414792,1789123822133514876,0.0,25,0,0.0,False,False,False,False
RFC_DROP_NATIVE,BENIGN_DIVERSE_MODERATE,9,r09-t044-418943d9,1789123820132831203,1789123822143469279,0.0,25,0,0.0,False,False,False,False
RFC_DROP_NATIVE,BENIGN_DIVERSE_MODERATE,9,r09-t045-c7c65bf8,1789123820142467218,1789123822152942032,0.0,25,0,0.0,False,False,False,False
RFC_DROP_NATIVE,BENIGN_DIVERSE_MODERATE,9,r09-t046-8bfc794f,1789123820152560564,1789123822163900489,0.0,25,0,0.0,False,False,False,False
RFC_DROP_NATIVE,BENIGN_DIVERSE_MODERATE,9,r09-t047-6849f99a,1789123820162667826,1789123822173866872,0.0,25,0,0.0,False,False,False,False
RFC_DROP_NATIVE,BENIGN_DIVERSE_MODERATE,9,r09-t048-8845da26,1789123820172609231,1789123822184144829,0.0,25,0,0.0,False,False,False,False
RFC_DROP_NATIVE,BENIGN_DIVERSE_MODERATE,9,r09-t049-5b7a51d2,1789123820182835243,1789123822194132531,0.0,25,0,0.0,False,False,False,False
RFC_DROP_NATIVE,ATTACK_DIVERSE_HIGH,9,r09-t000-eb6b6cc8,1789123854234490723,1789123856245907636,0.0,400,0,0.0,False,False,False,False
RFC_DROP_NATIVE,ATTACK_DIVERSE_HIGH,9,r09-t001-f1ed46ed,1789123854242391210,1789123856253899939,0.0,400,0,0.0,False,False,False,False
RFC_DROP_NATIVE,ATTACK_DIVERSE_HIGH,9,r09-t002-eacad27d,1789123854251536956,1789123856260480149,0.0,400,0,0.0,False,False,False,False
RFC_DROP_NATIVE,ATTACK_DIVERSE_HIGH,9,r09-t003-a6b20705,1789123854261492803,1789123856270793706,0.0,400,0,0.0,False,False,False,False
RFC_DROP_NATIVE,ATTACK_DIVERSE_HIGH,9,r09-t004-5d417a2d,1789123854271259201,1789123856282310439,0.0,400,0,0.0,False,False,False,False
RFC_DROP_NATIVE,ATTACK_DIVERSE_HIGH,9,r09-t005-abf72287,1789123854281313726,1789123856303367860,0.0,400,0,0.0,False,False,False,False
RFC_DROP_NATIVE,ATTACK_DIVERSE_HIGH,9,r09-t006-1570c97a,1789123854291377187,1789123856303200309,0.0,400,0,0.0,False,False,False,False
RFC_DROP_NATIVE,ATTACK_DIVERSE_HIGH,9,r09-t007-71987bd7,1789123854301975418,1789123856312817312,0.0,400,0,0.0,False,False,False,False
RFC_DROP_NATIVE,ATTACK_DIVERSE_HIGH,9,r09-t008-0779cd6b,1789123854311329990,1789123856321921082,0.0,400,0,0.0,False,False,False,False
RFC_DROP_NATIVE,ATTACK_DIVERSE_HIGH,9,r09-t009-a0ed5984,1789123854321439825,1789123856333410330,0.0,400,0,0.0,False,False,False,False
RFC_DROP_NATIVE,ATTACK_DIVERSE_HIGH,9,r09-t010-a6e980ad,1789123854331318822,1789123856341639227,0.0,400,0,0.0,False,False,False,False
RFC_DROP_NATIVE,ATTACK_DIVERSE_HIGH,9,r09-t011-97dfd979,1789123854341547745,1789123856363969621,0.0,400,0,0.0,False,False,False,False
RFC_DROP_NATIVE,ATTACK_DIVERSE_HIGH,9,r09-t012-90f43c59,1789123854351561256,1789123856371945491,0.0,400,0,0.0,False,False,False,False
RFC_DROP_NATIVE,ATTACK_DIVERSE_HIGH,9,r09-t013-c4792c90,1789123854361741547,1789123856383718368,0.0,400,0,0.0,False,False,False,False
RFC_DROP_NATIVE,ATTACK_DIVERSE_HIGH,9,r09-t014-eb622b37,1789123854371295451,1789123856383927667,0.0,400,0,0.0,False,False,False,False
RFC_DROP_NATIVE,ATTACK_DIVERSE_HIGH,9,r09-t015-9c3cfc2d,1789123854382243045,1789123856393108411,0.0,400,0,0.0,False,False,False,False
RFC_DROP_NATIVE,ATTACK_DIVERSE_HIGH,9,r09-t016-3dbe7f41,1789123854391267818,1789123856401691489,0.0,400,0,0.0,False,False,False,False
RFC_DROP_NATIVE,ATTACK_DIVERSE_HIGH,9,r09-t017-80233e2c,1789123854401732662,1789123856411562367,0.0,400,0,0.0,False,False,False,False
RFC_DROP_NATIVE,ATTACK_DIVERSE_HIGH,9,r09-t018-942bf001,1789123854411663396,1789123856421523350,0.0,400,0,0.0,False,False,False,False
RFC_DROP_NATIVE,ATTACK_DIVERSE_HIGH,9,r09-t019-220eaae4,1789123854421777935,1789123856432998148,0.0,401,0,0.0,False,False,False,False
RFC_DROP_NATIVE,ATTACK_DIVERSE_HIGH,9,r09-t020-064c8d3b,1789123854431543674,1789123856441938051,0.0,401,0,0.0,False,False,False,False
RFC_DROP_NATIVE,ATTACK_DIVERSE_HIGH,9,r09-t021-55773956,1789123854441403009,1789123856452917847,0.0,401,0,0.0,False,False,False,False
RFC_DROP_NATIVE,ATTACK_DIVERSE_HIGH,9,r09-t022-e274834c,1789123854451515666,1789123856461962587,0.0,401,0,0.0,False,False,False,False
RFC_DROP_NATIVE,ATTACK_DIVERSE_HIGH,9,r09-t023-9c5d5aa1,1789123854461373591,1789123856472686049,0.0,401,0,0.0,False,False,False,False
RFC_DROP_NATIVE,ATTACK_DIVERSE_HIGH,9,r09-t024-fb5a9d22,1789123854471667891,1789123856481885023,0.0,401,0,0.0,False,False,False,False
RFC_DROP_NATIVE,ATTACK_DIVERSE_HIGH,9,r09-t025-54d4983a,1789123854481156603,1789123856492001467,0.0,401,0,0.0,False,False,False,False
RFC_DROP_NATIVE,ATTACK_DIVERSE_HIGH,9,r09-t026-f68377c0,1789123854491636593,1789123856501762503,0.0,401,0,0.0,False,False,False,False
RFC_DROP_NATIVE,ATTACK_DIVERSE_HIGH,9,r09-t027-727a29d3,1789123854501521233,1789123856513458500,0.0,401,0,0.0,False,False,False,False
RFC_DROP_NATIVE,ATTACK_DIVERSE_HIGH,9,r09-t028-fbfa3610,1789123854511538978,1789123856548911626,0.0,401,0,0.0,False,False,False,False
RFC_DROP_NATIVE,ATTACK_DIVERSE_HIGH,9,r09-t029-5bbec6ab,1789123854538175513,1789123856549423251,0.0,401,0,0.0,False,False,False,False
RFC_DROP_NATIVE,ATTACK_DIVERSE_HIGH,9,r09-t030-7ab9f1d5,1789123854539859404,1789123856550854615,0.0,401,0,0.0,False,False,False,False
RFC_DROP_NATIVE,ATTACK_DIVERSE_HIGH,9,r09-t031-c69a66ca,1789123854541833773,1789123856553743408,0.0,401,0,0.0,False,False,False,False
RFC_DROP_NATIVE,ATTACK_DIVERSE_HIGH,9,r09-t032-1c19e120,1789123854552233147,1789123856565357990,0.0,401,0,0.0,False,False,False,False
RFC_DROP_NATIVE,ATTACK_DIVERSE_HIGH,9,r09-t033-b6772c52,1789123854561528458,1789123856572595935,0.0,401,0,0.0,False,False,False,False
RFC_DROP_NATIVE,ATTACK_DIVERSE_HIGH,9,r09-t034-9aba920c,1789123854571777795,1789123856584667742,0.0,401,0,0.0,False,False,False,False
RFC_DROP_NATIVE,ATTACK_DIVERSE_HIGH,9,r09-t035-9cffd99c,1789123854581561405,1789123856593383329,0.0,401,0,0.0,False,False,False,False
RFC_DROP_NATIVE,ATTACK_DIVERSE_HIGH,9,r09-t036-6fe31ea0,1789123854591810085,1789123856603747323,0.0,401,0,0.0,False,False,False,False
RFC_DROP_NATIVE,ATTACK_DIVERSE_HIGH,9,r09-t037-2174731a,1789123854601922366,1789123856613447438,0.0,401,0,0.0,False,False,False,False
RFC_DROP_NATIVE,ATTACK_DIVERSE_HIGH,9,r09-t038-2cf63adc,1789123854611997115,1789123856624042169,0.0,401,0,0.0,False,False,False,False
RFC_DROP_NATIVE,ATTACK_DIVERSE_HIGH,9,r09-t039-4c8b0275,1789123854621598706,1789123856633374126,0.0,401,0,0.0,False,False,False,False
RFC_DROP_NATIVE,ATTACK_DIVERSE_HIGH,9,r09-t040-1350cac6,1789123854631278186,1789123856641889767,0.0,401,0,0.0,False,False,False,False
RFC_DROP_NATIVE,ATTACK_DIVERSE_HIGH,9,r09-t041-b34c70c0,1789123854641470331,1789123856653154419,0.0,401,0,0.0,False,False,False,False
RFC_DROP_NATIVE,ATTACK_DIVERSE_HIGH,9,r09-t042-ebdf1a90,1789123854651809409,1789123856661889840,0.0,401,0,0.0,False,False,False,False
RFC_DROP_NATIVE,ATTACK_DIVERSE_HIGH,9,r09-t043-8c0ff662,1789123854661152505,1789123856673032276,0.0,401,0,0.0,False,False,False,False
RFC_DROP_NATIVE,ATTACK_DIVERSE_HIGH,9,r09-t044-439e9c3a,1789123854671293570,1789123856681568412,0.0,401,0,0.0,False,False,False,False
RFC_DROP_NATIVE,ATTACK_DIVERSE_HIGH,9,r09-t045-a600cb46,1789123854681589094,1789123856693052183,0.0,401,0,0.0,False,False,False,False
RFC_DROP_NATIVE,ATTACK_DIVERSE_HIGH,9,r09-t046-7c2ab1db,1789123854691204703,1789123856702178904,0.0,401,0,0.0,False,False,False,False
RFC_DROP_NATIVE,ATTACK_DIVERSE_HIGH,9,r09-t047-23e213ce,1789123854701539922,1789123856713574650,0.0,401,0,0.0,False,False,False,False
RFC_DROP_NATIVE,ATTACK_DIVERSE_HIGH,9,r09-t048-4f3f4dbe,1789123854711418729,1789123856723192218,0.0,401,0,0.0,False,False,False,False
RFC_DROP_NATIVE,ATTACK_DIVERSE_HIGH,9,r09-t049-6ec1d77d,1789123854721439297,1789123856742660077,0.0,401,0,0.0,False,False,False,False
B1_RL2_TC,BENIGN_DIVERSE_MODERATE,9,r09-t000-0d2c26f9,1789123889714320777,1789123890862167913,0.0,24,0,0.0,False,False,False,False
B1_RL2_TC,BENIGN_DIVERSE_MODERATE,9,r09-t001-ef1a3695,1789123890872458268,1789123891266305870,0.0,27,0,0.0,False,False,False,False
B1_RL2_TC,BENIGN_DIVERSE_MODERATE,9,r09-t002-275dcfdf,1789123891277563334,1789123891649700044,0.0,28,0,0.0,False,False,False,False
B1_RL2_TC,BENIGN_DIVERSE_MODERATE,9,r09-t003-bd2b4e97,1789123893465242018,1789123895486130353,0.0,8,0,0.0,False,False,False,False
B1_RL2_TC,BENIGN_DIVERSE_MODERATE,9,r09-t004-ec0e07a9,1789123895496871139,1789123895864830348,0.0,20,0,0.0,False,False,False,False
B1_RL2_TC,BENIGN_DIVERSE_MODERATE,9,r09-t005-3d7c282d,1789123895874567125,1789123896270970281,0.0,25,0,0.0,False,False,False,False
B1_RL2_TC,BENIGN_DIVERSE_MODERATE,9,r09-t006-0cbd9fc7,1789123896281251955,1789123896636176041,0.0,26,0,0.0,False,False,False,False
B1_RL2_TC,BENIGN_DIVERSE_MODERATE,9,r09-t007-75bc22c6,1789123896646776590,1789123897012418908,0.0,27,0,0.0,False,False,False,False
B1_RL2_TC,BENIGN_DIVERSE_MODERATE,9,r09-t008-8ca4f6b3,1789123897022322438,1789123897406550282,0.0,28,0,0.0,False,False,False,False
B1_RL2_TC,BENIGN_DIVERSE_MODERATE,9,r09-t009-08896b4e,1789123897416646139,1789123897778806938,0.0,29,0,0.0,False,False,False,False
B1_RL2_TC,BENIGN_DIVERSE_MODERATE,9,r09-t010-827a18cf,1789123897791439192,1789123898142942913,0.0,30,0,0.0,False,False,False,False
B1_RL2_TC,BENIGN_DIVERSE_MODERATE,9,r09-t011-d94b772e,1789123898152898063,1789123898528370004,0.0,30,0,0.0,False,False,False,False
B1_RL2_TC,BENIGN_DIVERSE_MODERATE,9,r09-t012-d2931e16,1789123898538713528,1789123898917701612,0.0,30,0,0.0,False,False,False,False
B1_RL2_TC,BENIGN_DIVERSE_MODERATE,9,r09-t013-faa3615c,1789123898927892768,1789123899282725174,0.0,30,0,0.0,False,False,False,False
B1_RL2_TC,BENIGN_DIVERSE_MODERATE,9,r09-t014-33744663,1789123899295866528,1789123899687100245,0.0,30,0,0.0,False,False,False,False
B1_RL2_TC,BENIGN_DIVERSE_MODERATE,9,r09-t015-e4075e42,1789123899697362631,1789123900064832583,0.0,30,0,0.0,False,False,False,False
B1_RL2_TC,BENIGN_DIVERSE_MODERATE,9,r09-t016-e4bc93ee,1789123900075761714,1789123900439777377,0.0,30,0,0.0,False,False,False,False
B1_RL2_TC,BENIGN_DIVERSE_MODERATE,9,r09-t017-80648295,1789123900450036556,1789123900806852491,0.0,30,0,0.0,False,False,False,False
B1_RL2_TC,BENIGN_DIVERSE_MODERATE,9,r09-t018-ec0c47ab,1789123900817003739,1789123901203015408,0.0,30,0,0.0,False,False,False,False
B1_RL2_TC,BENIGN_DIVERSE_MODERATE,9,r09-t019-77b1c135,1789123901213595553,1789123901571497221,0.0,30,0,0.0,False,False,False,False
B1_RL2_TC,BENIGN_DIVERSE_MODERATE,9,r09-t020-5dc4afd0,1789123901581502797,1789123901949073416,0.0,30,0,0.0,False,False,False,False
B1_RL2_TC,BENIGN_DIVERSE_MODERATE,9,r09-t021-57958ede,1789123901959086542,1789123902369925349,0.0,30,0,0.0,False,False,False,False
B1_RL2_TC,BENIGN_DIVERSE_MODERATE,9,r09-t022-9da590f9,1789123902380130374,1789123902763155898,0.0,30,0,0.0,False,False,False,False
B1_RL2_TC,BENIGN_DIVERSE_MODERATE,9,r09-t023-db27b6d2,1789123902773879353,1789123903146708533,0.0,29,0,0.0,False,False,False,False
B1_RL2_TC,BENIGN_DIVERSE_MODERATE,9,r09-t024-5285e5bc,1789123903156849403,1789123903530468636,0.0,30,0,0.0,False,False,False,False
B1_RL2_TC,BENIGN_DIVERSE_MODERATE,9,r09-t025-1fcdfea6,1789123903540711965,1789123903918268255,0.0,29,0,0.0,False,False,False,False
B1_RL2_TC,BENIGN_DIVERSE_MODERATE,9,r09-t026-595828cb,1789123903928250435,1789123904308136692,0.0,29,0,0.0,False,False,False,False
B1_RL2_TC,BENIGN_DIVERSE_MODERATE,9,r09-t027-e104120c,1789123904318061509,1789123904742997300,0.0,29,0,0.0,False,False,False,False
B1_RL2_TC,BENIGN_DIVERSE_MODERATE,9,r09-t028-fce0b692,1789123904752917777,1789123905115740719,0.0,29,0,0.0,False,False,False,False
B1_RL2_TC,BENIGN_DIVERSE_MODERATE,9,r09-t029-c94e7d0e,1789123905126276238,1789123905498975598,0.0,29,0,0.0,False,False,False,False
B1_RL2_TC,BENIGN_DIVERSE_MODERATE,9,r09-t030-420e7438,1789123905509556685,1789123905906275865,0.0,29,0,0.0,False,False,False,False
B1_RL2_TC,BENIGN_DIVERSE_MODERATE,9,r09-t031-069d4b69,1789123905916331445,1789123906328145695,0.0,29,0,0.0,False,False,False,False
B1_RL2_TC,BENIGN_DIVERSE_MODERATE,9,r09-t032-ccd6c8c3,1789123906339337201,1789123906694455172,0.0,29,0,0.0,False,False,False,False
B1_RL2_TC,BENIGN_DIVERSE_MODERATE,9,r09-t033-3ebe8c2f,1789123906705327231,1789123907082657188,0.0,29,0,0.0,False,False,False,False
B1_RL2_TC,BENIGN_DIVERSE_MODERATE,9,r09-t034-6e2ecc0a,1789123907094051715,1789123907429861198,0.0,29,0,0.0,False,False,False,False
B1_RL2_TC,BENIGN_DIVERSE_MODERATE,9,r09-t035-f4e12878,1789123907439826544,1789123907831866843,0.0,30,0,0.0,False,False,False,False
B1_RL2_TC,BENIGN_DIVERSE_MODERATE,9,r09-t036-13ddb02a,1789123907842034489,1789123908234625712,0.0,29,0,0.0,False,False,False,False
B1_RL2_TC,BENIGN_DIVERSE_MODERATE,9,r09-t037-5fc016eb,1789123908250042824,1789123908612162583,0.0,30,0,0.0,False,False,False,False
B1_RL2_TC,BENIGN_DIVERSE_MODERATE,9,r09-t038-e5a7cb74,1789123908622997612,1789123909006386321,0.0,30,0,0.0,False,False,False,False
B1_RL2_TC,BENIGN_DIVERSE_MODERATE,9,r09-t039-caebfa19,1789123909016799888,1789123909391858119,0.0,30,0,0.0,False,False,False,False
B1_RL2_TC,BENIGN_DIVERSE_MODERATE,9,r09-t040-497831ac,1789123909403227395,1789123909798828584,0.0,29,0,0.0,False,False,False,False
B1_RL2_TC,BENIGN_DIVERSE_MODERATE,9,r09-t041-8551b9da,1789123909809510783,1789123910209361070,0.0,29,0,0.0,False,False,False,False
B1_RL2_TC,BENIGN_DIVERSE_MODERATE,9,r09-t042-7ac3d49f,1789123910219433549,1789123910587158940,0.0,29,0,0.0,False,False,False,False
B1_RL2_TC,BENIGN_DIVERSE_MODERATE,9,r09-t043-b154b3ca,1789123910597134745,1789123910972686518,0.0,29,0,0.0,False,False,False,False
B1_RL2_TC,BENIGN_DIVERSE_MODERATE,9,r09-t044-418943d9,1789123910982581293,1789123911337373865,0.0,29,0,0.0,False,False,False,False
B1_RL2_TC,BENIGN_DIVERSE_MODERATE,9,r09-t045-c7c65bf8,1789123911347428535,1789123911750813894,0.0,29,0,0.0,False,False,False,False
B1_RL2_TC,BENIGN_DIVERSE_MODERATE,9,r09-t046-8bfc794f,1789123911762046923,1789123912158366848,0.0,29,0,0.0,False,False,False,False
B1_RL2_TC,BENIGN_DIVERSE_MODERATE,9,r09-t047-6849f99a,1789123912168334363,1789123912567919505,0.0,29,0,0.0,False,False,False,False
B1_RL2_TC,BENIGN_DIVERSE_MODERATE,9,r09-t048-8845da26,1789123912579436523,1789123912954912258,0.0,29,0,0.0,False,False,False,False
B1_RL2_TC,BENIGN_DIVERSE_MODERATE,9,r09-t049-5b7a51d2,1789123912965207858,1789123913354033444,0.0,29,0,0.0,False,False,False,False
B5_LOCKED_TC,ATTACK_DIVERSE_HIGH,9,r09-t000-eb6b6cc8,1789123927195316955,1789123927478693823,0.0,314,0,0.0,False,False,False,False
B5_LOCKED_TC,ATTACK_DIVERSE_HIGH,9,r09-t001-f1ed46ed,1789123927489910073,1789123927754930005,0.0,374,0,0.0,False,False,False,False
B5_LOCKED_TC,ATTACK_DIVERSE_HIGH,9,r09-t002-eacad27d,1789123927765469921,1789123928100997579,0.0,402,0,0.0,False,False,False,False
B5_LOCKED_TC,ATTACK_DIVERSE_HIGH,9,r09-t003-a6b20705,1789123928112284824,1789123928464125688,0.0,403,0,0.0,False,False,False,False
B5_LOCKED_TC,ATTACK_DIVERSE_HIGH,9,r09-t004-5d417a2d,1789123928474989798,1789123928818686048,0.0,404,0,0.0,False,False,False,False
B5_LOCKED_TC,ATTACK_DIVERSE_HIGH,9,r09-t005-abf72287,1789123928829793730,1789123929141054837,0.0,405,0,0.0,False,False,False,False
B5_LOCKED_TC,ATTACK_DIVERSE_HIGH,9,r09-t006-1570c97a,1789123929152593866,1789123929519700582,0.0,406,0,0.0,False,False,False,False
B5_LOCKED_TC,ATTACK_DIVERSE_HIGH,9,r09-t007-71987bd7,1789123929530357468,1789123929836689946,0.0,406,0,0.0,False,False,False,False
B5_LOCKED_TC,ATTACK_DIVERSE_HIGH,9,r09-t008-0779cd6b,1789123929848021657,1789123930225787714,0.0,406,0,0.0,False,False,False,False
B5_LOCKED_TC,ATTACK_DIVERSE_HIGH,9,r09-t009-a0ed5984,1789123930236438558,1789123930595465424,0.0,406,0,0.0,False,False,False,False
B5_LOCKED_TC,ATTACK_DIVERSE_HIGH,9,r09-t010-a6e980ad,1789123930606692436,1789123930915148608,0.0,406,0,0.0,False,False,False,False
B5_LOCKED_TC,ATTACK_DIVERSE_HIGH,9,r09-t011-97dfd979,1789123930926559430,1789123931246286702,0.0,406,0,0.0,False,False,False,False
B5_LOCKED_TC,ATTACK_DIVERSE_HIGH,9,r09-t012-90f43c59,1789123931258979105,1789123931584571526,0.0,406,0,0.0,False,False,False,False
B5_LOCKED_TC,ATTACK_DIVERSE_HIGH,9,r09-t013-c4792c90,1789123931595515977,1789123931929559647,0.0,406,0,0.0,False,False,False,False
B5_LOCKED_TC,ATTACK_DIVERSE_HIGH,9,r09-t014-eb622b37,1789123931940473035,1789123932323328506,0.0,406,0,0.0,False,False,False,False
B5_LOCKED_TC,ATTACK_DIVERSE_HIGH,9,r09-t015-9c3cfc2d,1789123932337367863,1789123932643112062,0.0,406,0,0.0,False,False,False,False
B5_LOCKED_TC,ATTACK_DIVERSE_HIGH,9,r09-t016-3dbe7f41,1789123932654852034,1789123932995562848,0.0,406,0,0.0,False,False,False,False
B5_LOCKED_TC,ATTACK_DIVERSE_HIGH,9,r09-t017-80233e2c,1789123933006378401,1789123933330111149,0.0,406,0,0.0,False,False,False,False
B5_LOCKED_TC,ATTACK_DIVERSE_HIGH,9,r09-t018-942bf001,1789123933341226189,1789123933655781905,0.0,406,0,0.0,False,False,False,False
B5_LOCKED_TC,ATTACK_DIVERSE_HIGH,9,r09-t019-220eaae4,1789123933667703600,1789123933980601983,0.0,405,0,0.0,False,False,False,False
B5_LOCKED_TC,ATTACK_DIVERSE_HIGH,9,r09-t020-064c8d3b,1789123933991511690,1789123934335129985,0.0,406,0,0.0,False,False,False,False
B5_LOCKED_TC,ATTACK_DIVERSE_HIGH,9,r09-t021-55773956,1789123934346770631,1789123934725926389,0.0,406,0,0.0,False,False,False,False
B5_LOCKED_TC,ATTACK_DIVERSE_HIGH,9,r09-t022-e274834c,1789123934737452939,1789123935042219293,0.0,406,0,0.0,False,False,False,False
B5_LOCKED_TC,ATTACK_DIVERSE_HIGH,9,r09-t023-9c5d5aa1,1789123935054586267,1789123935401741114,0.0,406,0,0.0,False,False,False,False
B5_LOCKED_TC,ATTACK_DIVERSE_HIGH,9,r09-t024-fb5a9d22,1789123935413761384,1789123935784168928,0.0,406,0,0.0,False,False,False,False
B5_LOCKED_TC,ATTACK_DIVERSE_HIGH,9,r09-t025-54d4983a,1789123935794981189,1789123936138724206,0.0,406,0,0.0,False,False,False,False
B5_LOCKED_TC,ATTACK_DIVERSE_HIGH,9,r09-t026-f68377c0,1789123936149523770,1789123936452675682,0.0,406,0,0.0,False,False,False,False
B5_LOCKED_TC,ATTACK_DIVERSE_HIGH,9,r09-t027-727a29d3,1789123936464964024,1789123936805240846,0.0,406,0,0.0,False,False,False,False
B5_LOCKED_TC,ATTACK_DIVERSE_HIGH,9,r09-t028-fbfa3610,1789123936817256318,1789123937144632377,0.0,406,0,0.0,False,False,False,False
B5_LOCKED_TC,ATTACK_DIVERSE_HIGH,9,r09-t029-5bbec6ab,1789123937155899982,1789123937539105105,0.0,406,0,0.0,False,False,False,False
B5_LOCKED_TC,ATTACK_DIVERSE_HIGH,9,r09-t030-7ab9f1d5,1789123937551224326,1789123937914604948,0.0,406,0,0.0,False,False,False,False
B5_LOCKED_TC,ATTACK_DIVERSE_HIGH,9,r09-t031-c69a66ca,1789123937925596864,1789123938237159880,0.0,406,0,0.0,False,False,False,False
B5_LOCKED_TC,ATTACK_DIVERSE_HIGH,9,r09-t032-1c19e120,1789123938248109563,1789123938586910211,0.0,406,0,0.0,False,False,False,False
B5_LOCKED_TC,ATTACK_DIVERSE_HIGH,9,r09-t033-b6772c52,1789123938601355060,1789123938934685194,0.0,406,0,0.0,False,False,False,False
B5_LOCKED_TC,ATTACK_DIVERSE_HIGH,9,r09-t034-9aba920c,1789123938945792051,1789123939258321343,0.0,406,0,0.0,False,False,False,False
B5_LOCKED_TC,ATTACK_DIVERSE_HIGH,9,r09-t035-9cffd99c,1789123939269837829,1789123939595489020,0.0,406,0,0.0,False,False,False,False
B5_LOCKED_TC,ATTACK_DIVERSE_HIGH,9,r09-t036-6fe31ea0,1789123939606306454,1789123939947175100,0.0,406,0,0.0,False,False,False,False
B5_LOCKED_TC,ATTACK_DIVERSE_HIGH,9,r09-t037-2174731a,1789123939960791658,1789123940294688502,0.0,406,0,0.0,False,False,False,False
B5_LOCKED_TC,ATTACK_DIVERSE_HIGH,9,r09-t038-2cf63adc,1789123940305710553,1789123940625064452,0.0,406,0,0.0,False,False,False,False
B5_LOCKED_TC,ATTACK_DIVERSE_HIGH,9,r09-t039-4c8b0275,1789123940636090737,1789123940989839566,0.0,406,0,0.0,False,False,False,False
B5_LOCKED_TC,ATTACK_DIVERSE_HIGH,9,r09-t040-1350cac6,1789123941002896271,1789123941350031659,0.0,406,0,0.0,False,False,False,False
B5_LOCKED_TC,ATTACK_DIVERSE_HIGH,9,r09-t041-b34c70c0,1789123941360531531,1789123941697680591,0.0,406,0,0.0,False,False,False,False
B5_LOCKED_TC,ATTACK_DIVERSE_HIGH,9,r09-t042-ebdf1a90,1789123941710253333,1789123942045801557,0.0,406,0,0.0,False,False,False,False
B5_LOCKED_TC,ATTACK_DIVERSE_HIGH,9,r09-t043-8c0ff662,1789123942058409801,1789123942434675908,0.0,406,0,0.0,False,False,False,False
B5_LOCKED_TC,ATTACK_DIVERSE_HIGH,9,r09-t044-439e9c3a,1789123942445741075,1789123942761516876,0.0,406,0,0.0,False,False,False,False
B5_LOCKED_TC,ATTACK_DIVERSE_HIGH,9,r09-t045-a600cb46,1789123942773773208,1789123943103974384,0.0,406,0,0.0,False,False,False,False
B5_LOCKED_TC,ATTACK_DIVERSE_HIGH,9,r09-t046-7c2ab1db,1789123943116396951,1789123943448037988,0.0,406,0,0.0,False,False,False,False
B5_LOCKED_TC,ATTACK_DIVERSE_HIGH,9,r09-t047-23e213ce,1789123943459325552,1789123943819159439,0.0,406,0,0.0,False,False,False,False
B5_LOCKED_TC,ATTACK_DIVERSE_HIGH,9,r09-t048-4f3f4dbe,1789123943829983800,1789123944166323378,0.0,406,0,0.0,False,False,False,False
B5_LOCKED_TC,ATTACK_DIVERSE_HIGH,9,r09-t049-6ec1d77d,1789123944179227372,1789123944519669581,0.0,406,0,0.0,False,False,False,False
B0_OFF,BENIGN_DIVERSE_MODERATE,9,r09-t000-0d2c26f9,1789123963017611197,1789123963367505006,0.0,24,0,0.0,False,False,False,False
B0_OFF,BENIGN_DIVERSE_MODERATE,9,r09-t001-ef1a3695,1789123963377557884,1789123963724469248,0.0,25,0,0.0,False,False,False,False
B0_OFF,BENIGN_DIVERSE_MODERATE,9,r09-t002-275dcfdf,1789123963734456917,1789123964077128326,0.0,26,0,0.0,False,False,False,False
B0_OFF,BENIGN_DIVERSE_MODERATE,9,r09-t003-bd2b4e97,1789123964087339693,1789123964424645761,0.0,27,0,0.0,False,False,False,False
B0_OFF,BENIGN_DIVERSE_MODERATE,9,r09-t004-ec0e07a9,1789123964436878912,1789123964771785736,0.0,28,0,0.0,False,False,False,False
B0_OFF,BENIGN_DIVERSE_MODERATE,9,r09-t005-3d7c282d,1789123964781360222,1789123965098579245,0.0,29,0,0.0,False,False,False,False
B0_OFF,BENIGN_DIVERSE_MODERATE,9,r09-t006-0cbd9fc7,1789123965108160912,1789123965441036406,0.0,30,0,0.0,False,False,False,False
B0_OFF,BENIGN_DIVERSE_MODERATE,9,r09-t007-75bc22c6,1789123965451917922,1789123965772656001,0.0,30,0,0.0,False,False,False,False
B0_OFF,BENIGN_DIVERSE_MODERATE,9,r09-t008-8ca4f6b3,1789123965785158685,1789123966150094482,0.0,30,0,0.0,False,False,False,False
B0_OFF,BENIGN_DIVERSE_MODERATE,9,r09-t009-08896b4e,1789123966160048882,1789123966518757304,0.0,30,0,0.0,False,False,False,False
B0_OFF,BENIGN_DIVERSE_MODERATE,9,r09-t010-827a18cf,1789123966528007245,1789123966866647149,0.0,30,0,0.0,False,False,False,False
B0_OFF,BENIGN_DIVERSE_MODERATE,9,r09-t011-d94b772e,1789123966877627743,1789123967219059750,0.0,30,0,0.0,False,False,False,False
B0_OFF,BENIGN_DIVERSE_MODERATE,9,r09-t012-d2931e16,1789123967230605408,1789123967578982916,0.0,30,0,0.0,False,False,False,False
B0_OFF,BENIGN_DIVERSE_MODERATE,9,r09-t013-faa3615c,1789123967589863782,1789123967912468014,0.0,30,0,0.0,False,False,False,False
B0_OFF,BENIGN_DIVERSE_MODERATE,9,r09-t014-33744663,1789123967922362484,1789123968271495693,0.0,30,0,0.0,False,False,False,False
B0_OFF,BENIGN_DIVERSE_MODERATE,9,r09-t015-e4075e42,1789123968281550119,1789123968624019279,0.0,30,0,0.0,False,False,False,False
B0_OFF,BENIGN_DIVERSE_MODERATE,9,r09-t016-e4bc93ee,1789123968635772555,1789123968973572885,0.0,30,0,0.0,False,False,False,False
B0_OFF,BENIGN_DIVERSE_MODERATE,9,r09-t017-80648295,1789123968983658930,1789123969310109494,0.0,30,0,0.0,False,False,False,False
B0_OFF,BENIGN_DIVERSE_MODERATE,9,r09-t018-ec0c47ab,1789123969320182309,1789123969654213425,0.0,30,0,0.0,False,False,False,False
B0_OFF,BENIGN_DIVERSE_MODERATE,9,r09-t019-77b1c135,1789123969664359980,1789123969992928194,0.0,30,0,0.0,False,False,False,False
B0_OFF,BENIGN_DIVERSE_MODERATE,9,r09-t020-5dc4afd0,1789123970003039476,1789123970351880350,0.0,30,0,0.0,False,False,False,False
B0_OFF,BENIGN_DIVERSE_MODERATE,9,r09-t021-57958ede,1789123970361623864,1789123970697858004,0.0,30,0,0.0,False,False,False,False
B0_OFF,BENIGN_DIVERSE_MODERATE,9,r09-t022-9da590f9,1789123970708869933,1789123971032701205,0.0,30,0,0.0,False,False,False,False
B0_OFF,BENIGN_DIVERSE_MODERATE,9,r09-t023-db27b6d2,1789123971043783873,1789123971389847372,0.0,30,0,0.0,False,False,False,False
B0_OFF,BENIGN_DIVERSE_MODERATE,9,r09-t024-5285e5bc,1789123971400081647,1789123971720127474,0.0,30,0,0.0,False,False,False,False
B0_OFF,BENIGN_DIVERSE_MODERATE,9,r09-t025-1fcdfea6,1789123971731170175,1789123972073608001,0.0,30,0,0.0,False,False,False,False
B0_OFF,BENIGN_DIVERSE_MODERATE,9,r09-t026-595828cb,1789123972085198504,1789123972398678134,0.0,30,0,0.0,False,False,False,False
B0_OFF,BENIGN_DIVERSE_MODERATE,9,r09-t027-e104120c,1789123972409233921,1789123972725832704,0.0,30,0,0.0,False,False,False,False
B0_OFF,BENIGN_DIVERSE_MODERATE,9,r09-t028-fce0b692,1789123972736392714,1789123973078052698,0.0,30,0,0.0,False,False,False,False
B0_OFF,BENIGN_DIVERSE_MODERATE,9,r09-t029-c94e7d0e,1789123973088442430,1789123973413761554,0.0,30,0,0.0,False,False,False,False
B0_OFF,BENIGN_DIVERSE_MODERATE,9,r09-t030-420e7438,1789123973423691767,1789123973761991113,0.0,30,0,0.0,False,False,False,False
B0_OFF,BENIGN_DIVERSE_MODERATE,9,r09-t031-069d4b69,1789123973773577393,1789123974134808000,0.0,30,0,0.0,False,False,False,False
B0_OFF,BENIGN_DIVERSE_MODERATE,9,r09-t032-ccd6c8c3,1789123974146347465,1789123974481367308,0.0,30,0,0.0,False,False,False,False
B0_OFF,BENIGN_DIVERSE_MODERATE,9,r09-t033-3ebe8c2f,1789123974491543905,1789123974818142397,0.0,30,0,0.0,False,False,False,False
B0_OFF,BENIGN_DIVERSE_MODERATE,9,r09-t034-6e2ecc0a,1789123974829282682,1789123975174842849,0.0,30,0,0.0,False,False,False,False
B0_OFF,BENIGN_DIVERSE_MODERATE,9,r09-t035-f4e12878,1789123975186611209,1789123975509874702,0.0,30,0,0.0,False,False,False,False
B0_OFF,BENIGN_DIVERSE_MODERATE,9,r09-t036-13ddb02a,1789123975520027239,1789123975839757359,0.0,30,0,0.0,False,False,False,False
B0_OFF,BENIGN_DIVERSE_MODERATE,9,r09-t037-5fc016eb,1789123975850136167,1789123976187129288,0.0,30,0,0.0,False,False,False,False
B0_OFF,BENIGN_DIVERSE_MODERATE,9,r09-t038-e5a7cb74,1789123976197246719,1789123976516882379,0.0,30,0,0.0,False,False,False,False
B0_OFF,BENIGN_DIVERSE_MODERATE,9,r09-t039-caebfa19,1789123976526881479,1789123976892291931,0.0,30,0,0.0,False,False,False,False
B0_OFF,BENIGN_DIVERSE_MODERATE,9,r09-t040-497831ac,1789123976902947563,1789123977228423685,0.0,30,0,0.0,False,False,False,False
B0_OFF,BENIGN_DIVERSE_MODERATE,9,r09-t041-8551b9da,1789123977238713464,1789123977565379172,0.0,30,0,0.0,False,False,False,False
B0_OFF,BENIGN_DIVERSE_MODERATE,9,r09-t042-7ac3d49f,1789123977575812278,1789123977920238561,0.0,30,0,0.0,False,False,False,False
B0_OFF,BENIGN_DIVERSE_MODERATE,9,r09-t043-b154b3ca,1789123977932088742,1789123978269942387,0.0,30,0,0.0,False,False,False,False
B0_OFF,BENIGN_DIVERSE_MODERATE,9,r09-t044-418943d9,1789123978279416672,1789123978992434967,0.0,30,0,0.0,False,False,False,False
B0_OFF,BENIGN_DIVERSE_MODERATE,9,r09-t045-c7c65bf8,1789123979002623921,1789123979313455498,0.0,30,0,0.0,False,False,False,False
B0_OFF,BENIGN_DIVERSE_MODERATE,9,r09-t046-8bfc794f,1789123979323479219,1789123979660799998,0.0,30,0,0.0,False,False,False,False
B0_OFF,BENIGN_DIVERSE_MODERATE,9,r09-t047-6849f99a,1789123979673004800,1789123979996615142,0.0,30,0,0.0,False,False,False,False
B0_OFF,BENIGN_DIVERSE_MODERATE,9,r09-t048-8845da26,1789123980006630344,1789123980337163449,0.0,30,0,0.0,False,False,False,False
B0_OFF,BENIGN_DIVERSE_MODERATE,9,r09-t049-5b7a51d2,1789123980348311879,1789123980693639596,0.0,30,0,0.0,False,False,False,False
B1_RL2_TC,ATTACK_DIVERSE_HIGH,9,r09-t000-eb6b6cc8,1789123994765623358,1789123995082406938,0.0,400,0,0.0,False,False,False,False
B1_RL2_TC,ATTACK_DIVERSE_HIGH,9,r09-t001-f1ed46ed,1789123995092801911,1789123995311848409,0.0,401,0,0.0,False,False,False,False
B1_RL2_TC,ATTACK_DIVERSE_HIGH,9,r09-t002-eacad27d,1789123995322903352,1789123995629210265,0.0,402,0,0.0,False,False,False,False
B1_RL2_TC,ATTACK_DIVERSE_HIGH,9,r09-t003-a6b20705,1789123995640084064,1789123995979648357,0.0,403,0,0.0,False,False,False,False
B1_RL2_TC,ATTACK_DIVERSE_HIGH,9,r09-t004-5d417a2d,1789123995991367707,1789123996329358295,0.0,404,0,0.0,False,False,False,False
B1_RL2_TC,ATTACK_DIVERSE_HIGH,9,r09-t005-abf72287,1789123996339960665,1789123996712680340,0.0,405,0,0.0,False,False,False,False
B1_RL2_TC,ATTACK_DIVERSE_HIGH,9,r09-t006-1570c97a,1789123996723941829,1789123997016037039,0.0,406,0,0.0,False,False,False,False
B1_RL2_TC,ATTACK_DIVERSE_HIGH,9,r09-t007-71987bd7,1789123997027466448,1789123997364930610,0.0,406,0,0.0,False,False,False,False
B1_RL2_TC,ATTACK_DIVERSE_HIGH,9,r09-t008-0779cd6b,1789123997376190399,1789123997708957528,0.0,406,0,0.0,False,False,False,False
B1_RL2_TC,ATTACK_DIVERSE_HIGH,9,r09-t009-a0ed5984,1789123997719700525,1789123998078200942,0.0,406,0,0.0,False,False,False,False
B1_RL2_TC,ATTACK_DIVERSE_HIGH,9,r09-t010-a6e980ad,1789123998089398493,1789123998478779724,0.0,406,0,0.0,False,False,False,False
B1_RL2_TC,ATTACK_DIVERSE_HIGH,9,r09-t011-97dfd979,1789123998490026385,1789123998811627035,0.0,406,0,0.0,False,False,False,False
B1_RL2_TC,ATTACK_DIVERSE_HIGH,9,r09-t012-90f43c59,1789123998822030131,1789123999133125592,0.0,406,0,0.0,False,False,False,False
B1_RL2_TC,ATTACK_DIVERSE_HIGH,9,r09-t013-c4792c90,1789123999144976406,1789123999502989213,0.0,406,0,0.0,False,False,False,False
B1_RL2_TC,ATTACK_DIVERSE_HIGH,9,r09-t014-eb622b37,1789123999514091754,1789123999835705909,0.0,406,0,0.0,False,False,False,False
B1_RL2_TC,ATTACK_DIVERSE_HIGH,9,r09-t015-9c3cfc2d,1789123999846339257,1789124000186183814,0.0,406,0,0.0,False,False,False,False
B1_RL2_TC,ATTACK_DIVERSE_HIGH,9,r09-t016-3dbe7f41,1789124000197816892,1789124000501670891,0.0,406,0,0.0,False,False,False,False
B1_RL2_TC,ATTACK_DIVERSE_HIGH,9,r09-t017-80233e2c,1789124000513579764,1789124000836981760,0.0,406,0,0.0,False,False,False,False
B1_RL2_TC,ATTACK_DIVERSE_HIGH,9,r09-t018-942bf001,1789124000849171049,1789124001189267370,0.0,406,0,0.0,False,False,False,False
B1_RL2_TC,ATTACK_DIVERSE_HIGH,9,r09-t019-220eaae4,1789124001200270212,1789124001534853026,0.0,406,0,0.0,False,False,False,False
B1_RL2_TC,ATTACK_DIVERSE_HIGH,9,r09-t020-064c8d3b,1789124001546147429,1789124001892758836,0.0,406,0,0.0,False,False,False,False
B1_RL2_TC,ATTACK_DIVERSE_HIGH,9,r09-t021-55773956,1789124001903069879,1789124002280977361,0.0,406,0,0.0,False,False,False,False
B1_RL2_TC,ATTACK_DIVERSE_HIGH,9,r09-t022-e274834c,1789124002291836122,1789124002638317044,0.0,406,0,0.0,False,False,False,False
B1_RL2_TC,ATTACK_DIVERSE_HIGH,9,r09-t023-9c5d5aa1,1789124002649500317,1789124002962127584,0.0,406,0,0.0,False,False,False,False
B1_RL2_TC,ATTACK_DIVERSE_HIGH,9,r09-t024-fb5a9d22,1789124002973439171,1789124003353266631,0.0,406,0,0.0,False,False,False,False
B1_RL2_TC,ATTACK_DIVERSE_HIGH,9,r09-t025-54d4983a,1789124003365097419,1789124003697939082,0.0,406,0,0.0,False,False,False,False
B1_RL2_TC,ATTACK_DIVERSE_HIGH,9,r09-t026-f68377c0,1789124003709023027,1789124004026739772,0.0,406,0,0.0,False,False,False,False
B1_RL2_TC,ATTACK_DIVERSE_HIGH,9,r09-t027-727a29d3,1789124004038735223,1789124004402067202,0.0,406,0,0.0,False,False,False,False
B1_RL2_TC,ATTACK_DIVERSE_HIGH,9,r09-t028-fbfa3610,1789124004414074174,1789124004734576516,0.0,406,0,0.0,False,False,False,False
B1_RL2_TC,ATTACK_DIVERSE_HIGH,9,r09-t029-5bbec6ab,1789124004746015095,1789124005084391696,0.0,406,0,0.0,False,False,False,False
B1_RL2_TC,ATTACK_DIVERSE_HIGH,9,r09-t030-7ab9f1d5,1789124005095480172,1789124005434652524,0.0,406,0,0.0,False,False,False,False
B1_RL2_TC,ATTACK_DIVERSE_HIGH,9,r09-t031-c69a66ca,1789124005446366989,1789124005777011747,0.0,406,0,0.0,False,False,False,False
B1_RL2_TC,ATTACK_DIVERSE_HIGH,9,r09-t032-1c19e120,1789124005789160156,1789124006113799493,0.0,406,0,0.0,False,False,False,False
B1_RL2_TC,ATTACK_DIVERSE_HIGH,9,r09-t033-b6772c52,1789124006124938767,1789124006455939856,0.0,406,0,0.0,False,False,False,False
B1_RL2_TC,ATTACK_DIVERSE_HIGH,9,r09-t034-9aba920c,1789124006467911609,1789124006819790282,0.0,406,0,0.0,False,False,False,False
B1_RL2_TC,ATTACK_DIVERSE_HIGH,9,r09-t035-9cffd99c,1789124006831172303,1789124007174620537,0.0,406,0,0.0,False,False,False,False
B1_RL2_TC,ATTACK_DIVERSE_HIGH,9,r09-t036-6fe31ea0,1789124007185501108,1789124007544738297,0.0,406,0,0.0,False,False,False,False
B1_RL2_TC,ATTACK_DIVERSE_HIGH,9,r09-t037-2174731a,1789124007555459396,1789124007856460667,0.0,406,0,0.0,False,False,False,False
B1_RL2_TC,ATTACK_DIVERSE_HIGH,9,r09-t038-2cf63adc,1789124007867259378,1789124008236179118,0.0,406,0,0.0,False,False,False,False
B1_RL2_TC,ATTACK_DIVERSE_HIGH,9,r09-t039-4c8b0275,1789124008247631651,1789124008594773346,0.0,406,0,0.0,False,False,False,False
B1_RL2_TC,ATTACK_DIVERSE_HIGH,9,r09-t040-1350cac6,1789124008605880884,1789124008938524839,0.0,406,0,0.0,False,False,False,False
B1_RL2_TC,ATTACK_DIVERSE_HIGH,9,r09-t041-b34c70c0,1789124008949473659,1789124009278866127,0.0,406,0,0.0,False,False,False,False
B1_RL2_TC,ATTACK_DIVERSE_HIGH,9,r09-t042-ebdf1a90,1789124009290048685,1789124009628072498,0.0,406,0,0.0,False,False,False,False
B1_RL2_TC,ATTACK_DIVERSE_HIGH,9,r09-t043-8c0ff662,1789124009638874016,1789124009940146321,0.0,406,0,0.0,False,False,False,False
B1_RL2_TC,ATTACK_DIVERSE_HIGH,9,r09-t044-439e9c3a,1789124009950863761,1789124010314990527,0.0,406,0,0.0,False,False,False,False
B1_RL2_TC,ATTACK_DIVERSE_HIGH,9,r09-t045-a600cb46,1789124010327041325,1789124010711958845,0.0,406,0,0.0,False,False,False,False
B1_RL2_TC,ATTACK_DIVERSE_HIGH,9,r09-t046-7c2ab1db,1789124010724112876,1789124011033871110,0.0,406,0,0.0,False,False,False,False
B1_RL2_TC,ATTACK_DIVERSE_HIGH,9,r09-t047-23e213ce,1789124011044942224,1789124011390256380,0.0,406,0,0.0,False,False,False,False
B1_RL2_TC,ATTACK_DIVERSE_HIGH,9,r09-t048-4f3f4dbe,1789124011403367730,1789124011739095016,0.0,406,0,0.0,False,False,False,False
B1_RL2_TC,ATTACK_DIVERSE_HIGH,9,r09-t049-6ec1d77d,1789124011750490270,1789124012075178807,0.0,406,0,0.0,False,False,False,False
B1_RL2_TC,ATTACK_DIVERSE_MODERATE,9,r09-t000-0d2c26f9,1789124026042339100,1789124026274026132,0.0,24,0,0.0,False,False,False,False
B1_RL2_TC,ATTACK_DIVERSE_MODERATE,9,r09-t001-ef1a3695,1789124026284651992,1789124026551056230,0.0,25,0,0.0,False,False,False,False
B1_RL2_TC,ATTACK_DIVERSE_MODERATE,9,r09-t002-275dcfdf,1789124026560970013,1789124026847343328,0.0,26,0,0.0,False,False,False,False
B1_RL2_TC,ATTACK_DIVERSE_MODERATE,9,r09-t003-bd2b4e97,1789124026857139754,1789124027170399040,0.0,27,0,0.0,False,False,False,False
B1_RL2_TC,ATTACK_DIVERSE_MODERATE,9,r09-t004-ec0e07a9,1789124027181455560,1789124027533494509,0.0,28,0,0.0,False,False,False,False
B1_RL2_TC,ATTACK_DIVERSE_MODERATE,9,r09-t005-3d7c282d,1789124027544464614,1789124027898307621,0.0,29,0,0.0,False,False,False,False
B1_RL2_TC,ATTACK_DIVERSE_MODERATE,9,r09-t006-0cbd9fc7,1789124027908155745,1789124028199660952,0.0,30,0,0.0,False,False,False,False
B1_RL2_TC,ATTACK_DIVERSE_MODERATE,9,r09-t007-75bc22c6,1789124028211309360,1789124028517694016,0.0,30,0,0.0,False,False,False,False
B1_RL2_TC,ATTACK_DIVERSE_MODERATE,9,r09-t008-8ca4f6b3,1789124028527699404,1789124028851771815,0.0,30,0,0.0,False,False,False,False
B1_RL2_TC,ATTACK_DIVERSE_MODERATE,9,r09-t009-08896b4e,1789124028861961636,1789124029181858004,0.0,30,0,0.0,False,False,False,False
B1_RL2_TC,ATTACK_DIVERSE_MODERATE,9,r09-t010-827a18cf,1789124029193526601,1789124029499601917,0.0,30,0,0.0,False,False,False,False
B1_RL2_TC,ATTACK_DIVERSE_MODERATE,9,r09-t011-d94b772e,1789124029510278344,1789124029851772376,0.0,30,0,0.0,False,False,False,False
B1_RL2_TC,ATTACK_DIVERSE_MODERATE,9,r09-t012-d2931e16,1789124029862255783,1789124030161875526,0.0,30,0,0.0,False,False,False,False
B1_RL2_TC,ATTACK_DIVERSE_MODERATE,9,r09-t013-faa3615c,1789124030172085914,1789124030493806340,0.0,30,0,0.0,False,False,False,False
B1_RL2_TC,ATTACK_DIVERSE_MODERATE,9,r09-t014-33744663,1789124030505607674,1789124030806256475,0.0,30,0,0.0,False,False,False,False
B1_RL2_TC,ATTACK_DIVERSE_MODERATE,9,r09-t015-e4075e42,1789124030816212805,1789124031152128624,0.0,30,0,0.0,False,False,False,False
B1_RL2_TC,ATTACK_DIVERSE_MODERATE,9,r09-t016-e4bc93ee,1789124031162218918,1789124031500395211,0.0,30,0,0.0,False,False,False,False
B1_RL2_TC,ATTACK_DIVERSE_MODERATE,9,r09-t017-80648295,1789124031511183525,1789124031822991866,0.0,30,0,0.0,False,False,False,False
B1_RL2_TC,ATTACK_DIVERSE_MODERATE,9,r09-t018-ec0c47ab,1789124031833663292,1789124032147833899,0.0,30,0,0.0,False,False,False,False
B1_RL2_TC,ATTACK_DIVERSE_MODERATE,9,r09-t019-77b1c135,1789124032157974852,1789124032519542396,0.0,30,0,0.0,False,False,False,False
B1_RL2_TC,ATTACK_DIVERSE_MODERATE,9,r09-t020-5dc4afd0,1789124032531257785,1789124032831471963,0.0,30,0,0.0,False,False,False,False
B1_RL2_TC,ATTACK_DIVERSE_MODERATE,9,r09-t021-57958ede,1789124032841483200,1789124033173130146,0.0,30,0,0.0,False,False,False,False
B1_RL2_TC,ATTACK_DIVERSE_MODERATE,9,r09-t022-9da590f9,1789124033182825816,1789124033502834826,0.0,30,0,0.0,False,False,False,False
B1_RL2_TC,ATTACK_DIVERSE_MODERATE,9,r09-t023-db27b6d2,1789124033512858233,1789124033801977211,0.0,30,0,0.0,False,False,False,False
B1_RL2_TC,ATTACK_DIVERSE_MODERATE,9,r09-t024-5285e5bc,1789124033811912976,1789124034165527714,0.0,30,0,0.0,False,False,False,False
B1_RL2_TC,ATTACK_DIVERSE_MODERATE,9,r09-t025-1fcdfea6,1789124034175723997,1789124034496202453,0.0,30,0,0.0,False,False,False,False
B1_RL2_TC,ATTACK_DIVERSE_MODERATE,9,r09-t026-595828cb,1789124034506481471,1789124034841068760,0.0,30,0,0.0,False,False,False,False
B1_RL2_TC,ATTACK_DIVERSE_MODERATE,9,r09-t027-e104120c,1789124034851692577,1789124035139529794,0.0,30,0,0.0,False,False,False,False
B1_RL2_TC,ATTACK_DIVERSE_MODERATE,9,r09-t028-fce0b692,1789124035149548258,1789124035500040364,0.0,30,0,0.0,False,False,False,False
B1_RL2_TC,ATTACK_DIVERSE_MODERATE,9,r09-t029-c94e7d0e,1789124035510714407,1789124035826566499,0.0,30,0,0.0,False,False,False,False
B1_RL2_TC,ATTACK_DIVERSE_MODERATE,9,r09-t030-420e7438,1789124035836506091,1789124036195035038,0.0,30,0,0.0,False,False,False,False
B1_RL2_TC,ATTACK_DIVERSE_MODERATE,9,r09-t031-069d4b69,1789124036205106933,1789124036500186513,0.0,30,0,0.0,False,False,False,False
B1_RL2_TC,ATTACK_DIVERSE_MODERATE,9,r09-t032-ccd6c8c3,1789124036511002565,1789124036847886592,0.0,30,0,0.0,False,False,False,False
B1_RL2_TC,ATTACK_DIVERSE_MODERATE,9,r09-t033-3ebe8c2f,1789124036858178049,1789124037138436208,0.0,30,0,0.0,False,False,False,False
B1_RL2_TC,ATTACK_DIVERSE_MODERATE,9,r09-t034-6e2ecc0a,1789124037148633433,1789124037495675107,0.0,30,0,0.0,False,False,False,False
B1_RL2_TC,ATTACK_DIVERSE_MODERATE,9,r09-t035-f4e12878,1789124037505705727,1789124037886712801,0.0,30,0,0.0,False,False,False,False
B1_RL2_TC,ATTACK_DIVERSE_MODERATE,9,r09-t036-13ddb02a,1789124037896692725,1789124038177124743,0.0,30,0,0.0,False,False,False,False
B1_RL2_TC,ATTACK_DIVERSE_MODERATE,9,r09-t037-5fc016eb,1789124038187808022,1789124038502993039,0.0,30,0,0.0,False,False,False,False
B1_RL2_TC,ATTACK_DIVERSE_MODERATE,9,r09-t038-e5a7cb74,1789124038513936495,1789124038839577406,0.0,30,0,0.0,False,False,False,False
B1_RL2_TC,ATTACK_DIVERSE_MODERATE,9,r09-t039-caebfa19,1789124038850131208,1789124039187701533,0.0,30,0,0.0,False,False,False,False
B1_RL2_TC,ATTACK_DIVERSE_MODERATE,9,r09-t040-497831ac,1789124039197895365,1789124039511662743,0.0,30,0,0.0,False,False,False,False
B1_RL2_TC,ATTACK_DIVERSE_MODERATE,9,r09-t041-8551b9da,1789124039522316714,1789124039837993910,0.0,30,0,0.0,False,False,False,False
B1_RL2_TC,ATTACK_DIVERSE_MODERATE,9,r09-t042-7ac3d49f,1789124039849650048,1789124040151652071,0.0,30,0,0.0,False,False,False,False
B1_RL2_TC,ATTACK_DIVERSE_MODERATE,9,r09-t043-b154b3ca,1789124040161441173,1789124040482752365,0.0,30,0,0.0,False,False,False,False
B1_RL2_TC,ATTACK_DIVERSE_MODERATE,9,r09-t044-418943d9,1789124040492450721,1789124040851040448,0.0,30,0,0.0,False,False,False,False
B1_RL2_TC,ATTACK_DIVERSE_MODERATE,9,r09-t045-c7c65bf8,1789124040861262740,1789124041176023615,0.0,30,0,0.0,False,False,False,False
B1_RL2_TC,ATTACK_DIVERSE_MODERATE,9,r09-t046-8bfc794f,1789124041186435125,1789124041508294847,0.0,30,0,0.0,False,False,False,False
B1_RL2_TC,ATTACK_DIVERSE_MODERATE,9,r09-t047-6849f99a,1789124041518511389,1789124041821936423,0.0,30,0,0.0,False,False,False,False
B1_RL2_TC,ATTACK_DIVERSE_MODERATE,9,r09-t048-8845da26,1789124041832269720,1789124042118162348,0.0,30,0,0.0,False,False,False,False
B1_RL2_TC,ATTACK_DIVERSE_MODERATE,9,r09-t049-5b7a51d2,1789124042128023851,1789124042463569474,0.0,30,0,0.0,False,False,False,False
B0_OFF,ATTACK_DIVERSE_HIGH,9,r09-t000-eb6b6cc8,1789124056078667333,1789124056250433322,0.0,400,0,0.0,False,False,False,False
B0_OFF,ATTACK_DIVERSE_HIGH,9,r09-t001-f1ed46ed,1789124056262246763,1789124056536541184,0.0,401,0,0.0,False,False,False,False
B0_OFF,ATTACK_DIVERSE_HIGH,9,r09-t002-eacad27d,1789124056548219021,1789124056878701475,0.0,402,0,0.0,False,False,False,False
B0_OFF,ATTACK_DIVERSE_HIGH,9,r09-t003-a6b20705,1789124056889691959,1789124057235862000,0.0,403,0,0.0,False,False,False,False
B0_OFF,ATTACK_DIVERSE_HIGH,9,r09-t004-5d417a2d,1789124057247388948,1789124057596363607,0.0,404,0,0.0,False,False,False,False
B0_OFF,ATTACK_DIVERSE_HIGH,9,r09-t005-abf72287,1789124057608652928,1789124057976553210,0.0,405,0,0.0,False,False,False,False
B0_OFF,ATTACK_DIVERSE_HIGH,9,r09-t006-1570c97a,1789124057987848208,1789124058316602181,0.0,406,0,0.0,False,False,False,False
B0_OFF,ATTACK_DIVERSE_HIGH,9,r09-t007-71987bd7,1789124058328391087,1789124058680390705,0.0,406,0,0.0,False,False,False,False
B0_OFF,ATTACK_DIVERSE_HIGH,9,r09-t008-0779cd6b,1789124058692171777,1789124059016663762,0.0,406,0,0.0,False,False,False,False
B0_OFF,ATTACK_DIVERSE_HIGH,9,r09-t009-a0ed5984,1789124059027356430,1789124059384107695,0.0,406,0,0.0,False,False,False,False
B0_OFF,ATTACK_DIVERSE_HIGH,9,r09-t010-a6e980ad,1789124059395520461,1789124059740453569,0.0,406,0,0.0,False,False,False,False
B0_OFF,ATTACK_DIVERSE_HIGH,9,r09-t011-97dfd979,1789124059752175885,1789124060076365071,0.0,406,0,0.0,False,False,False,False
B0_OFF,ATTACK_DIVERSE_HIGH,9,r09-t012-90f43c59,1789124060088483958,1789124060424883737,0.0,406,0,0.0,False,False,False,False
B0_OFF,ATTACK_DIVERSE_HIGH,9,r09-t013-c4792c90,1789124060436764514,1789124060760059718,0.0,406,0,0.0,False,False,False,False
B0_OFF,ATTACK_DIVERSE_HIGH,9,r09-t014-eb622b37,1789124060771609357,1789124061100615310,0.0,406,0,0.0,False,False,False,False
B0_OFF,ATTACK_DIVERSE_HIGH,9,r09-t015-9c3cfc2d,1789124061112537044,1789124061463477041,0.0,406,0,0.0,False,False,False,False
B0_OFF,ATTACK_DIVERSE_HIGH,9,r09-t016-3dbe7f41,1789124061474343884,1789124061794810170,0.0,406,0,0.0,False,False,False,False
B0_OFF,ATTACK_DIVERSE_HIGH,9,r09-t017-80233e2c,1789124061807812872,1789124062109681139,0.0,406,0,0.0,False,False,False,False
B0_OFF,ATTACK_DIVERSE_HIGH,9,r09-t018-942bf001,1789124062121984002,1789124062460381705,0.0,406,0,0.0,False,False,False,False
B0_OFF,ATTACK_DIVERSE_HIGH,9,r09-t019-220eaae4,1789124062472276133,1789124062807735890,0.0,406,0,0.0,False,False,False,False
B0_OFF,ATTACK_DIVERSE_HIGH,9,r09-t020-064c8d3b,1789124062819231956,1789124063140708409,0.0,406,0,0.0,False,False,False,False
B0_OFF,ATTACK_DIVERSE_HIGH,9,r09-t021-55773956,1789124063152904974,1789124063484538451,0.0,406,0,0.0,False,False,False,False
B0_OFF,ATTACK_DIVERSE_HIGH,9,r09-t022-e274834c,1789124063496588043,1789124063833885570,0.0,406,0,0.0,False,False,False,False
B0_OFF,ATTACK_DIVERSE_HIGH,9,r09-t023-9c5d5aa1,1789124063845446508,1789124064178129790,0.0,406,0,0.0,False,False,False,False
B0_OFF,ATTACK_DIVERSE_HIGH,9,r09-t024-fb5a9d22,1789124064189461467,1789124064524704767,0.0,406,0,0.0,False,False,False,False
B0_OFF,ATTACK_DIVERSE_HIGH,9,r09-t025-54d4983a,1789124064537521704,1789124064876185672,0.0,406,0,0.0,False,False,False,False
B0_OFF,ATTACK_DIVERSE_HIGH,9,r09-t026-f68377c0,1789124064888228391,1789124065216802276,0.0,406,0,0.0,False,False,False,False
B0_OFF,ATTACK_DIVERSE_HIGH,9,r09-t027-727a29d3,1789124065227971162,1789124065540902487,0.0,406,0,0.0,False,False,False,False
B0_OFF,ATTACK_DIVERSE_HIGH,9,r09-t028-fbfa3610,1789124065552589589,1789124065876159814,0.0,406,0,0.0,False,False,False,False
B0_OFF,ATTACK_DIVERSE_HIGH,9,r09-t029-5bbec6ab,1789124065889462393,1789124066214034781,0.0,406,0,0.0,False,False,False,False
B0_OFF,ATTACK_DIVERSE_HIGH,9,r09-t030-7ab9f1d5,1789124066224827150,1789124066554918120,0.0,406,0,0.0,False,False,False,False
B0_OFF,ATTACK_DIVERSE_HIGH,9,r09-t031-c69a66ca,1789124066566508529,1789124066906722724,0.0,406,0,0.0,False,False,False,False
B0_OFF,ATTACK_DIVERSE_HIGH,9,r09-t032-1c19e120,1789124066919828335,1789124067250951127,0.0,406,0,0.0,False,False,False,False
B0_OFF,ATTACK_DIVERSE_HIGH,9,r09-t033-b6772c52,1789124067262216990,1789124067588827882,0.0,406,0,0.0,False,False,False,False
B0_OFF,ATTACK_DIVERSE_HIGH,9,r09-t034-9aba920c,1789124067599758748,1789124067925915334,0.0,406,0,0.0,False,False,False,False
B0_OFF,ATTACK_DIVERSE_HIGH,9,r09-t035-9cffd99c,1789124067938979970,1789124068275755228,0.0,406,0,0.0,False,False,False,False
B0_OFF,ATTACK_DIVERSE_HIGH,9,r09-t036-6fe31ea0,1789124068287105211,1789124068628959585,0.0,406,0,0.0,False,False,False,False
B0_OFF,ATTACK_DIVERSE_HIGH,9,r09-t037-2174731a,1789124068639850854,1789124068984927592,0.0,406,0,0.0,False,False,False,False
B0_OFF,ATTACK_DIVERSE_HIGH,9,r09-t038-2cf63adc,1789124068995907860,1789124069320058964,0.0,406,0,0.0,False,False,False,False
B0_OFF,ATTACK_DIVERSE_HIGH,9,r09-t039-4c8b0275,1789124069332195460,1789124069644256494,0.0,406,0,0.0,False,False,False,False
B0_OFF,ATTACK_DIVERSE_HIGH,9,r09-t040-1350cac6,1789124069655346341,1789124070010270708,0.0,406,0,0.0,False,False,False,False
B0_OFF,ATTACK_DIVERSE_HIGH,9,r09-t041-b34c70c0,1789124070022697882,1789124070371115399,0.0,406,0,0.0,False,False,False,False
B0_OFF,ATTACK_DIVERSE_HIGH,9,r09-t042-ebdf1a90,1789124070382743466,1789124070696895165,0.0,406,0,0.0,False,False,False,False
B0_OFF,ATTACK_DIVERSE_HIGH,9,r09-t043-8c0ff662,1789124070708520036,1789124071036910926,0.0,406,0,0.0,False,False,False,False
B0_OFF,ATTACK_DIVERSE_HIGH,9,r09-t044-439e9c3a,1789124071047526742,1789124071364177635,0.0,406,0,0.0,False,False,False,False
B0_OFF,ATTACK_DIVERSE_HIGH,9,r09-t045-a600cb46,1789124071375767170,1789124071700147019,0.0,406,0,0.0,False,False,False,False
B0_OFF,ATTACK_DIVERSE_HIGH,9,r09-t046-7c2ab1db,1789124071712980091,1789124072028387355,0.0,406,0,0.0,False,False,False,False
B0_OFF,ATTACK_DIVERSE_HIGH,9,r09-t047-23e213ce,1789124072039609619,1789124072368305566,0.0,406,0,0.0,False,False,False,False
B0_OFF,ATTACK_DIVERSE_HIGH,9,r09-t048-4f3f4dbe,1789124072380334925,1789124072713447714,0.0,406,0,0.0,False,False,False,False
B0_OFF,ATTACK_DIVERSE_HIGH,9,r09-t049-6ec1d77d,1789124072724143600,1789124073074095142,0.0,406,0,0.0,False,False,False,False
B0_OFF,ATTACK_DIVERSE_MODERATE,9,r09-t000-0d2c26f9,1789124087058963972,1789124087187444451,0.0,24,0,0.0,False,False,False,False
B0_OFF,ATTACK_DIVERSE_MODERATE,9,r09-t001-ef1a3695,1789124087197798613,1789124087507819782,0.0,25,0,0.0,False,False,False,False
B0_OFF,ATTACK_DIVERSE_MODERATE,9,r09-t002-275dcfdf,1789124087518280300,1789124087826067136,0.0,26,0,0.0,False,False,False,False
B0_OFF,ATTACK_DIVERSE_MODERATE,9,r09-t003-bd2b4e97,1789124087837188272,1789124088171406649,0.0,27,0,0.0,False,False,False,False
B0_OFF,ATTACK_DIVERSE_MODERATE,9,r09-t004-ec0e07a9,1789124088181559337,1789124088500869026,0.0,28,0,0.0,False,False,False,False
B0_OFF,ATTACK_DIVERSE_MODERATE,9,r09-t005-3d7c282d,1789124088511773577,1789124088827347381,0.0,29,0,0.0,False,False,False,False
B0_OFF,ATTACK_DIVERSE_MODERATE,9,r09-t006-0cbd9fc7,1789124088838247207,1789124089139605527,0.0,30,0,0.0,False,False,False,False
B0_OFF,ATTACK_DIVERSE_MODERATE,9,r09-t007-75bc22c6,1789124089150853989,1789124089490803426,0.0,31,0,0.0,False,False,False,False
B0_OFF,ATTACK_DIVERSE_MODERATE,9,r09-t008-8ca4f6b3,1789124089501368883,1789124089843442519,0.0,30,0,0.0,False,False,False,False
B0_OFF,ATTACK_DIVERSE_MODERATE,9,r09-t009-08896b4e,1789124089853466465,1789124090202299303,0.0,30,0,0.0,False,False,False,False
B0_OFF,ATTACK_DIVERSE_MODERATE,9,r09-t010-827a18cf,1789124090213040446,1789124090524833970,0.0,30,0,0.0,False,False,False,False
B0_OFF,ATTACK_DIVERSE_MODERATE,9,r09-t011-d94b772e,1789124090534577480,1789124090847662393,0.0,30,0,0.0,False,False,False,False
B0_OFF,ATTACK_DIVERSE_MODERATE,9,r09-t012-d2931e16,1789124090858236539,1789124091170585647,0.0,30,0,0.0,False,False,False,False
B0_OFF,ATTACK_DIVERSE_MODERATE,9,r09-t013-faa3615c,1789124091181479525,1789124091492962575,0.0,30,0,0.0,False,False,False,False
B0_OFF,ATTACK_DIVERSE_MODERATE,9,r09-t014-33744663,1789124091502579515,1789124091798795986,0.0,30,0,0.0,False,False,False,False
B0_OFF,ATTACK_DIVERSE_MODERATE,9,r09-t015-e4075e42,1789124091810837491,1789124092135910543,0.0,31,0,0.0,False,False,False,False
B0_OFF,ATTACK_DIVERSE_MODERATE,9,r09-t016-e4bc93ee,1789124092148459745,1789124092475844678,0.0,31,0,0.0,False,False,False,False
B0_OFF,ATTACK_DIVERSE_MODERATE,9,r09-t017-80648295,1789124092485906972,1789124092814800541,0.0,31,0,0.0,False,False,False,False
B0_OFF,ATTACK_DIVERSE_MODERATE,9,r09-t018-ec0c47ab,1789124092825159142,1789124093131511489,0.0,31,0,0.0,False,False,False,False
B0_OFF,ATTACK_DIVERSE_MODERATE,9,r09-t019-77b1c135,1789124093144584161,1789124093450563505,0.0,31,0,0.0,False,False,False,False
B0_OFF,ATTACK_DIVERSE_MODERATE,9,r09-t020-5dc4afd0,1789124093460931644,1789124093787048828,0.0,31,0,0.0,False,False,False,False
B0_OFF,ATTACK_DIVERSE_MODERATE,9,r09-t021-57958ede,1789124093797293365,1789124094118735536,0.0,30,0,0.0,False,False,False,False
B0_OFF,ATTACK_DIVERSE_MODERATE,9,r09-t022-9da590f9,1789124094128756068,1789124094466999194,0.0,30,0,0.0,False,False,False,False
B0_OFF,ATTACK_DIVERSE_MODERATE,9,r09-t023-db27b6d2,1789124094477932149,1789124094793015945,0.0,30,0,0.0,False,False,False,False
B0_OFF,ATTACK_DIVERSE_MODERATE,9,r09-t024-5285e5bc,1789124094803660037,1789124095119285945,0.0,31,0,0.0,False,False,False,False
B0_OFF,ATTACK_DIVERSE_MODERATE,9,r09-t025-1fcdfea6,1789124095129810723,1789124095455231564,0.0,30,0,0.0,False,False,False,False
B0_OFF,ATTACK_DIVERSE_MODERATE,9,r09-t026-595828cb,1789124095466904112,1789124095791024973,0.0,30,0,0.0,False,False,False,False
B0_OFF,ATTACK_DIVERSE_MODERATE,9,r09-t027-e104120c,1789124095801060501,1789124096123746886,0.0,30,0,0.0,False,False,False,False
B0_OFF,ATTACK_DIVERSE_MODERATE,9,r09-t028-fce0b692,1789124096134004450,1789124096487992895,0.0,30,0,0.0,False,False,False,False
B0_OFF,ATTACK_DIVERSE_MODERATE,9,r09-t029-c94e7d0e,1789124096500710489,1789124096816440432,0.0,30,0,0.0,False,False,False,False
B0_OFF,ATTACK_DIVERSE_MODERATE,9,r09-t030-420e7438,1789124096826584120,1789124097154846360,0.0,30,0,0.0,False,False,False,False
B0_OFF,ATTACK_DIVERSE_MODERATE,9,r09-t031-069d4b69,1789124097167091762,1789124097471146440,0.0,30,0,0.0,False,False,False,False
B0_OFF,ATTACK_DIVERSE_MODERATE,9,r09-t032-ccd6c8c3,1789124097482281281,1789124097791162007,0.0,30,0,0.0,False,False,False,False
B0_OFF,ATTACK_DIVERSE_MODERATE,9,r09-t033-3ebe8c2f,1789124097800831910,1789124098108304496,0.0,30,0,0.0,False,False,False,False
B0_OFF,ATTACK_DIVERSE_MODERATE,9,r09-t034-6e2ecc0a,1789124098118239175,1789124098426482377,0.0,30,0,0.0,False,False,False,False
B0_OFF,ATTACK_DIVERSE_MODERATE,9,r09-t035-f4e12878,1789124098436588762,1789124098759025835,0.0,31,0,0.0,False,False,False,False
B0_OFF,ATTACK_DIVERSE_MODERATE,9,r09-t036-13ddb02a,1789124098769353131,1789124099100456301,0.0,31,0,0.0,False,False,False,False
B0_OFF,ATTACK_DIVERSE_MODERATE,9,r09-t037-5fc016eb,1789124099110483957,1789124099419567132,0.0,31,0,0.0,False,False,False,False
B0_OFF,ATTACK_DIVERSE_MODERATE,9,r09-t038-e5a7cb74,1789124099430595031,1789124099756344195,0.0,31,0,0.0,False,False,False,False
B0_OFF,ATTACK_DIVERSE_MODERATE,9,r09-t039-caebfa19,1789124099767331417,1789124100075529818,0.0,31,0,0.0,False,False,False,False
B0_OFF,ATTACK_DIVERSE_MODERATE,9,r09-t040-497831ac,1789124100085647825,1789124100413607892,0.0,31,0,0.0,False,False,False,False
B0_OFF,ATTACK_DIVERSE_MODERATE,9,r09-t041-8551b9da,1789124100424597458,1789124100736414059,0.0,30,0,0.0,False,False,False,False
B0_OFF,ATTACK_DIVERSE_MODERATE,9,r09-t042-7ac3d49f,1789124100748462447,1789124101041376380,0.0,31,0,0.0,False,False,False,False
B0_OFF,ATTACK_DIVERSE_MODERATE,9,r09-t043-b154b3ca,1789124101051811650,1789124101369632622,0.0,31,0,0.0,False,False,False,False
B0_OFF,ATTACK_DIVERSE_MODERATE,9,r09-t044-418943d9,1789124101380179707,1789124101702897132,0.0,31,0,0.0,False,False,False,False
B0_OFF,ATTACK_DIVERSE_MODERATE,9,r09-t045-c7c65bf8,1789124101713444471,1789124102019718797,0.0,31,0,0.0,False,False,False,False
B0_OFF,ATTACK_DIVERSE_MODERATE,9,r09-t046-8bfc794f,1789124102029649405,1789124102343295173,0.0,31,0,0.0,False,False,False,False
B0_OFF,ATTACK_DIVERSE_MODERATE,9,r09-t047-6849f99a,1789124102353722736,1789124102658706769,0.0,31,0,0.0,False,False,False,False
B0_OFF,ATTACK_DIVERSE_MODERATE,9,r09-t048-8845da26,1789124102671662780,1789124102985910246,0.0,31,0,0.0,False,False,False,False
B0_OFF,ATTACK_DIVERSE_MODERATE,9,r09-t049-5b7a51d2,1789124102996848102,1789124103308974545,0.0,31,0,0.0,False,False,False,False
B0_OFF,BENIGN_DIVERSE_HIGH,9,r09-t000-eb6b6cc8,1789124117132603295,1789124117882469497,0.0,136,0,0.0,False,False,False,False
B0_OFF,BENIGN_DIVERSE_HIGH,9,r09-t001-f1ed46ed,1789124117895676623,1789124118237979242,0.0,242,0,0.0,False,False,False,False
B0_OFF,BENIGN_DIVERSE_HIGH,9,r09-t002-eacad27d,1789124118250057330,1789124118586097251,0.0,314,0,0.0,False,False,False,False
B0_OFF,BENIGN_DIVERSE_HIGH,9,r09-t003-a6b20705,1789124118597963018,1789124118932379367,0.0,384,0,0.0,False,False,False,False
B0_OFF,BENIGN_DIVERSE_HIGH,9,r09-t004-5d417a2d,1789124118943295737,1789124119280089452,0.0,405,0,0.0,False,False,False,False
B0_OFF,BENIGN_DIVERSE_HIGH,9,r09-t005-abf72287,1789124119291584225,1789124119645383966,0.0,406,0,0.0,False,False,False,False
B0_OFF,BENIGN_DIVERSE_HIGH,9,r09-t006-1570c97a,1789124119657409826,1789124120007881237,0.0,406,0,0.0,False,False,False,False
B0_OFF,BENIGN_DIVERSE_HIGH,9,r09-t007-71987bd7,1789124120019596239,1789124120358541844,0.0,405,0,0.0,False,False,False,False
B0_OFF,BENIGN_DIVERSE_HIGH,9,r09-t008-0779cd6b,1789124120370455678,1789124120722638835,0.0,406,0,0.0,False,False,False,False
B0_OFF,BENIGN_DIVERSE_HIGH,9,r09-t009-a0ed5984,1789124120736036963,1789124121077753364,0.0,406,0,0.0,False,False,False,False
B0_OFF,BENIGN_DIVERSE_HIGH,9,r09-t010-a6e980ad,1789124121089004016,1789124121408047010,0.0,406,0,0.0,False,False,False,False
B0_OFF,BENIGN_DIVERSE_HIGH,9,r09-t011-97dfd979,1789124121419140204,1789124121757623916,0.0,406,0,0.0,False,False,False,False
B0_OFF,BENIGN_DIVERSE_HIGH,9,r09-t012-90f43c59,1789124121768389156,1789124122117368149,0.0,406,0,0.0,False,False,False,False
B0_OFF,BENIGN_DIVERSE_HIGH,9,r09-t013-c4792c90,1789124122128445001,1789124122460651776,0.0,406,0,0.0,False,False,False,False
B0_OFF,BENIGN_DIVERSE_HIGH,9,r09-t014-eb622b37,1789124122472226699,1789124122812712706,0.0,406,0,0.0,False,False,False,False
B0_OFF,BENIGN_DIVERSE_HIGH,9,r09-t015-9c3cfc2d,1789124122823511856,1789124123185343111,0.0,406,0,0.0,False,False,False,False
B0_OFF,BENIGN_DIVERSE_HIGH,9,r09-t016-3dbe7f41,1789124123196473049,1789124123531020557,0.0,406,0,0.0,False,False,False,False
B0_OFF,BENIGN_DIVERSE_HIGH,9,r09-t017-80233e2c,1789124123542284810,1789124123884791625,0.0,406,0,0.0,False,False,False,False
B0_OFF,BENIGN_DIVERSE_HIGH,9,r09-t018-942bf001,1789124123896591923,1789124124244204977,0.0,406,0,0.0,False,False,False,False
B0_OFF,BENIGN_DIVERSE_HIGH,9,r09-t019-220eaae4,1789124124255397917,1789124124600116910,0.0,406,0,0.0,False,False,False,False
B0_OFF,BENIGN_DIVERSE_HIGH,9,r09-t020-064c8d3b,1789124124611645643,1789124124957779409,0.0,406,0,0.0,False,False,False,False
B0_OFF,BENIGN_DIVERSE_HIGH,9,r09-t021-55773956,1789124124968782963,1789124125300645254,0.0,406,0,0.0,False,False,False,False
B0_OFF,BENIGN_DIVERSE_HIGH,9,r09-t022-e274834c,1789124125312211487,1789124125647964547,0.0,406,0,0.0,False,False,False,False
B0_OFF,BENIGN_DIVERSE_HIGH,9,r09-t023-9c5d5aa1,1789124125659125467,1789124126013920354,0.0,406,0,0.0,False,False,False,False
B0_OFF,BENIGN_DIVERSE_HIGH,9,r09-t024-fb5a9d22,1789124126025047741,1789124126364470258,0.0,406,0,0.0,False,False,False,False
B0_OFF,BENIGN_DIVERSE_HIGH,9,r09-t025-54d4983a,1789124126376829551,1789124126708598613,0.0,406,0,0.0,False,False,False,False
B0_OFF,BENIGN_DIVERSE_HIGH,9,r09-t026-f68377c0,1789124126720822831,1789124127064516306,0.0,406,0,0.0,False,False,False,False
B0_OFF,BENIGN_DIVERSE_HIGH,9,r09-t027-727a29d3,1789124127077027863,1789124127400129854,0.0,406,0,0.0,False,False,False,False
B0_OFF,BENIGN_DIVERSE_HIGH,9,r09-t028-fbfa3610,1789124127411196127,1789124127758140123,0.0,406,0,0.0,False,False,False,False
B0_OFF,BENIGN_DIVERSE_HIGH,9,r09-t029-5bbec6ab,1789124127769356708,1789124128107805517,0.0,406,0,0.0,False,False,False,False
B0_OFF,BENIGN_DIVERSE_HIGH,9,r09-t030-7ab9f1d5,1789124128119362312,1789124128467413016,0.0,406,0,0.0,False,False,False,False
B0_OFF,BENIGN_DIVERSE_HIGH,9,r09-t031-c69a66ca,1789124128478896377,1789124128828068098,0.0,406,0,0.0,False,False,False,False
B0_OFF,BENIGN_DIVERSE_HIGH,9,r09-t032-1c19e120,1789124128839787029,1789124129184313390,0.0,406,0,0.0,False,False,False,False
B0_OFF,BENIGN_DIVERSE_HIGH,9,r09-t033-b6772c52,1789124129196391290,1789124129562379972,0.0,406,0,0.0,False,False,False,False
B0_OFF,BENIGN_DIVERSE_HIGH,9,r09-t034-9aba920c,1789124129574760374,1789124129904055337,0.0,406,0,0.0,False,False,False,False
B0_OFF,BENIGN_DIVERSE_HIGH,9,r09-t035-9cffd99c,1789124129916216191,1789124130284351793,0.0,406,0,0.0,False,False,False,False
B0_OFF,BENIGN_DIVERSE_HIGH,9,r09-t036-6fe31ea0,1789124130296432709,1789124130647932531,0.0,406,0,0.0,False,False,False,False
B0_OFF,BENIGN_DIVERSE_HIGH,9,r09-t037-2174731a,1789124130659533348,1789124131012549824,0.0,406,0,0.0,False,False,False,False
B0_OFF,BENIGN_DIVERSE_HIGH,9,r09-t038-2cf63adc,1789124131023653950,1789124131357512544,0.0,406,0,0.0,False,False,False,False
B0_OFF,BENIGN_DIVERSE_HIGH,9,r09-t039-4c8b0275,1789124131369073863,1789124131690525191,0.0,406,0,0.0,False,False,False,False
B0_OFF,BENIGN_DIVERSE_HIGH,9,r09-t040-1350cac6,1789124131704941937,1789124132052869152,0.0,406,0,0.0,False,False,False,False
B0_OFF,BENIGN_DIVERSE_HIGH,9,r09-t041-b34c70c0,1789124132063781823,1789124132400181843,0.0,406,0,0.0,False,False,False,False
B0_OFF,BENIGN_DIVERSE_HIGH,9,r09-t042-ebdf1a90,1789124132412487019,1789124132749099516,0.0,406,0,0.0,False,False,False,False
B0_OFF,BENIGN_DIVERSE_HIGH,9,r09-t043-8c0ff662,1789124132759958172,1789124133104042800,0.0,406,0,0.0,False,False,False,False
B0_OFF,BENIGN_DIVERSE_HIGH,9,r09-t044-439e9c3a,1789124133115231483,1789124133462781537,0.0,406,0,0.0,False,False,False,False
B0_OFF,BENIGN_DIVERSE_HIGH,9,r09-t045-a600cb46,1789124133474248401,1789124133838332522,0.0,406,0,0.0,False,False,False,False
B0_OFF,BENIGN_DIVERSE_HIGH,9,r09-t046-7c2ab1db,1789124133850305786,1789124134167986452,0.0,406,0,0.0,False,False,False,False
B0_OFF,BENIGN_DIVERSE_HIGH,9,r09-t047-23e213ce,1789124134179280054,1789124134505443954,0.0,406,0,0.0,False,False,False,False
B0_OFF,BENIGN_DIVERSE_HIGH,9,r09-t048-4f3f4dbe,1789124134516868493,1789124134857625700,0.0,406,0,0.0,False,False,False,False
B0_OFF,BENIGN_DIVERSE_HIGH,9,r09-t049-6ec1d77d,1789124134868251895,1789124135220228894,0.0,406,0,0.0,False,False,False,False
RFC_DROP_NATIVE,BENIGN_DIVERSE_HIGH,9,r09-t000-eb6b6cc8,1789124150146612086,1789124152158360787,0.0,330,0,0.0,False,False,False,False
RFC_DROP_NATIVE,BENIGN_DIVERSE_HIGH,9,r09-t001-f1ed46ed,1789124150154207137,1789124152166285778,0.0,332,0,0.0,False,False,False,False
RFC_DROP_NATIVE,BENIGN_DIVERSE_HIGH,9,r09-t002-eacad27d,1789124150164132253,1789124152174357998,0.0,334,0,0.0,False,False,False,False
RFC_DROP_NATIVE,BENIGN_DIVERSE_HIGH,9,r09-t003-a6b20705,1789124150173629276,1789124152182456644,0.0,336,0,0.0,False,False,False,False
RFC_DROP_NATIVE,BENIGN_DIVERSE_HIGH,9,r09-t004-5d417a2d,1789124150183446802,1789124152193975402,0.0,338,0,0.0,False,False,False,False
RFC_DROP_NATIVE,BENIGN_DIVERSE_HIGH,9,r09-t005-abf72287,1789124150193590022,1789124152202326032,0.0,340,0,0.0,False,False,False,False
RFC_DROP_NATIVE,BENIGN_DIVERSE_HIGH,9,r09-t006-1570c97a,1789124150203219454,1789124152213342046,0.0,342,0,0.0,False,False,False,False
RFC_DROP_NATIVE,BENIGN_DIVERSE_HIGH,9,r09-t007-71987bd7,1789124150213807281,1789124152222324055,0.0,344,0,0.0,False,False,False,False
RFC_DROP_NATIVE,BENIGN_DIVERSE_HIGH,9,r09-t008-0779cd6b,1789124150224045067,1789124152234373023,0.0,346,0,0.0,False,False,False,False
RFC_DROP_NATIVE,BENIGN_DIVERSE_HIGH,9,r09-t009-a0ed5984,1789124150233702152,1789124152242254317,0.0,348,0,0.0,False,False,False,False
RFC_DROP_NATIVE,BENIGN_DIVERSE_HIGH,9,r09-t010-a6e980ad,1789124150243735611,1789124152254010904,0.0,350,0,0.0,False,False,False,False
RFC_DROP_NATIVE,BENIGN_DIVERSE_HIGH,9,r09-t011-97dfd979,1789124150253821545,1789124152262543871,0.0,352,0,0.0,False,False,False,False
RFC_DROP_NATIVE,BENIGN_DIVERSE_HIGH,9,r09-t012-90f43c59,1789124150263853211,1789124152284262286,0.0,354,0,0.0,False,False,False,False
RFC_DROP_NATIVE,BENIGN_DIVERSE_HIGH,9,r09-t013-c4792c90,1789124150273986711,1789124152282340024,0.0,356,0,0.0,False,False,False,False
RFC_DROP_NATIVE,BENIGN_DIVERSE_HIGH,9,r09-t014-eb622b37,1789124150283426824,1789124152293846607,0.0,358,0,0.0,False,False,False,False
RFC_DROP_NATIVE,BENIGN_DIVERSE_HIGH,9,r09-t015-9c3cfc2d,1789124150293056068,1789124152302366738,0.0,360,0,0.0,False,False,False,False
RFC_DROP_NATIVE,BENIGN_DIVERSE_HIGH,9,r09-t016-3dbe7f41,1789124150303406444,1789124152313808957,0.0,362,0,0.0,False,False,False,False
RFC_DROP_NATIVE,BENIGN_DIVERSE_HIGH,9,r09-t017-80233e2c,1789124150313369688,1789124152322287280,0.0,364,0,0.0,False,False,False,False
RFC_DROP_NATIVE,BENIGN_DIVERSE_HIGH,9,r09-t018-942bf001,1789124150323411924,1789124152333909097,0.0,366,0,0.0,False,False,False,False
RFC_DROP_NATIVE,BENIGN_DIVERSE_HIGH,9,r09-t019-220eaae4,1789124150333662167,1789124152342333908,0.0,368,0,0.0,False,False,False,False
RFC_DROP_NATIVE,BENIGN_DIVERSE_HIGH,9,r09-t020-064c8d3b,1789124150343642020,1789124152364644724,0.0,370,0,0.0,False,False,False,False
RFC_DROP_NATIVE,BENIGN_DIVERSE_HIGH,9,r09-t021-55773956,1789124150353950871,1789124152362382895,0.0,372,0,0.0,False,False,False,False
RFC_DROP_NATIVE,BENIGN_DIVERSE_HIGH,9,r09-t022-e274834c,1789124150363848995,1789124152374601739,0.0,374,0,0.0,False,False,False,False
RFC_DROP_NATIVE,BENIGN_DIVERSE_HIGH,9,r09-t023-9c5d5aa1,1789124150373530146,1789124152382535696,0.0,376,0,0.0,False,False,False,False
RFC_DROP_NATIVE,BENIGN_DIVERSE_HIGH,9,r09-t024-fb5a9d22,1789124150383479517,1789124152404868599,0.0,378,0,0.0,False,False,False,False
RFC_DROP_NATIVE,BENIGN_DIVERSE_HIGH,9,r09-t025-54d4983a,1789124150393854809,1789124152414668287,0.0,380,0,0.0,False,False,False,False
RFC_DROP_NATIVE,BENIGN_DIVERSE_HIGH,9,r09-t026-f68377c0,1789124150403518783,1789124152424941463,0.0,382,0,0.0,False,False,False,False
RFC_DROP_NATIVE,BENIGN_DIVERSE_HIGH,9,r09-t027-727a29d3,1789124150413343765,1789124152424648612,0.0,384,0,0.0,False,False,False,False
RFC_DROP_NATIVE,BENIGN_DIVERSE_HIGH,9,r09-t028-fbfa3610,1789124150423744255,1789124152469813950,0.0,386,0,0.0,False,False,False,False
RFC_DROP_NATIVE,BENIGN_DIVERSE_HIGH,9,r09-t029-5bbec6ab,1789124150459461173,1789124152473264169,0.0,393,0,0.0,False,False,False,False
RFC_DROP_NATIVE,BENIGN_DIVERSE_HIGH,9,r09-t030-7ab9f1d5,1789124150461226865,1789124152474875933,0.0,393,0,0.0,False,False,False,False
RFC_DROP_NATIVE,BENIGN_DIVERSE_HIGH,9,r09-t031-c69a66ca,1789124150463212549,1789124152475185205,0.0,394,0,0.0,False,False,False,False
RFC_DROP_NATIVE,BENIGN_DIVERSE_HIGH,9,r09-t032-1c19e120,1789124150464903495,1789124152487309391,0.0,394,0,0.0,False,False,False,False
RFC_DROP_NATIVE,BENIGN_DIVERSE_HIGH,9,r09-t033-b6772c52,1789124150473923821,1789124152484544155,0.0,396,0,0.0,False,False,False,False
RFC_DROP_NATIVE,BENIGN_DIVERSE_HIGH,9,r09-t034-9aba920c,1789124150483407160,1789124152493934439,0.0,398,0,0.0,False,False,False,False
RFC_DROP_NATIVE,BENIGN_DIVERSE_HIGH,9,r09-t035-9cffd99c,1789124150493524710,1789124152505760771,0.0,400,0,0.0,False,False,False,False
RFC_DROP_NATIVE,BENIGN_DIVERSE_HIGH,9,r09-t036-6fe31ea0,1789124150504056005,1789124152514366312,0.0,400,0,0.0,False,False,False,False
RFC_DROP_NATIVE,BENIGN_DIVERSE_HIGH,9,r09-t037-2174731a,1789124150513582567,1789124152526379414,0.0,400,0,0.0,False,False,False,False
RFC_DROP_NATIVE,BENIGN_DIVERSE_HIGH,9,r09-t038-2cf63adc,1789124150523861501,1789124152537970466,0.0,401,0,0.0,False,False,False,False
RFC_DROP_NATIVE,BENIGN_DIVERSE_HIGH,9,r09-t039-4c8b0275,1789124150533941960,1789124152556558503,0.0,401,0,0.0,False,False,False,False
RFC_DROP_NATIVE,BENIGN_DIVERSE_HIGH,9,r09-t040-1350cac6,1789124150544225328,1789124152567117829,0.0,401,0,0.0,False,False,False,False
RFC_DROP_NATIVE,BENIGN_DIVERSE_HIGH,9,r09-t041-b34c70c0,1789124150554047385,1789124152567275061,0.0,401,0,0.0,False,False,False,False
RFC_DROP_NATIVE,BENIGN_DIVERSE_HIGH,9,r09-t042-ebdf1a90,1789124150563676912,1789124152574427769,0.0,401,0,0.0,False,False,False,False
RFC_DROP_NATIVE,BENIGN_DIVERSE_HIGH,9,r09-t043-8c0ff662,1789124150574024740,1789124152585930766,0.0,401,0,0.0,False,False,False,False
RFC_DROP_NATIVE,BENIGN_DIVERSE_HIGH,9,r09-t044-439e9c3a,1789124150584017996,1789124152597084289,0.0,401,0,0.0,False,False,False,False
RFC_DROP_NATIVE,BENIGN_DIVERSE_HIGH,9,r09-t045-a600cb46,1789124150593819383,1789124152606413037,0.0,401,0,0.0,False,False,False,False
RFC_DROP_NATIVE,BENIGN_DIVERSE_HIGH,9,r09-t046-7c2ab1db,1789124150603626055,1789124152624697748,0.0,401,0,0.0,False,False,False,False
RFC_DROP_NATIVE,BENIGN_DIVERSE_HIGH,9,r09-t047-23e213ce,1789124150613822409,1789124152624820627,0.0,401,0,0.0,False,False,False,False
RFC_DROP_NATIVE,BENIGN_DIVERSE_HIGH,9,r09-t048-4f3f4dbe,1789124150624104456,1789124152635085875,0.0,401,0,0.0,False,False,False,False
RFC_DROP_NATIVE,BENIGN_DIVERSE_HIGH,9,r09-t049-6ec1d77d,1789124150633862620,1789124152642419127,0.0,401,0,0.0,False,False,False,False
RFC_DROP_NATIVE,ATTACK_DIVERSE_MODERATE,9,r09-t000-0d2c26f9,1789124185052398275,1789124187074805019,0.0,24,0,0.0,False,False,False,False
RFC_DROP_NATIVE,ATTACK_DIVERSE_MODERATE,9,r09-t001-ef1a3695,1789124185057728445,1789124187079090826,0.0,24,0,0.0,False,False,False,False
RFC_DROP_NATIVE,ATTACK_DIVERSE_MODERATE,9,r09-t002-275dcfdf,1789124185066642955,1789124187076450988,0.0,24,0,0.0,False,False,False,False
RFC_DROP_NATIVE,ATTACK_DIVERSE_MODERATE,9,r09-t003-bd2b4e97,1789124185076314240,1789124187086555875,0.0,24,0,0.0,False,False,False,False
RFC_DROP_NATIVE,ATTACK_DIVERSE_MODERATE,9,r09-t004-ec0e07a9,1789124185086660375,1789124187096144103,0.0,24,0,0.0,False,False,False,False
RFC_DROP_NATIVE,ATTACK_DIVERSE_MODERATE,9,r09-t005-3d7c282d,1789124185096596879,1789124187106658428,0.0,24,0,0.0,False,False,False,False
RFC_DROP_NATIVE,ATTACK_DIVERSE_MODERATE,9,r09-t006-0cbd9fc7,1789124185106537254,1789124187115972374,0.0,24,0,0.0,False,False,False,False
RFC_DROP_NATIVE,ATTACK_DIVERSE_MODERATE,9,r09-t007-75bc22c6,1789124185116432513,1789124187126155600,0.0,24,0,0.0,False,False,False,False
RFC_DROP_NATIVE,ATTACK_DIVERSE_MODERATE,9,r09-t008-8ca4f6b3,1789124185126419325,1789124187135786017,0.0,24,0,0.0,False,False,False,False
RFC_DROP_NATIVE,ATTACK_DIVERSE_MODERATE,9,r09-t009-08896b4e,1789124185136556304,1789124187146756410,0.0,24,0,0.0,False,False,False,False
RFC_DROP_NATIVE,ATTACK_DIVERSE_MODERATE,9,r09-t010-827a18cf,1789124185147055623,1789124187156178330,0.0,24,0,0.0,False,False,False,False
RFC_DROP_NATIVE,ATTACK_DIVERSE_MODERATE,9,r09-t011-d94b772e,1789124185156810248,1789124187166854242,0.0,24,0,0.0,False,False,False,False
RFC_DROP_NATIVE,ATTACK_DIVERSE_MODERATE,9,r09-t012-d2931e16,1789124185166401496,1789124187175947990,0.0,24,0,0.0,False,False,False,False
RFC_DROP_NATIVE,ATTACK_DIVERSE_MODERATE,9,r09-t013-faa3615c,1789124185176829649,1789124187185688364,0.0,24,0,0.0,False,False,False,False
RFC_DROP_NATIVE,ATTACK_DIVERSE_MODERATE,9,r09-t014-33744663,1789124185186717358,1789124187195691127,0.0,24,0,0.0,False,False,False,False
RFC_DROP_NATIVE,ATTACK_DIVERSE_MODERATE,9,r09-t015-e4075e42,1789124185196469246,1789124187206868408,0.0,24,0,0.0,False,False,False,False
RFC_DROP_NATIVE,ATTACK_DIVERSE_MODERATE,9,r09-t016-e4bc93ee,1789124185206569321,1789124187216221799,0.0,25,0,0.0,False,False,False,False
RFC_DROP_NATIVE,ATTACK_DIVERSE_MODERATE,9,r09-t017-80648295,1789124185217869869,1789124187227618369,0.0,25,0,0.0,False,False,False,False
RFC_DROP_NATIVE,ATTACK_DIVERSE_MODERATE,9,r09-t018-ec0c47ab,1789124185226701131,1789124187235946065,0.0,25,0,0.0,False,False,False,False
RFC_DROP_NATIVE,ATTACK_DIVERSE_MODERATE,9,r09-t019-77b1c135,1789124185236873788,1789124187247633883,0.0,25,0,0.0,False,False,False,False
RFC_DROP_NATIVE,ATTACK_DIVERSE_MODERATE,9,r09-t020-5dc4afd0,1789124185247194060,1789124187257874129,0.0,25,0,0.0,False,False,False,False
RFC_DROP_NATIVE,ATTACK_DIVERSE_MODERATE,9,r09-t021-57958ede,1789124185256802484,1789124187267104944,0.0,25,0,0.0,False,False,False,False
RFC_DROP_NATIVE,ATTACK_DIVERSE_MODERATE,9,r09-t022-9da590f9,1789124185267420255,1789124187278001979,0.0,25,0,0.0,False,False,False,False
RFC_DROP_NATIVE,ATTACK_DIVERSE_MODERATE,9,r09-t023-db27b6d2,1789124185277048313,1789124187287446640,0.0,25,0,0.0,False,False,False,False
RFC_DROP_NATIVE,ATTACK_DIVERSE_MODERATE,9,r09-t024-5285e5bc,1789124185286831821,1789124187305950552,0.0,25,0,0.0,False,False,False,False
RFC_DROP_NATIVE,ATTACK_DIVERSE_MODERATE,9,r09-t025-1fcdfea6,1789124185297547564,1789124187307782780,0.0,25,0,0.0,False,False,False,False
RFC_DROP_NATIVE,ATTACK_DIVERSE_MODERATE,9,r09-t026-595828cb,1789124185307438104,1789124187316207371,0.0,25,0,0.0,False,False,False,False
RFC_DROP_NATIVE,ATTACK_DIVERSE_MODERATE,9,r09-t027-e104120c,1789124185317034259,1789124187327293391,0.0,25,0,0.0,False,False,False,False
RFC_DROP_NATIVE,ATTACK_DIVERSE_MODERATE,9,r09-t028-fce0b692,1789124185326997473,1789124187376693184,0.0,25,0,0.0,False,False,False,False
RFC_DROP_NATIVE,ATTACK_DIVERSE_MODERATE,9,r09-t029-c94e7d0e,1789124185357052389,1789124187377822200,0.0,25,0,0.0,False,False,False,False
RFC_DROP_NATIVE,ATTACK_DIVERSE_MODERATE,9,r09-t030-420e7438,1789124185359614738,1789124187382195328,0.0,25,0,0.0,False,False,False,False
RFC_DROP_NATIVE,ATTACK_DIVERSE_MODERATE,9,r09-t031-069d4b69,1789124185361396431,1789124187382598440,0.0,25,0,0.0,False,False,False,False
RFC_DROP_NATIVE,ATTACK_DIVERSE_MODERATE,9,r09-t032-ccd6c8c3,1789124185367030991,1789124187379869968,0.0,25,0,0.0,False,False,False,False
RFC_DROP_NATIVE,ATTACK_DIVERSE_MODERATE,9,r09-t033-3ebe8c2f,1789124185377309167,1789124187388562265,0.0,25,0,0.0,False,False,False,False
RFC_DROP_NATIVE,ATTACK_DIVERSE_MODERATE,9,r09-t034-6e2ecc0a,1789124185387309098,1789124187395824506,0.0,25,0,0.0,False,False,False,False
RFC_DROP_NATIVE,ATTACK_DIVERSE_MODERATE,9,r09-t035-f4e12878,1789124185396828425,1789124187405762959,0.0,25,0,0.0,False,False,False,False
RFC_DROP_NATIVE,ATTACK_DIVERSE_MODERATE,9,r09-t036-13ddb02a,1789124185406619106,1789124187415939740,0.0,25,0,0.0,False,False,False,False
RFC_DROP_NATIVE,ATTACK_DIVERSE_MODERATE,9,r09-t037-5fc016eb,1789124185416433287,1789124187427096569,0.0,25,0,0.0,False,False,False,False
RFC_DROP_NATIVE,ATTACK_DIVERSE_MODERATE,9,r09-t038-e5a7cb74,1789124185426431050,1789124187435786136,0.0,25,0,0.0,False,False,False,False
RFC_DROP_NATIVE,ATTACK_DIVERSE_MODERATE,9,r09-t039-caebfa19,1789124185436185204,1789124187446565748,0.0,25,0,0.0,False,False,False,False
RFC_DROP_NATIVE,ATTACK_DIVERSE_MODERATE,9,r09-t040-497831ac,1789124185446492450,1789124187455995155,0.0,25,0,0.0,False,False,False,False
RFC_DROP_NATIVE,ATTACK_DIVERSE_MODERATE,9,r09-t041-8551b9da,1789124185456393372,1789124187466321653,0.0,25,0,0.0,False,False,False,False
RFC_DROP_NATIVE,ATTACK_DIVERSE_MODERATE,9,r09-t042-7ac3d49f,1789124185466369237,1789124187475905489,0.0,25,0,0.0,False,False,False,False
RFC_DROP_NATIVE,ATTACK_DIVERSE_MODERATE,9,r09-t043-b154b3ca,1789124185476566810,1789124187486735761,0.0,25,0,0.0,False,False,False,False
RFC_DROP_NATIVE,ATTACK_DIVERSE_MODERATE,9,r09-t044-418943d9,1789124185486623466,1789124187505971133,0.0,25,0,0.0,False,False,False,False
RFC_DROP_NATIVE,ATTACK_DIVERSE_MODERATE,9,r09-t045-c7c65bf8,1789124185496234155,1789124187506320761,0.0,25,0,0.0,False,False,False,False
RFC_DROP_NATIVE,ATTACK_DIVERSE_MODERATE,9,r09-t046-8bfc794f,1789124185506665896,1789124187516487372,0.0,26,0,0.0,False,False,False,False
RFC_DROP_NATIVE,ATTACK_DIVERSE_MODERATE,9,r09-t047-6849f99a,1789124185516387205,1789124187525612819,0.0,26,0,0.0,False,False,False,False
RFC_DROP_NATIVE,ATTACK_DIVERSE_MODERATE,9,r09-t048-8845da26,1789124185526386853,1789124187536349964,0.0,26,0,0.0,False,False,False,False
RFC_DROP_NATIVE,ATTACK_DIVERSE_MODERATE,9,r09-t049-5b7a51d2,1789124185537043134,1789124187545422398,0.0,26,0,0.0,False,False,False,False
B5_LOCKED_TC,BENIGN_DIVERSE_MODERATE,9,r09-t000-0d2c26f9,1789124218564702790,1789124218917035211,0.0,24,0,0.0,False,False,False,False
B5_LOCKED_TC,BENIGN_DIVERSE_MODERATE,9,r09-t001-ef1a3695,1789124218926953698,1789124219281777761,0.0,25,0,0.0,False,False,False,False
B5_LOCKED_TC,BENIGN_DIVERSE_MODERATE,9,r09-t002-275dcfdf,1789124219292040926,1789124219623216878,0.0,26,0,0.0,False,False,False,False
B5_LOCKED_TC,BENIGN_DIVERSE_MODERATE,9,r09-t003-bd2b4e97,1789124219633305958,1789124219950605211,0.0,27,0,0.0,False,False,False,False
B5_LOCKED_TC,BENIGN_DIVERSE_MODERATE,9,r09-t004-ec0e07a9,1789124219960561195,1789124220290131154,0.0,28,0,0.0,False,False,False,False
B5_LOCKED_TC,BENIGN_DIVERSE_MODERATE,9,r09-t005-3d7c282d,1789124220300598258,1789124220635367999,0.0,29,0,0.0,False,False,False,False
B5_LOCKED_TC,BENIGN_DIVERSE_MODERATE,9,r09-t006-0cbd9fc7,1789124220646171000,1789124220978581153,0.0,30,0,0.0,False,False,False,False
B5_LOCKED_TC,BENIGN_DIVERSE_MODERATE,9,r09-t007-75bc22c6,1789124220990213408,1789124221311500851,0.0,30,0,0.0,False,False,False,False
B5_LOCKED_TC,BENIGN_DIVERSE_MODERATE,9,r09-t008-8ca4f6b3,1789124221323484894,1789124221648450608,0.0,30,0,0.0,False,False,False,False
B5_LOCKED_TC,BENIGN_DIVERSE_MODERATE,9,r09-t009-08896b4e,1789124221658494586,1789124222007722848,0.0,30,0,0.0,False,False,False,False
B5_LOCKED_TC,BENIGN_DIVERSE_MODERATE,9,r09-t010-827a18cf,1789124222021159320,1789124222358893518,0.0,30,0,0.0,False,False,False,False
B5_LOCKED_TC,BENIGN_DIVERSE_MODERATE,9,r09-t011-d94b772e,1789124222370465248,1789124222720009516,0.0,30,0,0.0,False,False,False,False
B5_LOCKED_TC,BENIGN_DIVERSE_MODERATE,9,r09-t012-d2931e16,1789124222730901079,1789124223070884604,0.0,30,0,0.0,False,False,False,False
B5_LOCKED_TC,BENIGN_DIVERSE_MODERATE,9,r09-t013-faa3615c,1789124223083452973,1789124223416825113,0.0,30,0,0.0,False,False,False,False
B5_LOCKED_TC,BENIGN_DIVERSE_MODERATE,9,r09-t014-33744663,1789124223428381009,1789124223759706747,0.0,30,0,0.0,False,False,False,False
B5_LOCKED_TC,BENIGN_DIVERSE_MODERATE,9,r09-t015-e4075e42,1789124223770782312,1789124224121420841,0.0,30,0,0.0,False,False,False,False
B5_LOCKED_TC,BENIGN_DIVERSE_MODERATE,9,r09-t016-e4bc93ee,1789124224134450337,1789124224495970592,0.0,30,0,0.0,False,False,False,False
B5_LOCKED_TC,BENIGN_DIVERSE_MODERATE,9,r09-t017-80648295,1789124224505625114,1789124224872849023,0.0,30,0,0.0,False,False,False,False
B5_LOCKED_TC,BENIGN_DIVERSE_MODERATE,9,r09-t018-ec0c47ab,1789124224883922339,1789124225199499133,0.0,30,0,0.0,False,False,False,False
B5_LOCKED_TC,BENIGN_DIVERSE_MODERATE,9,r09-t019-77b1c135,1789124225210449063,1789124225546369485,0.0,30,0,0.0,False,False,False,False
B5_LOCKED_TC,BENIGN_DIVERSE_MODERATE,9,r09-t020-5dc4afd0,1789124225556656205,1789124225888539942,0.0,30,0,0.0,False,False,False,False
B5_LOCKED_TC,BENIGN_DIVERSE_MODERATE,9,r09-t021-57958ede,1789124225899381383,1789124226215495377,0.0,30,0,0.0,False,False,False,False
B5_LOCKED_TC,BENIGN_DIVERSE_MODERATE,9,r09-t022-9da590f9,1789124226225751274,1789124226563614667,0.0,30,0,0.0,False,False,False,False
B5_LOCKED_TC,BENIGN_DIVERSE_MODERATE,9,r09-t023-db27b6d2,1789124226573820254,1789124226922787691,0.0,30,0,0.0,False,False,False,False
B5_LOCKED_TC,BENIGN_DIVERSE_MODERATE,9,r09-t024-5285e5bc,1789124226934317637,1789124227288241389,0.0,30,0,0.0,False,False,False,False
B5_LOCKED_TC,BENIGN_DIVERSE_MODERATE,9,r09-t025-1fcdfea6,1789124227298631447,1789124227640744099,0.0,30,0,0.0,False,False,False,False
B5_LOCKED_TC,BENIGN_DIVERSE_MODERATE,9,r09-t026-595828cb,1789124227652821268,1789124227980543998,0.0,30,0,0.0,False,False,False,False
B5_LOCKED_TC,BENIGN_DIVERSE_MODERATE,9,r09-t027-e104120c,1789124227990804674,1789124228331317718,0.0,30,0,0.0,False,False,False,False
B5_LOCKED_TC,BENIGN_DIVERSE_MODERATE,9,r09-t028-fce0b692,1789124228341444702,1789124228658185274,0.0,30,0,0.0,False,False,False,False
B5_LOCKED_TC,BENIGN_DIVERSE_MODERATE,9,r09-t029-c94e7d0e,1789124228668445388,1789124229021683072,0.0,30,0,0.0,False,False,False,False
B5_LOCKED_TC,BENIGN_DIVERSE_MODERATE,9,r09-t030-420e7438,1789124229033167858,1789124229369601325,0.0,30,0,0.0,False,False,False,False
B5_LOCKED_TC,BENIGN_DIVERSE_MODERATE,9,r09-t031-069d4b69,1789124229379792039,1789124229715271043,0.0,30,0,0.0,False,False,False,False
B5_LOCKED_TC,BENIGN_DIVERSE_MODERATE,9,r09-t032-ccd6c8c3,1789124229725784753,1789124230068932003,0.0,30,0,0.0,False,False,False,False
B5_LOCKED_TC,BENIGN_DIVERSE_MODERATE,9,r09-t033-3ebe8c2f,1789124230080681922,1789124230449416187,0.0,30,0,0.0,False,False,False,False
B5_LOCKED_TC,BENIGN_DIVERSE_MODERATE,9,r09-t034-6e2ecc0a,1789124230461755201,1789124230790664521,0.0,30,0,0.0,False,False,False,False
B5_LOCKED_TC,BENIGN_DIVERSE_MODERATE,9,r09-t035-f4e12878,1789124230803491970,1789124231144369046,0.0,30,0,0.0,False,False,False,False
B5_LOCKED_TC,BENIGN_DIVERSE_MODERATE,9,r09-t036-13ddb02a,1789124231155001439,1789124231490140358,0.0,30,0,0.0,False,False,False,False
B5_LOCKED_TC,BENIGN_DIVERSE_MODERATE,9,r09-t037-5fc016eb,1789124231501366254,1789124231851341490,0.0,30,0,0.0,False,False,False,False
B5_LOCKED_TC,BENIGN_DIVERSE_MODERATE,9,r09-t038-e5a7cb74,1789124231863161926,1789124232209160085,0.0,30,0,0.0,False,False,False,False
B5_LOCKED_TC,BENIGN_DIVERSE_MODERATE,9,r09-t039-caebfa19,1789124232219849376,1789124232555012801,0.0,30,0,0.0,False,False,False,False
B5_LOCKED_TC,BENIGN_DIVERSE_MODERATE,9,r09-t040-497831ac,1789124232565964245,1789124232917580752,0.0,30,0,0.0,False,False,False,False
B5_LOCKED_TC,BENIGN_DIVERSE_MODERATE,9,r09-t041-8551b9da,1789124232930127366,1789124233267723403,0.0,30,0,0.0,False,False,False,False
B5_LOCKED_TC,BENIGN_DIVERSE_MODERATE,9,r09-t042-7ac3d49f,1789124233278421614,1789124233603516577,0.0,30,0,0.0,False,False,False,False
B5_LOCKED_TC,BENIGN_DIVERSE_MODERATE,9,r09-t043-b154b3ca,1789124233613632174,1789124233937988096,0.0,30,0,0.0,False,False,False,False
B5_LOCKED_TC,BENIGN_DIVERSE_MODERATE,9,r09-t044-418943d9,1789124233950537618,1789124234279607686,0.0,30,0,0.0,False,False,False,False
B5_LOCKED_TC,BENIGN_DIVERSE_MODERATE,9,r09-t045-c7c65bf8,1789124234289537562,1789124234619781120,0.0,30,0,0.0,False,False,False,False
B5_LOCKED_TC,BENIGN_DIVERSE_MODERATE,9,r09-t046-8bfc794f,1789124234630048639,1789124234973544799,0.0,30,0,0.0,False,False,False,False
B5_LOCKED_TC,BENIGN_DIVERSE_MODERATE,9,r09-t047-6849f99a,1789124234985446828,1789124235317580945,0.0,30,0,0.0,False,False,False,False
B5_LOCKED_TC,BENIGN_DIVERSE_MODERATE,9,r09-t048-8845da26,1789124235327861515,1789124235657335891,0.0,30,0,0.0,False,False,False,False
B5_LOCKED_TC,BENIGN_DIVERSE_MODERATE,9,r09-t049-5b7a51d2,1789124235667490362,1789124236361668312,0.0,30,0,0.0,False,False,False,False
B1_RL2_TC,BENIGN_DIVERSE_HIGH,9,r09-t000-eb6b6cc8,1789124250305508750,1789124251481294424,0.0,400,0,0.0,False,False,False,False
B1_RL2_TC,BENIGN_DIVERSE_HIGH,9,r09-t001-f1ed46ed,1789124251494081654,1789124251895000203,0.0,403,0,0.0,False,False,False,False
B1_RL2_TC,BENIGN_DIVERSE_HIGH,9,r09-t002-eacad27d,1789124251906224042,1789124252315842086,0.0,404,0,0.0,False,False,False,False
B1_RL2_TC,BENIGN_DIVERSE_HIGH,9,r09-t003-a6b20705,1789124252329635992,1789124252748034115,0.0,405,0,0.0,False,False,False,False
B1_RL2_TC,BENIGN_DIVERSE_HIGH,9,r09-t004-5d417a2d,1789124252759036325,1789124253140440787,0.0,405,0,0.0,False,False,False,False
B1_RL2_TC,BENIGN_DIVERSE_HIGH,9,r09-t005-abf72287,1789124253151259441,1789124253577263658,0.0,405,0,0.0,False,False,False,False
B1_RL2_TC,BENIGN_DIVERSE_HIGH,9,r09-t006-1570c97a,1789124253588553248,1789124253989768813,0.0,405,0,0.0,False,False,False,False
B1_RL2_TC,BENIGN_DIVERSE_HIGH,9,r09-t007-71987bd7,1789124254001003892,1789124254371330662,0.0,405,0,0.0,False,False,False,False
B1_RL2_TC,BENIGN_DIVERSE_HIGH,9,r09-t008-0779cd6b,1789124254382119370,1789124254784440994,0.0,405,0,0.0,False,False,False,False
B1_RL2_TC,BENIGN_DIVERSE_HIGH,9,r09-t009-a0ed5984,1789124254795266827,1789124255191226429,0.0,405,0,0.0,False,False,False,False
B1_RL2_TC,BENIGN_DIVERSE_HIGH,9,r09-t010-a6e980ad,1789124255202097409,1789124255574316375,0.0,405,0,0.0,False,False,False,False
B1_RL2_TC,BENIGN_DIVERSE_HIGH,9,r09-t011-97dfd979,1789124255586032272,1789124255995081595,0.0,405,0,0.0,False,False,False,False
B1_RL2_TC,BENIGN_DIVERSE_HIGH,9,r09-t012-90f43c59,1789124256006361035,1789124256392901064,0.0,405,0,0.0,False,False,False,False
B1_RL2_TC,BENIGN_DIVERSE_HIGH,9,r09-t013-c4792c90,1789124256403729247,1789124256788944351,0.0,405,0,0.0,False,False,False,False
B1_RL2_TC,BENIGN_DIVERSE_HIGH,9,r09-t014-eb622b37,1789124256799764144,1789124257206066995,0.0,405,0,0.0,False,False,False,False
B1_RL2_TC,BENIGN_DIVERSE_HIGH,9,r09-t015-9c3cfc2d,1789124257216904322,1789124257605315271,0.0,405,0,0.0,False,False,False,False
B1_RL2_TC,BENIGN_DIVERSE_HIGH,9,r09-t016-3dbe7f41,1789124257616736865,1789124257998853785,0.0,405,0,0.0,False,False,False,False
B1_RL2_TC,BENIGN_DIVERSE_HIGH,9,r09-t017-80233e2c,1789124258009956568,1789124258408469749,0.0,405,0,0.0,False,False,False,False
B1_RL2_TC,BENIGN_DIVERSE_HIGH,9,r09-t018-942bf001,1789124258419843645,1789124258818549696,0.0,405,0,0.0,False,False,False,False
B1_RL2_TC,BENIGN_DIVERSE_HIGH,9,r09-t019-220eaae4,1789124258831420929,1789124259203695230,0.0,405,0,0.0,False,False,False,False
B1_RL2_TC,BENIGN_DIVERSE_HIGH,9,r09-t020-064c8d3b,1789124259215017091,1789124259609722162,0.0,405,0,0.0,False,False,False,False
B1_RL2_TC,BENIGN_DIVERSE_HIGH,9,r09-t021-55773956,1789124259620978128,1789124260013679740,0.0,405,0,0.0,False,False,False,False
B1_RL2_TC,BENIGN_DIVERSE_HIGH,9,r09-t022-e274834c,1789124260026052490,1789124260434181861,0.0,405,0,0.0,False,False,False,False
B1_RL2_TC,BENIGN_DIVERSE_HIGH,9,r09-t023-9c5d5aa1,1789124260445034930,1789124260836819416,0.0,405,0,0.0,False,False,False,False
B1_RL2_TC,BENIGN_DIVERSE_HIGH,9,r09-t024-fb5a9d22,1789124260849056704,1789124261229557415,0.0,405,0,0.0,False,False,False,False
B1_RL2_TC,BENIGN_DIVERSE_HIGH,9,r09-t025-54d4983a,1789124261239880609,1789124261634133857,0.0,405,0,0.0,False,False,False,False
B1_RL2_TC,BENIGN_DIVERSE_HIGH,9,r09-t026-f68377c0,1789124261645843533,1789124262057731240,0.0,405,0,0.0,False,False,False,False
B1_RL2_TC,BENIGN_DIVERSE_HIGH,9,r09-t027-727a29d3,1789124262069957593,1789124262476029961,0.0,405,0,0.0,False,False,False,False
B1_RL2_TC,BENIGN_DIVERSE_HIGH,9,r09-t028-fbfa3610,1789124262487373314,1789124262891913275,0.0,405,0,0.0,False,False,False,False
B1_RL2_TC,BENIGN_DIVERSE_HIGH,9,r09-t029-5bbec6ab,1789124262904537246,1789124263291432010,0.0,405,0,0.0,False,False,False,False
B1_RL2_TC,BENIGN_DIVERSE_HIGH,9,r09-t030-7ab9f1d5,1789124263303523097,1789124263720168533,0.0,405,0,0.0,False,False,False,False
B1_RL2_TC,BENIGN_DIVERSE_HIGH,9,r09-t031-c69a66ca,1789124263730932517,1789124264120226207,0.0,405,0,0.0,False,False,False,False
B1_RL2_TC,BENIGN_DIVERSE_HIGH,9,r09-t032-1c19e120,1789124264132495099,1789124264512037199,0.0,404,0,0.0,False,False,False,False
B1_RL2_TC,BENIGN_DIVERSE_HIGH,9,r09-t033-b6772c52,1789124264526458664,1789124264953396348,0.0,405,0,0.0,False,False,False,False
B1_RL2_TC,BENIGN_DIVERSE_HIGH,9,r09-t034-9aba920c,1789124264964132687,1789124265394469652,0.0,405,0,0.0,False,False,False,False
B1_RL2_TC,BENIGN_DIVERSE_HIGH,9,r09-t035-9cffd99c,1789124265405307446,1789124265807254507,0.0,405,0,0.0,False,False,False,False
B1_RL2_TC,BENIGN_DIVERSE_HIGH,9,r09-t036-6fe31ea0,1789124265817657895,1789124266211988354,0.0,405,0,0.0,False,False,False,False
B1_RL2_TC,BENIGN_DIVERSE_HIGH,9,r09-t037-2174731a,1789124266226203710,1789124266614538037,0.0,405,0,0.0,False,False,False,False
B1_RL2_TC,BENIGN_DIVERSE_HIGH,9,r09-t038-2cf63adc,1789124266625639109,1789124267014121247,0.0,405,0,0.0,False,False,False,False
B1_RL2_TC,BENIGN_DIVERSE_HIGH,9,r09-t039-4c8b0275,1789124267025855595,1789124267444530708,0.0,405,0,0.0,False,False,False,False
B1_RL2_TC,BENIGN_DIVERSE_HIGH,9,r09-t040-1350cac6,1789124267455581475,1789124267843065418,0.0,405,0,0.0,False,False,False,False
B1_RL2_TC,BENIGN_DIVERSE_HIGH,9,r09-t041-b34c70c0,1789124267853677923,1789124268234068996,0.0,405,0,0.0,False,False,False,False
B1_RL2_TC,BENIGN_DIVERSE_HIGH,9,r09-t042-ebdf1a90,1789124268245453373,1789124268673292028,0.0,405,0,0.0,False,False,False,False
B1_RL2_TC,BENIGN_DIVERSE_HIGH,9,r09-t043-8c0ff662,1789124268685156698,1789124269076273769,0.0,405,0,0.0,False,False,False,False
B1_RL2_TC,BENIGN_DIVERSE_HIGH,9,r09-t044-439e9c3a,1789124269088422306,1789124269521196087,0.0,405,0,0.0,False,False,False,False
B1_RL2_TC,BENIGN_DIVERSE_HIGH,9,r09-t045-a600cb46,1789124269532230963,1789124269944807737,0.0,405,0,0.0,False,False,False,False
B1_RL2_TC,BENIGN_DIVERSE_HIGH,9,r09-t046-7c2ab1db,1789124269956391358,1789124270371058268,0.0,405,0,0.0,False,False,False,False
B1_RL2_TC,BENIGN_DIVERSE_HIGH,9,r09-t047-23e213ce,1789124270382154826,1789124270776058871,0.0,405,0,0.0,False,False,False,False
B1_RL2_TC,BENIGN_DIVERSE_HIGH,9,r09-t048-4f3f4dbe,1789124270787579588,1789124271155983304,0.0,405,0,0.0,False,False,False,False
B1_RL2_TC,BENIGN_DIVERSE_HIGH,9,r09-t049-6ec1d77d,1789124271167260170,1789124271571471991,0.0,405,0,0.0,False,False,False,False
B5_LOCKED_TC,BENIGN_DIVERSE_HIGH,9,r09-t000-eb6b6cc8,1789124286556144922,1789124287793595812,0.0,400,0,0.0,False,False,False,False
B5_LOCKED_TC,BENIGN_DIVERSE_HIGH,9,r09-t001-f1ed46ed,1789124287805207054,1789124288199014383,0.0,403,0,0.0,False,False,False,False
B5_LOCKED_TC,BENIGN_DIVERSE_HIGH,9,r09-t002-eacad27d,1789124288210462009,1789124288638705968,0.0,404,0,0.0,False,False,False,False
B5_LOCKED_TC,BENIGN_DIVERSE_HIGH,9,r09-t003-a6b20705,1789124288650516701,1789124289046055666,0.0,405,0,0.0,False,False,False,False
B5_LOCKED_TC,BENIGN_DIVERSE_HIGH,9,r09-t004-5d417a2d,1789124289058453763,1789124289455586700,0.0,405,0,0.0,False,False,False,False
B5_LOCKED_TC,BENIGN_DIVERSE_HIGH,9,r09-t005-abf72287,1789124289466432866,1789124289889191741,0.0,405,0,0.0,False,False,False,False
B5_LOCKED_TC,BENIGN_DIVERSE_HIGH,9,r09-t006-1570c97a,1789124289900916765,1789124290302881208,0.0,405,0,0.0,False,False,False,False
B5_LOCKED_TC,BENIGN_DIVERSE_HIGH,9,r09-t007-71987bd7,1789124290315259603,1789124290687747458,0.0,405,0,0.0,False,False,False,False
B5_LOCKED_TC,BENIGN_DIVERSE_HIGH,9,r09-t008-0779cd6b,1789124290699798649,1789124291089626872,0.0,405,0,0.0,False,False,False,False
B5_LOCKED_TC,BENIGN_DIVERSE_HIGH,9,r09-t009-a0ed5984,1789124291101011024,1789124291499027062,0.0,405,0,0.0,False,False,False,False
B5_LOCKED_TC,BENIGN_DIVERSE_HIGH,9,r09-t010-a6e980ad,1789124291510934401,1789124291941161357,0.0,405,0,0.0,False,False,False,False
B5_LOCKED_TC,BENIGN_DIVERSE_HIGH,9,r09-t011-97dfd979,1789124291952835194,1789124292331252492,0.0,405,0,0.0,False,False,False,False
B5_LOCKED_TC,BENIGN_DIVERSE_HIGH,9,r09-t012-90f43c59,1789124292343098556,1789124292758105322,0.0,405,0,0.0,False,False,False,False
B5_LOCKED_TC,BENIGN_DIVERSE_HIGH,9,r09-t013-c4792c90,1789124292768990609,1789124293168955727,0.0,405,0,0.0,False,False,False,False
B5_LOCKED_TC,BENIGN_DIVERSE_HIGH,9,r09-t014-eb622b37,1789124293180274269,1789124293575336615,0.0,405,0,0.0,False,False,False,False
B5_LOCKED_TC,BENIGN_DIVERSE_HIGH,9,r09-t015-9c3cfc2d,1789124293586743109,1789124293987708126,0.0,405,0,0.0,False,False,False,False
B5_LOCKED_TC,BENIGN_DIVERSE_HIGH,9,r09-t016-3dbe7f41,1789124293999033265,1789124294380603537,0.0,405,0,0.0,False,False,False,False
B5_LOCKED_TC,BENIGN_DIVERSE_HIGH,9,r09-t017-80233e2c,1789124294392468549,1789124294768223914,0.0,405,0,0.0,False,False,False,False
B5_LOCKED_TC,BENIGN_DIVERSE_HIGH,9,r09-t018-942bf001,1789124294779302828,1789124295177332723,0.0,405,0,0.0,False,False,False,False
B5_LOCKED_TC,BENIGN_DIVERSE_HIGH,9,r09-t019-220eaae4,1789124295188952639,1789124295593836366,0.0,405,0,0.0,False,False,False,False
B5_LOCKED_TC,BENIGN_DIVERSE_HIGH,9,r09-t020-064c8d3b,1789124295606019156,1789124295995529790,0.0,405,0,0.0,False,False,False,False
B5_LOCKED_TC,BENIGN_DIVERSE_HIGH,9,r09-t021-55773956,1789124296006222017,1789124296412438784,0.0,405,0,0.0,False,False,False,False
B5_LOCKED_TC,BENIGN_DIVERSE_HIGH,9,r09-t022-e274834c,1789124296423170603,1789124296822715758,0.0,405,0,0.0,False,False,False,False
B5_LOCKED_TC,BENIGN_DIVERSE_HIGH,9,r09-t023-9c5d5aa1,1789124296834502999,1789124297215773070,0.0,405,0,0.0,False,False,False,False
B5_LOCKED_TC,BENIGN_DIVERSE_HIGH,9,r09-t024-fb5a9d22,1789124297226691012,1789124297613379070,0.0,405,0,0.0,False,False,False,False
B5_LOCKED_TC,BENIGN_DIVERSE_HIGH,9,r09-t025-54d4983a,1789124297625626926,1789124298029925288,0.0,405,0,0.0,False,False,False,False
B5_LOCKED_TC,BENIGN_DIVERSE_HIGH,9,r09-t026-f68377c0,1789124298040598908,1789124298415217829,0.0,405,0,0.0,False,False,False,False
B5_LOCKED_TC,BENIGN_DIVERSE_HIGH,9,r09-t027-727a29d3,1789124298426456537,1789124298831167004,0.0,405,0,0.0,False,False,False,False
B5_LOCKED_TC,BENIGN_DIVERSE_HIGH,9,r09-t028-fbfa3610,1789124298842091732,1789124299263671054,0.0,405,0,0.0,False,False,False,False
B5_LOCKED_TC,BENIGN_DIVERSE_HIGH,9,r09-t029-5bbec6ab,1789124299274644985,1789124299699180771,0.0,405,0,0.0,False,False,False,False
B5_LOCKED_TC,BENIGN_DIVERSE_HIGH,9,r09-t030-7ab9f1d5,1789124299711019161,1789124300105468019,0.0,405,0,0.0,False,False,False,False
B5_LOCKED_TC,BENIGN_DIVERSE_HIGH,9,r09-t031-c69a66ca,1789124300116478995,1789124300531607449,0.0,405,0,0.0,False,False,False,False
B5_LOCKED_TC,BENIGN_DIVERSE_HIGH,9,r09-t032-1c19e120,1789124300542382303,1789124300935205459,0.0,405,0,0.0,False,False,False,False
B5_LOCKED_TC,BENIGN_DIVERSE_HIGH,9,r09-t033-b6772c52,1789124300947069206,1789124301329426208,0.0,405,0,0.0,False,False,False,False
B5_LOCKED_TC,BENIGN_DIVERSE_HIGH,9,r09-t034-9aba920c,1789124301341556521,1789124301728698348,0.0,405,0,0.0,False,False,False,False
B5_LOCKED_TC,BENIGN_DIVERSE_HIGH,9,r09-t035-9cffd99c,1789124301739731852,1789124302143961782,0.0,405,0,0.0,False,False,False,False
B5_LOCKED_TC,BENIGN_DIVERSE_HIGH,9,r09-t036-6fe31ea0,1789124302155396362,1789124302555545590,0.0,405,0,0.0,False,False,False,False
B5_LOCKED_TC,BENIGN_DIVERSE_HIGH,9,r09-t037-2174731a,1789124302567294338,1789124302951013209,0.0,405,0,0.0,False,False,False,False
B5_LOCKED_TC,BENIGN_DIVERSE_HIGH,9,r09-t038-2cf63adc,1789124302963112322,1789124303354292810,0.0,405,0,0.0,False,False,False,False
B5_LOCKED_TC,BENIGN_DIVERSE_HIGH,9,r09-t039-4c8b0275,1789124303366019880,1789124303770678409,0.0,405,0,0.0,False,False,False,False
B5_LOCKED_TC,BENIGN_DIVERSE_HIGH,9,r09-t040-1350cac6,1789124303783322533,1789124304154521514,0.0,405,0,0.0,False,False,False,False
B5_LOCKED_TC,BENIGN_DIVERSE_HIGH,9,r09-t041-b34c70c0,1789124304166073543,1789124304549387379,0.0,405,0,0.0,False,False,False,False
B5_LOCKED_TC,BENIGN_DIVERSE_HIGH,9,r09-t042-ebdf1a90,1789124304560482717,1789124304963329956,0.0,405,0,0.0,False,False,False,False
B5_LOCKED_TC,BENIGN_DIVERSE_HIGH,9,r09-t043-8c0ff662,1789124304975805852,1789124305387477207,0.0,405,0,0.0,False,False,False,False
B5_LOCKED_TC,BENIGN_DIVERSE_HIGH,9,r09-t044-439e9c3a,1789124307200854846,1789124309211161469,0.0,137,0,0.0,False,False,False,False
B5_LOCKED_TC,BENIGN_DIVERSE_HIGH,9,r09-t045-a600cb46,1789124309223006686,1789124309599748532,0.0,311,0,0.0,False,False,False,False
B5_LOCKED_TC,BENIGN_DIVERSE_HIGH,9,r09-t046-7c2ab1db,1789124309611141833,1789124310018924810,0.0,390,0,0.0,False,False,False,False
B5_LOCKED_TC,BENIGN_DIVERSE_HIGH,9,r09-t047-23e213ce,1789124310030725005,1789124310435147030,0.0,403,0,0.0,False,False,False,False
B5_LOCKED_TC,BENIGN_DIVERSE_HIGH,9,r09-t048-4f3f4dbe,1789124310445857738,1789124310822674809,0.0,403,0,0.0,False,False,False,False
B5_LOCKED_TC,BENIGN_DIVERSE_HIGH,9,r09-t049-6ec1d77d,1789124310833626577,1789124311290947021,0.0,404,0,0.0,False,False,False,False
B1_RL2_TC,ATTACK_DIVERSE_MODERATE,10,r10-t000-47eec575,1789124323676460327,1789124323945473222,0.0,24,0,0.0,False,False,False,False
B1_RL2_TC,ATTACK_DIVERSE_MODERATE,10,r10-t001-5d782e03,1789124323955467792,1789124324178543722,0.0,25,0,0.0,False,False,False,False
B1_RL2_TC,ATTACK_DIVERSE_MODERATE,10,r10-t002-a11006ed,1789124324188735868,1789124324468296531,0.0,26,0,0.0,False,False,False,False
B1_RL2_TC,ATTACK_DIVERSE_MODERATE,10,r10-t003-5d37b114,1789124324478194377,1789124324813356870,0.0,27,0,0.0,False,False,False,False
B1_RL2_TC,ATTACK_DIVERSE_MODERATE,10,r10-t004-accda484,1789124324824172737,1789124325132515488,0.0,28,0,0.0,False,False,False,False
B1_RL2_TC,ATTACK_DIVERSE_MODERATE,10,r10-t005-8bce3a51,1789124325142268625,1789124325481405676,0.0,29,0,0.0,False,False,False,False
B1_RL2_TC,ATTACK_DIVERSE_MODERATE,10,r10-t006-de5e35b7,1789124325491775022,1789124325798488416,0.0,30,0,0.0,False,False,False,False
B1_RL2_TC,ATTACK_DIVERSE_MODERATE,10,r10-t007-a72d6eb5,1789124325811034119,1789124326148958284,0.0,31,0,0.0,False,False,False,False
B1_RL2_TC,ATTACK_DIVERSE_MODERATE,10,r10-t008-eb7d8e3c,1789124326159466046,1789124326515955551,0.0,30,0,0.0,False,False,False,False
B1_RL2_TC,ATTACK_DIVERSE_MODERATE,10,r10-t009-6c97eade,1789124326525948899,1789124326838679393,0.0,30,0,0.0,False,False,False,False
B1_RL2_TC,ATTACK_DIVERSE_MODERATE,10,r10-t010-76d6b5db,1789124326850622973,1789124327174508615,0.0,30,0,0.0,False,False,False,False
B1_RL2_TC,ATTACK_DIVERSE_MODERATE,10,r10-t011-b10a76f8,1789124327184597372,1789124327542012129,0.0,30,0,0.0,False,False,False,False
B1_RL2_TC,ATTACK_DIVERSE_MODERATE,10,r10-t012-d02582a7,1789124327551964252,1789124327846612551,0.0,30,0,0.0,False,False,False,False
B1_RL2_TC,ATTACK_DIVERSE_MODERATE,10,r10-t013-534a0b88,1789124327857709196,1789124328165008655,0.0,30,0,0.0,False,False,False,False
B1_RL2_TC,ATTACK_DIVERSE_MODERATE,10,r10-t014-2064e0c2,1789124328175956835,1789124328510511758,0.0,30,0,0.0,False,False,False,False
B1_RL2_TC,ATTACK_DIVERSE_MODERATE,10,r10-t015-ce1e644a,1789124328520712075,1789124328868523099,0.0,30,0,0.0,False,False,False,False
B1_RL2_TC,ATTACK_DIVERSE_MODERATE,10,r10-t016-02b4f77e,1789124328880616647,1789124329220978321,0.0,30,0,0.0,False,False,False,False
B1_RL2_TC,ATTACK_DIVERSE_MODERATE,10,r10-t017-be3d2d58,1789124329231162110,1789124329578254004,0.0,30,0,0.0,False,False,False,False
B1_RL2_TC,ATTACK_DIVERSE_MODERATE,10,r10-t018-ad9f8be9,1789124329588652179,1789124329880444055,0.0,30,0,0.0,False,False,False,False
B1_RL2_TC,ATTACK_DIVERSE_MODERATE,10,r10-t019-c4f8b785,1789124329891049949,1789124330265921489,0.0,30,0,0.0,False,False,False,False
B1_RL2_TC,ATTACK_DIVERSE_MODERATE,10,r10-t020-8bab0d9b,1789124330275684768,1789124330590320044,0.0,30,0,0.0,False,False,False,False
B1_RL2_TC,ATTACK_DIVERSE_MODERATE,10,r10-t021-c4291c6f,1789124330600491532,1789124330915677265,0.0,30,0,0.0,False,False,False,False
B1_RL2_TC,ATTACK_DIVERSE_MODERATE,10,r10-t022-a8a70f55,1789124330925882671,1789124331269181299,0.0,30,0,0.0,False,False,False,False
B1_RL2_TC,ATTACK_DIVERSE_MODERATE,10,r10-t023-6be45202,1789124331280050124,1789124331580044850,0.0,30,0,0.0,False,False,False,False
B1_RL2_TC,ATTACK_DIVERSE_MODERATE,10,r10-t024-48d96a55,1789124331590666436,1789124331908229829,0.0,30,0,0.0,False,False,False,False
B1_RL2_TC,ATTACK_DIVERSE_MODERATE,10,r10-t025-a8008826,1789124331918332888,1789124332265534962,0.0,30,0,0.0,False,False,False,False
B1_RL2_TC,ATTACK_DIVERSE_MODERATE,10,r10-t026-2aa0ea72,1789124332275602553,1789124332572412340,0.0,30,0,0.0,False,False,False,False
B1_RL2_TC,ATTACK_DIVERSE_MODERATE,10,r10-t027-29ba0cfc,1789124332582930542,1789124332906123420,0.0,30,0,0.0,False,False,False,False
B1_RL2_TC,ATTACK_DIVERSE_MODERATE,10,r10-t028-614dd3a9,1789124332915957167,1789124333242000963,0.0,30,0,0.0,False,False,False,False
B1_RL2_TC,ATTACK_DIVERSE_MODERATE,10,r10-t029-f86f0a3d,1789124333253385581,1789124333573993833,0.0,30,0,0.0,False,False,False,False
B1_RL2_TC,ATTACK_DIVERSE_MODERATE,10,r10-t030-7e792b0d,1789124333584195277,1789124333900224967,0.0,30,0,0.0,False,False,False,False
B1_RL2_TC,ATTACK_DIVERSE_MODERATE,10,r10-t031-be6dbe61,1789124333909821948,1789124334229416441,0.0,30,0,0.0,False,False,False,False
B1_RL2_TC,ATTACK_DIVERSE_MODERATE,10,r10-t032-401b5353,1789124334241234881,1789124334564401063,0.0,30,0,0.0,False,False,False,False
B1_RL2_TC,ATTACK_DIVERSE_MODERATE,10,r10-t033-356f79d5,1789124334574949167,1789124334892749798,0.0,30,0,0.0,False,False,False,False
B1_RL2_TC,ATTACK_DIVERSE_MODERATE,10,r10-t034-e35b37cf,1789124334902710419,1789124335241383792,0.0,30,0,0.0,False,False,False,False
B1_RL2_TC,ATTACK_DIVERSE_MODERATE,10,r10-t035-229790c4,1789124335251267912,1789124335558299802,0.0,30,0,0.0,False,False,False,False
B1_RL2_TC,ATTACK_DIVERSE_MODERATE,10,r10-t036-f4c53564,1789124335570344631,1789124335898370382,0.0,30,0,0.0,False,False,False,False
B1_RL2_TC,ATTACK_DIVERSE_MODERATE,10,r10-t037-e9485170,1789124335909155160,1789124336232370677,0.0,30,0,0.0,False,False,False,False
B1_RL2_TC,ATTACK_DIVERSE_MODERATE,10,r10-t038-5314e4cd,1789124336242362520,1789124336590086235,0.0,30,0,0.0,False,False,False,False
B1_RL2_TC,ATTACK_DIVERSE_MODERATE,10,r10-t039-6b36ff12,1789124336599962904,1789124336951629212,0.0,30,0,0.0,False,False,False,False
B1_RL2_TC,ATTACK_DIVERSE_MODERATE,10,r10-t040-c6010576,1789124336962160714,1789124337264314547,0.0,30,0,0.0,False,False,False,False
B1_RL2_TC,ATTACK_DIVERSE_MODERATE,10,r10-t041-9bfbd75e,1789124338078622608,1789124338401124427,0.0,21,0,0.0,False,False,False,False
B1_RL2_TC,ATTACK_DIVERSE_MODERATE,10,r10-t042-4418cd84,1789124339467964877,1789124339743996629,0.0,4,0,0.0,False,False,False,False
B1_RL2_TC,ATTACK_DIVERSE_MODERATE,10,r10-t043-880f993d,1789124339754225523,1789124340079343570,0.0,7,0,0.0,False,False,False,False
B1_RL2_TC,ATTACK_DIVERSE_MODERATE,10,r10-t044-82a68d75,1789124340091025985,1789124340415003966,0.0,12,0,0.0,False,False,False,False
B1_RL2_TC,ATTACK_DIVERSE_MODERATE,10,r10-t045-6b4ae4e9,1789124340425991648,1789124340777027649,0.0,14,0,0.0,False,False,False,False
B1_RL2_TC,ATTACK_DIVERSE_MODERATE,10,r10-t046-d3db39dd,1789124340787276335,1789124341087371872,0.0,19,0,0.0,False,False,False,False
B1_RL2_TC,ATTACK_DIVERSE_MODERATE,10,r10-t047-ada82ef9,1789124341097191109,1789124341437703346,0.0,23,0,0.0,False,False,False,False
B1_RL2_TC,ATTACK_DIVERSE_MODERATE,10,r10-t048-55ac25a9,1789124341450567744,1789124341743021425,0.0,29,0,0.0,False,False,False,False
B1_RL2_TC,ATTACK_DIVERSE_MODERATE,10,r10-t049-a65c31e8,1789124341752864090,1789124342041007407,0.0,30,0,0.0,False,False,False,False
B0_OFF,ATTACK_DIVERSE_MODERATE,10,r10-t000-47eec575,1789124352468949903,1789124352608944458,0.0,24,0,0.0,False,False,False,False
B0_OFF,ATTACK_DIVERSE_MODERATE,10,r10-t001-5d782e03,1789124352619435279,1789124352889904876,0.0,25,0,0.0,False,False,False,False
B0_OFF,ATTACK_DIVERSE_MODERATE,10,r10-t002-a11006ed,1789124352899971025,1789124353218263300,0.0,26,0,0.0,False,False,False,False
B0_OFF,ATTACK_DIVERSE_MODERATE,10,r10-t003-5d37b114,1789124353228457310,1789124353538660966,0.0,27,0,0.0,False,False,False,False
B0_OFF,ATTACK_DIVERSE_MODERATE,10,r10-t004-accda484,1789124353554159214,1789124353865769802,0.0,28,0,0.0,False,False,False,False
B0_OFF,ATTACK_DIVERSE_MODERATE,10,r10-t005-8bce3a51,1789124353876228706,1789124354201298141,0.0,29,0,0.0,False,False,False,False
B0_OFF,ATTACK_DIVERSE_MODERATE,10,r10-t006-de5e35b7,1789124354212482553,1789124354561171898,0.0,30,0,0.0,False,False,False,False
B0_OFF,ATTACK_DIVERSE_MODERATE,10,r10-t007-a72d6eb5,1789124354571995474,1789124354888532805,0.0,31,0,0.0,False,False,False,False
B0_OFF,ATTACK_DIVERSE_MODERATE,10,r10-t008-eb7d8e3c,1789124354899033829,1789124355237270168,0.0,30,0,0.0,False,False,False,False
B0_OFF,ATTACK_DIVERSE_MODERATE,10,r10-t009-6c97eade,1789124355247609728,1789124355560635579,0.0,30,0,0.0,False,False,False,False
B0_OFF,ATTACK_DIVERSE_MODERATE,10,r10-t010-76d6b5db,1789124355570545038,1789124355918704221,0.0,30,0,0.0,False,False,False,False
B0_OFF,ATTACK_DIVERSE_MODERATE,10,r10-t011-b10a76f8,1789124355929624300,1789124356229016829,0.0,30,0,0.0,False,False,False,False
B0_OFF,ATTACK_DIVERSE_MODERATE,10,r10-t012-d02582a7,1789124356239060421,1789124356597258888,0.0,30,0,0.0,False,False,False,False
B0_OFF,ATTACK_DIVERSE_MODERATE,10,r10-t013-534a0b88,1789124356608148541,1789124356915816114,0.0,30,0,0.0,False,False,False,False
B0_OFF,ATTACK_DIVERSE_MODERATE,10,r10-t014-2064e0c2,1789124356925689013,1789124357237994265,0.0,30,0,0.0,False,False,False,False
B0_OFF,ATTACK_DIVERSE_MODERATE,10,r10-t015-ce1e644a,1789124357247848476,1789124357566904634,0.0,30,0,0.0,False,False,False,False
B0_OFF,ATTACK_DIVERSE_MODERATE,10,r10-t016-02b4f77e,1789124357577104617,1789124357893025070,0.0,30,0,0.0,False,False,False,False
B0_OFF,ATTACK_DIVERSE_MODERATE,10,r10-t017-be3d2d58,1789124357903029535,1789124358259421520,0.0,31,0,0.0,False,False,False,False
B0_OFF,ATTACK_DIVERSE_MODERATE,10,r10-t018-ad9f8be9,1789124358270098841,1789124358576911188,0.0,30,0,0.0,False,False,False,False
B0_OFF,ATTACK_DIVERSE_MODERATE,10,r10-t019-c4f8b785,1789124358587451589,1789124358932386531,0.0,30,0,0.0,False,False,False,False
B0_OFF,ATTACK_DIVERSE_MODERATE,10,r10-t020-8bab0d9b,1789124358943924148,1789124359267642683,0.0,30,0,0.0,False,False,False,False
B0_OFF,ATTACK_DIVERSE_MODERATE,10,r10-t021-c4291c6f,1789124359277716452,1789124359585000972,0.0,30,0,0.0,False,False,False,False
B0_OFF,ATTACK_DIVERSE_MODERATE,10,r10-t022-a8a70f55,1789124359595369709,1789124359873389756,0.0,30,0,0.0,False,False,False,False
B0_OFF,ATTACK_DIVERSE_MODERATE,10,r10-t023-6be45202,1789124359885139982,1789124360213794825,0.0,31,0,0.0,False,False,False,False
B0_OFF,ATTACK_DIVERSE_MODERATE,10,r10-t024-48d96a55,1789124360225205197,1789124360527329812,0.0,31,0,0.0,False,False,False,False
B0_OFF,ATTACK_DIVERSE_MODERATE,10,r10-t025-a8008826,1789124360538665056,1789124360844879393,0.0,31,0,0.0,False,False,False,False
B0_OFF,ATTACK_DIVERSE_MODERATE,10,r10-t026-2aa0ea72,1789124360855083789,1789124361207733045,0.0,31,0,0.0,False,False,False,False
B0_OFF,ATTACK_DIVERSE_MODERATE,10,r10-t027-29ba0cfc,1789124361219403262,1789124361533674961,0.0,31,0,0.0,False,False,False,False
B0_OFF,ATTACK_DIVERSE_MODERATE,10,r10-t028-614dd3a9,1789124361543856819,1789124361880187099,0.0,31,0,0.0,False,False,False,False
B0_OFF,ATTACK_DIVERSE_MODERATE,10,r10-t029-f86f0a3d,1789124361892850869,1789124362180910784,0.0,30,0,0.0,False,False,False,False
B0_OFF,ATTACK_DIVERSE_MODERATE,10,r10-t030-7e792b0d,1789124362190836929,1789124362509719638,0.0,31,0,0.0,False,False,False,False
B0_OFF,ATTACK_DIVERSE_MODERATE,10,r10-t031-be6dbe61,1789124362519798854,1789124362881934856,0.0,30,0,0.0,False,False,False,False
B0_OFF,ATTACK_DIVERSE_MODERATE,10,r10-t032-401b5353,1789124362892833236,1789124363217733517,0.0,30,0,0.0,False,False,False,False
B0_OFF,ATTACK_DIVERSE_MODERATE,10,r10-t033-356f79d5,1789124363228225650,1789124363537990204,0.0,30,0,0.0,False,False,False,False
B0_OFF,ATTACK_DIVERSE_MODERATE,10,r10-t034-e35b37cf,1789124363548540747,1789124363891472898,0.0,30,0,0.0,False,False,False,False
B0_OFF,ATTACK_DIVERSE_MODERATE,10,r10-t035-229790c4,1789124363902020438,1789124364237906717,0.0,30,0,0.0,False,False,False,False
B0_OFF,ATTACK_DIVERSE_MODERATE,10,r10-t036-f4c53564,1789124364248658788,1789124364577554977,0.0,30,0,0.0,False,False,False,False
B0_OFF,ATTACK_DIVERSE_MODERATE,10,r10-t037-e9485170,1789124364587532021,1789124364920057765,0.0,30,0,0.0,False,False,False,False
B0_OFF,ATTACK_DIVERSE_MODERATE,10,r10-t038-5314e4cd,1789124364931263534,1789124365258577489,0.0,30,0,0.0,False,False,False,False
B0_OFF,ATTACK_DIVERSE_MODERATE,10,r10-t039-6b36ff12,1789124365270233926,1789124365592165750,0.0,30,0,0.0,False,False,False,False
B0_OFF,ATTACK_DIVERSE_MODERATE,10,r10-t040-c6010576,1789124365602809104,1789124365901406329,0.0,30,0,0.0,False,False,False,False
B0_OFF,ATTACK_DIVERSE_MODERATE,10,r10-t041-9bfbd75e,1789124365912361685,1789124366261166194,0.0,30,0,0.0,False,False,False,False
B0_OFF,ATTACK_DIVERSE_MODERATE,10,r10-t042-4418cd84,1789124366275130945,1789124366583569561,0.0,30,0,0.0,False,False,False,False
B0_OFF,ATTACK_DIVERSE_MODERATE,10,r10-t043-880f993d,1789124366594047233,1789124366951888430,0.0,30,0,0.0,False,False,False,False
B0_OFF,ATTACK_DIVERSE_MODERATE,10,r10-t044-82a68d75,1789124366962632858,1789124367261356470,0.0,30,0,0.0,False,False,False,False
B0_OFF,ATTACK_DIVERSE_MODERATE,10,r10-t045-6b4ae4e9,1789124367271758385,1789124367593067530,0.0,30,0,0.0,False,False,False,False
B0_OFF,ATTACK_DIVERSE_MODERATE,10,r10-t046-d3db39dd,1789124367603705972,1789124367925481276,0.0,30,0,0.0,False,False,False,False
B0_OFF,ATTACK_DIVERSE_MODERATE,10,r10-t047-ada82ef9,1789124367936638870,1789124368276559433,0.0,30,0,0.0,False,False,False,False
B0_OFF,ATTACK_DIVERSE_MODERATE,10,r10-t048-55ac25a9,1789124368287860889,1789124368587718114,0.0,30,0,0.0,False,False,False,False
B0_OFF,ATTACK_DIVERSE_MODERATE,10,r10-t049-a65c31e8,1789124368598267292,1789124368930014531,0.0,30,0,0.0,False,False,False,False
B1_RL2_TC,ATTACK_DIVERSE_HIGH,10,r10-t000-0a6a2e22,1789124382619914542,1789124382928683996,0.0,400,0,0.0,False,False,False,False
B1_RL2_TC,ATTACK_DIVERSE_HIGH,10,r10-t001-04278ed4,1789124382939582077,1789124383176780053,0.0,401,0,0.0,False,False,False,False
B1_RL2_TC,ATTACK_DIVERSE_HIGH,10,r10-t002-634c7e0d,1789124383187381726,1789124383545898119,0.0,402,0,0.0,False,False,False,False
B1_RL2_TC,ATTACK_DIVERSE_HIGH,10,r10-t003-1510ac42,1789124383556627351,1789124383892838672,0.0,403,0,0.0,False,False,False,False
B1_RL2_TC,ATTACK_DIVERSE_HIGH,10,r10-t004-33a7ec5e,1789124383904511336,1789124384274179228,0.0,404,0,0.0,False,False,False,False
B1_RL2_TC,ATTACK_DIVERSE_HIGH,10,r10-t005-01f024fa,1789124384285595835,1789124384677831551,0.0,405,0,0.0,False,False,False,False
B1_RL2_TC,ATTACK_DIVERSE_HIGH,10,r10-t006-8553715f,1789124384689359970,1789124385014696685,0.0,406,0,0.0,False,False,False,False
B1_RL2_TC,ATTACK_DIVERSE_HIGH,10,r10-t007-2d42650e,1789124385026206061,1789124385343850689,0.0,406,0,0.0,False,False,False,False
B1_RL2_TC,ATTACK_DIVERSE_HIGH,10,r10-t008-ee2d6594,1789124385356128236,1789124385747677141,0.0,406,0,0.0,False,False,False,False
B1_RL2_TC,ATTACK_DIVERSE_HIGH,10,r10-t009-22319c06,1789124385759294935,1789124386054982091,0.0,406,0,0.0,False,False,False,False
B1_RL2_TC,ATTACK_DIVERSE_HIGH,10,r10-t010-88506ff7,1789124386067240219,1789124386410035868,0.0,406,0,0.0,False,False,False,False
B1_RL2_TC,ATTACK_DIVERSE_HIGH,10,r10-t011-e4499e43,1789124386421369982,1789124386739593850,0.0,406,0,0.0,False,False,False,False
B1_RL2_TC,ATTACK_DIVERSE_HIGH,10,r10-t012-fe3c362c,1789124386751210513,1789124387096671760,0.0,406,0,0.0,False,False,False,False
B1_RL2_TC,ATTACK_DIVERSE_HIGH,10,r10-t013-8c8fc16a,1789124387107849374,1789124387462597786,0.0,406,0,0.0,False,False,False,False
B1_RL2_TC,ATTACK_DIVERSE_HIGH,10,r10-t014-1b565691,1789124387474402532,1789124387795363271,0.0,406,0,0.0,False,False,False,False
B1_RL2_TC,ATTACK_DIVERSE_HIGH,10,r10-t015-9ff2b29c,1789124387810321122,1789124388151224909,0.0,406,0,0.0,False,False,False,False
B1_RL2_TC,ATTACK_DIVERSE_HIGH,10,r10-t016-7b55ddac,1789124388162158344,1789124388466631393,0.0,405,0,0.0,False,False,False,False
B1_RL2_TC,ATTACK_DIVERSE_HIGH,10,r10-t017-ffad45d5,1789124388477520235,1789124388821074157,0.0,406,0,0.0,False,False,False,False
B1_RL2_TC,ATTACK_DIVERSE_HIGH,10,r10-t018-81a2b4a2,1789124388834451355,1789124389176548032,0.0,406,0,0.0,False,False,False,False
B1_RL2_TC,ATTACK_DIVERSE_HIGH,10,r10-t019-90ff2205,1789124389187937206,1789124389504534036,0.0,406,0,0.0,False,False,False,False
B1_RL2_TC,ATTACK_DIVERSE_HIGH,10,r10-t020-ba00699d,1789124389515502447,1789124389864499470,0.0,406,0,0.0,False,False,False,False
B1_RL2_TC,ATTACK_DIVERSE_HIGH,10,r10-t021-f3df2cc6,1789124389876807091,1789124390194227999,0.0,406,0,0.0,False,False,False,False
B1_RL2_TC,ATTACK_DIVERSE_HIGH,10,r10-t022-684278ef,1789124390205789322,1789124390546211105,0.0,406,0,0.0,False,False,False,False
B1_RL2_TC,ATTACK_DIVERSE_HIGH,10,r10-t023-975bacd7,1789124390557920588,1789124390921484792,0.0,406,0,0.0,False,False,False,False
B1_RL2_TC,ATTACK_DIVERSE_HIGH,10,r10-t024-a54acb64,1789124390934458292,1789124391226911908,0.0,406,0,0.0,False,False,False,False
B1_RL2_TC,ATTACK_DIVERSE_HIGH,10,r10-t025-8b3474fc,1789124391238924901,1789124391581628474,0.0,406,0,0.0,False,False,False,False
B1_RL2_TC,ATTACK_DIVERSE_HIGH,10,r10-t026-213aca6f,1789124391592720585,1789124391918286495,0.0,406,0,0.0,False,False,False,False
B1_RL2_TC,ATTACK_DIVERSE_HIGH,10,r10-t027-19ba65a0,1789124391929305667,1789124392264913399,0.0,406,0,0.0,False,False,False,False
B1_RL2_TC,ATTACK_DIVERSE_HIGH,10,r10-t028-afe66a92,1789124392276283139,1789124392625498777,0.0,406,0,0.0,False,False,False,False
B1_RL2_TC,ATTACK_DIVERSE_HIGH,10,r10-t029-9eafc3b1,1789124392637009120,1789124393001930228,0.0,405,0,0.0,False,False,False,False
B1_RL2_TC,ATTACK_DIVERSE_HIGH,10,r10-t030-a0d41be4,1789124393013366975,1789124393346664357,0.0,406,0,0.0,False,False,False,False
B1_RL2_TC,ATTACK_DIVERSE_HIGH,10,r10-t031-66e4be64,1789124393357932927,1789124393661327039,0.0,406,0,0.0,False,False,False,False
B1_RL2_TC,ATTACK_DIVERSE_HIGH,10,r10-t032-d00614d9,1789124393673095249,1789124394021944134,0.0,406,0,0.0,False,False,False,False
B1_RL2_TC,ATTACK_DIVERSE_HIGH,10,r10-t033-4bef020c,1789124394032986928,1789124394379247268,0.0,406,0,0.0,False,False,False,False
B1_RL2_TC,ATTACK_DIVERSE_HIGH,10,r10-t034-235957d3,1789124394390376835,1789124394739802719,0.0,406,0,0.0,False,False,False,False
B1_RL2_TC,ATTACK_DIVERSE_HIGH,10,r10-t035-2a8a9951,1789124394750581814,1789124395091623843,0.0,406,0,0.0,False,False,False,False
B1_RL2_TC,ATTACK_DIVERSE_HIGH,10,r10-t036-0cf6ddfa,1789124395103445884,1789124395504264712,0.0,406,0,0.0,False,False,False,False
B1_RL2_TC,ATTACK_DIVERSE_HIGH,10,r10-t037-e7bf920a,1789124395515486601,1789124395871874969,0.0,406,0,0.0,False,False,False,False
B1_RL2_TC,ATTACK_DIVERSE_HIGH,10,r10-t038-45d2c0ec,1789124395883177326,1789124396189426602,0.0,406,0,0.0,False,False,False,False
B1_RL2_TC,ATTACK_DIVERSE_HIGH,10,r10-t039-64819559,1789124396200936567,1789124396562561410,0.0,406,0,0.0,False,False,False,False
B1_RL2_TC,ATTACK_DIVERSE_HIGH,10,r10-t040-27c3f352,1789124396575170602,1789124396919649499,0.0,406,0,0.0,False,False,False,False
B1_RL2_TC,ATTACK_DIVERSE_HIGH,10,r10-t041-eeaea7a5,1789124396930558093,1789124397272535687,0.0,406,0,0.0,False,False,False,False
B1_RL2_TC,ATTACK_DIVERSE_HIGH,10,r10-t042-24204506,1789124397284236042,1789124397623822067,0.0,406,0,0.0,False,False,False,False
B1_RL2_TC,ATTACK_DIVERSE_HIGH,10,r10-t043-6201b8fc,1789124397634721529,1789124397998821700,0.0,406,0,0.0,False,False,False,False
B1_RL2_TC,ATTACK_DIVERSE_HIGH,10,r10-t044-9c2cbd50,1789124398010942828,1789124398298470540,0.0,406,0,0.0,False,False,False,False
B1_RL2_TC,ATTACK_DIVERSE_HIGH,10,r10-t045-2e9c06d9,1789124398309450846,1789124398673184676,0.0,406,0,0.0,False,False,False,False
B1_RL2_TC,ATTACK_DIVERSE_HIGH,10,r10-t046-1b33ae08,1789124398684115575,1789124398996914037,0.0,406,0,0.0,False,False,False,False
B1_RL2_TC,ATTACK_DIVERSE_HIGH,10,r10-t047-412df486,1789124399007931526,1789124399361204598,0.0,406,0,0.0,False,False,False,False
B1_RL2_TC,ATTACK_DIVERSE_HIGH,10,r10-t048-a15565e2,1789124399375537080,1789124399724044651,0.0,406,0,0.0,False,False,False,False
B1_RL2_TC,ATTACK_DIVERSE_HIGH,10,r10-t049-5fc50aab,1789124399735939849,1789124400049302235,0.0,406,0,0.0,False,False,False,False
B5_LOCKED_TC,ATTACK_DIVERSE_HIGH,10,r10-t000-0a6a2e22,1789124419840109904,1789124420152945575,0.0,400,0,0.0,False,False,False,False
B5_LOCKED_TC,ATTACK_DIVERSE_HIGH,10,r10-t001-04278ed4,1789124420163621645,1789124420423671433,0.0,401,0,0.0,False,False,False,False
B5_LOCKED_TC,ATTACK_DIVERSE_HIGH,10,r10-t002-634c7e0d,1789124420437323570,1789124420773316803,0.0,398,0,0.0,False,False,False,False
B5_LOCKED_TC,ATTACK_DIVERSE_HIGH,10,r10-t003-1510ac42,1789124420784040541,1789124421098200134,0.0,403,0,0.0,False,False,False,False
B5_LOCKED_TC,ATTACK_DIVERSE_HIGH,10,r10-t004-33a7ec5e,1789124421109147620,1789124421426733130,0.0,404,0,0.0,False,False,False,False
B5_LOCKED_TC,ATTACK_DIVERSE_HIGH,10,r10-t005-01f024fa,1789124421438807828,1789124421749121519,0.0,405,0,0.0,False,False,False,False
B5_LOCKED_TC,ATTACK_DIVERSE_HIGH,10,r10-t006-8553715f,1789124421759963301,1789124422090375676,0.0,406,0,0.0,False,False,False,False
B5_LOCKED_TC,ATTACK_DIVERSE_HIGH,10,r10-t007-2d42650e,1789124422101480774,1789124422428399495,0.0,406,0,0.0,False,False,False,False
B5_LOCKED_TC,ATTACK_DIVERSE_HIGH,10,r10-t008-ee2d6594,1789124422440339945,1789124422768834880,0.0,409,0,0.0,False,False,False,False
B5_LOCKED_TC,ATTACK_DIVERSE_HIGH,10,r10-t009-22319c06,1789124422779851044,1789124423106764866,0.0,406,0,0.0,False,False,False,False
B5_LOCKED_TC,ATTACK_DIVERSE_HIGH,10,r10-t010-88506ff7,1789124423119629132,1789124423450459608,0.0,406,0,0.0,False,False,False,False
B5_LOCKED_TC,ATTACK_DIVERSE_HIGH,10,r10-t011-e4499e43,1789124423461454857,1789124423790083004,0.0,406,0,0.0,False,False,False,False
B5_LOCKED_TC,ATTACK_DIVERSE_HIGH,10,r10-t012-fe3c362c,1789124423801223336,1789124424146485623,0.0,406,0,0.0,False,False,False,False
B5_LOCKED_TC,ATTACK_DIVERSE_HIGH,10,r10-t013-8c8fc16a,1789124424160304887,1789124424493502985,0.0,406,0,0.0,False,False,False,False
B5_LOCKED_TC,ATTACK_DIVERSE_HIGH,10,r10-t014-1b565691,1789124424504395032,1789124424828721038,0.0,406,0,0.0,False,False,False,False
B5_LOCKED_TC,ATTACK_DIVERSE_HIGH,10,r10-t015-9ff2b29c,1789124424838949295,1789124425176820720,0.0,406,0,0.0,False,False,False,False
B5_LOCKED_TC,ATTACK_DIVERSE_HIGH,10,r10-t016-7b55ddac,1789124425187912638,1789124425528926327,0.0,406,0,0.0,False,False,False,False
B5_LOCKED_TC,ATTACK_DIVERSE_HIGH,10,r10-t017-ffad45d5,1789124425540080819,1789124425867789104,0.0,406,0,0.0,False,False,False,False
B5_LOCKED_TC,ATTACK_DIVERSE_HIGH,10,r10-t018-81a2b4a2,1789124425879601355,1789124426228786905,0.0,406,0,0.0,False,False,False,False
B5_LOCKED_TC,ATTACK_DIVERSE_HIGH,10,r10-t019-90ff2205,1789124426240108286,1789124426573961347,0.0,406,0,0.0,False,False,False,False
B5_LOCKED_TC,ATTACK_DIVERSE_HIGH,10,r10-t020-ba00699d,1789124426585326642,1789124426928217772,0.0,406,0,0.0,False,False,False,False
B5_LOCKED_TC,ATTACK_DIVERSE_HIGH,10,r10-t021-f3df2cc6,1789124426939522568,1789124427259392770,0.0,406,0,0.0,False,False,False,False
B5_LOCKED_TC,ATTACK_DIVERSE_HIGH,10,r10-t022-684278ef,1789124427270899605,1789124427662670003,0.0,406,0,0.0,False,False,False,False
B5_LOCKED_TC,ATTACK_DIVERSE_HIGH,10,r10-t023-975bacd7,1789124427673440959,1789124428002065867,0.0,406,0,0.0,False,False,False,False
B5_LOCKED_TC,ATTACK_DIVERSE_HIGH,10,r10-t024-a54acb64,1789124428013098513,1789124428339118485,0.0,406,0,0.0,False,False,False,False
B5_LOCKED_TC,ATTACK_DIVERSE_HIGH,10,r10-t025-8b3474fc,1789124428350123521,1789124428701982421,0.0,406,0,0.0,False,False,False,False
B5_LOCKED_TC,ATTACK_DIVERSE_HIGH,10,r10-t026-213aca6f,1789124428713647664,1789124429039345071,0.0,406,0,0.0,False,False,False,False
B5_LOCKED_TC,ATTACK_DIVERSE_HIGH,10,r10-t027-19ba65a0,1789124429050457063,1789124429393808342,0.0,406,0,0.0,False,False,False,False
B5_LOCKED_TC,ATTACK_DIVERSE_HIGH,10,r10-t028-afe66a92,1789124429404442091,1789124429729606505,0.0,406,0,0.0,False,False,False,False
B5_LOCKED_TC,ATTACK_DIVERSE_HIGH,10,r10-t029-9eafc3b1,1789124429742296930,1789124430091783373,0.0,406,0,0.0,False,False,False,False
B5_LOCKED_TC,ATTACK_DIVERSE_HIGH,10,r10-t030-a0d41be4,1789124430102513619,1789124430438246101,0.0,406,0,0.0,False,False,False,False
B5_LOCKED_TC,ATTACK_DIVERSE_HIGH,10,r10-t031-66e4be64,1789124430449218153,1789124430800010785,0.0,406,0,0.0,False,False,False,False
B5_LOCKED_TC,ATTACK_DIVERSE_HIGH,10,r10-t032-d00614d9,1789124430813330418,1789124431096827268,0.0,406,0,0.0,False,False,False,False
B5_LOCKED_TC,ATTACK_DIVERSE_HIGH,10,r10-t033-4bef020c,1789124431108381786,1789124431438982046,0.0,406,0,0.0,False,False,False,False
B5_LOCKED_TC,ATTACK_DIVERSE_HIGH,10,r10-t034-235957d3,1789124431450431492,1789124431823562320,0.0,406,0,0.0,False,False,False,False
B5_LOCKED_TC,ATTACK_DIVERSE_HIGH,10,r10-t035-2a8a9951,1789124431834348070,1789124432140683314,0.0,406,0,0.0,False,False,False,False
B5_LOCKED_TC,ATTACK_DIVERSE_HIGH,10,r10-t036-0cf6ddfa,1789124432151792480,1789124432463458783,0.0,406,0,0.0,False,False,False,False
B5_LOCKED_TC,ATTACK_DIVERSE_HIGH,10,r10-t037-e7bf920a,1789124432474031889,1789124432839036856,0.0,406,0,0.0,False,False,False,False
B5_LOCKED_TC,ATTACK_DIVERSE_HIGH,10,r10-t038-45d2c0ec,1789124433607656402,1789124433983092820,0.0,281,0,0.0,False,False,False,False
B5_LOCKED_TC,ATTACK_DIVERSE_HIGH,10,r10-t039-64819559,1789124435056696978,1789124435453107569,0.0,51,0,0.0,False,False,False,False
B5_LOCKED_TC,ATTACK_DIVERSE_HIGH,10,r10-t040-27c3f352,1789124435463699174,1789124435779921570,0.0,132,0,0.0,False,False,False,False
B5_LOCKED_TC,ATTACK_DIVERSE_HIGH,10,r10-t041-eeaea7a5,1789124435790750994,1789124436119494266,0.0,190,0,0.0,False,False,False,False
B5_LOCKED_TC,ATTACK_DIVERSE_HIGH,10,r10-t042-24204506,1789124436131733250,1789124436468135384,0.0,216,0,0.0,False,False,False,False
B5_LOCKED_TC,ATTACK_DIVERSE_HIGH,10,r10-t043-6201b8fc,1789124436478806073,1789124436808564046,0.0,287,0,0.0,False,False,False,False
B5_LOCKED_TC,ATTACK_DIVERSE_HIGH,10,r10-t044-9c2cbd50,1789124436819674702,1789124437159040439,0.0,356,0,0.0,False,False,False,False
B5_LOCKED_TC,ATTACK_DIVERSE_HIGH,10,r10-t045-2e9c06d9,1789124437169499827,1789124437483557772,0.0,406,0,0.0,False,False,False,False
B5_LOCKED_TC,ATTACK_DIVERSE_HIGH,10,r10-t046-1b33ae08,1789124437494058023,1789124437853985804,0.0,406,0,0.0,False,False,False,False
B5_LOCKED_TC,ATTACK_DIVERSE_HIGH,10,r10-t047-412df486,1789124437864172074,1789124438189655411,0.0,406,0,0.0,False,False,False,False
B5_LOCKED_TC,ATTACK_DIVERSE_HIGH,10,r10-t048-a15565e2,1789124438202003491,1789124438524793887,0.0,406,0,0.0,False,False,False,False
B5_LOCKED_TC,ATTACK_DIVERSE_HIGH,10,r10-t049-5fc50aab,1789124438536665853,1789124438850980871,0.0,406,0,0.0,False,False,False,False
B5_LOCKED_TC,ATTACK_DIVERSE_MODERATE,10,r10-t000-47eec575,1789124450988489438,1789124451131274277,0.0,24,0,0.0,False,False,False,False
B5_LOCKED_TC,ATTACK_DIVERSE_MODERATE,10,r10-t001-5d782e03,1789124451141221299,1789124451455424019,0.0,25,0,0.0,False,False,False,False
B5_LOCKED_TC,ATTACK_DIVERSE_MODERATE,10,r10-t002-a11006ed,1789124451465441138,1789124451786512000,0.0,26,0,0.0,False,False,False,False
B5_LOCKED_TC,ATTACK_DIVERSE_MODERATE,10,r10-t003-5d37b114,1789124451796529779,1789124452129895583,0.0,27,0,0.0,False,False,False,False
B5_LOCKED_TC,ATTACK_DIVERSE_MODERATE,10,r10-t004-accda484,1789124452140494257,1789124452453894228,0.0,28,0,0.0,False,False,False,False
B5_LOCKED_TC,ATTACK_DIVERSE_MODERATE,10,r10-t005-8bce3a51,1789124452464096743,1789124452777277962,0.0,29,0,0.0,False,False,False,False
B5_LOCKED_TC,ATTACK_DIVERSE_MODERATE,10,r10-t006-de5e35b7,1789124452787435561,1789124453104796938,0.0,30,0,0.0,False,False,False,False
B5_LOCKED_TC,ATTACK_DIVERSE_MODERATE,10,r10-t007-a72d6eb5,1789124453114911876,1789124453456761186,0.0,31,0,0.0,False,False,False,False
B5_LOCKED_TC,ATTACK_DIVERSE_MODERATE,10,r10-t008-eb7d8e3c,1789124453467964812,1789124453787620738,0.0,30,0,0.0,False,False,False,False
B5_LOCKED_TC,ATTACK_DIVERSE_MODERATE,10,r10-t009-6c97eade,1789124453797668021,1789124454105935867,0.0,30,0,0.0,False,False,False,False
B5_LOCKED_TC,ATTACK_DIVERSE_MODERATE,10,r10-t010-76d6b5db,1789124454116505600,1789124454422022788,0.0,31,0,0.0,False,False,False,False
B5_LOCKED_TC,ATTACK_DIVERSE_MODERATE,10,r10-t011-b10a76f8,1789124454432026377,1789124454759461912,0.0,31,0,0.0,False,False,False,False
B5_LOCKED_TC,ATTACK_DIVERSE_MODERATE,10,r10-t012-d02582a7,1789124454770096857,1789124455091816457,0.0,31,0,0.0,False,False,False,False
B5_LOCKED_TC,ATTACK_DIVERSE_MODERATE,10,r10-t013-534a0b88,1789124455103449130,1789124455399424758,0.0,30,0,0.0,False,False,False,False
B5_LOCKED_TC,ATTACK_DIVERSE_MODERATE,10,r10-t014-2064e0c2,1789124455410450788,1789124455721433209,0.0,31,0,0.0,False,False,False,False
B5_LOCKED_TC,ATTACK_DIVERSE_MODERATE,10,r10-t015-ce1e644a,1789124455731976538,1789124456049190389,0.0,31,0,0.0,False,False,False,False
B5_LOCKED_TC,ATTACK_DIVERSE_MODERATE,10,r10-t016-02b4f77e,1789124456060000109,1789124456381869303,0.0,31,0,0.0,False,False,False,False
B5_LOCKED_TC,ATTACK_DIVERSE_MODERATE,10,r10-t017-be3d2d58,1789124456392151689,1789124456709587487,0.0,31,0,0.0,False,False,False,False
B5_LOCKED_TC,ATTACK_DIVERSE_MODERATE,10,r10-t018-ad9f8be9,1789124456719796956,1789124457062113933,0.0,31,0,0.0,False,False,False,False
B5_LOCKED_TC,ATTACK_DIVERSE_MODERATE,10,r10-t019-c4f8b785,1789124457073218519,1789124457398332631,0.0,31,0,0.0,False,False,False,False
B5_LOCKED_TC,ATTACK_DIVERSE_MODERATE,10,r10-t020-8bab0d9b,1789124457409245056,1789124457727846969,0.0,30,0,0.0,False,False,False,False
B5_LOCKED_TC,ATTACK_DIVERSE_MODERATE,10,r10-t021-c4291c6f,1789124457738476182,1789124458057839874,0.0,30,0,0.0,False,False,False,False
B5_LOCKED_TC,ATTACK_DIVERSE_MODERATE,10,r10-t022-a8a70f55,1789124458067940813,1789124458400877582,0.0,30,0,0.0,False,False,False,False
B5_LOCKED_TC,ATTACK_DIVERSE_MODERATE,10,r10-t023-6be45202,1789124458411826050,1789124458744559700,0.0,30,0,0.0,False,False,False,False
B5_LOCKED_TC,ATTACK_DIVERSE_MODERATE,10,r10-t024-48d96a55,1789124458754656432,1789124459071454167,0.0,30,0,0.0,False,False,False,False
B5_LOCKED_TC,ATTACK_DIVERSE_MODERATE,10,r10-t025-a8008826,1789124459081815699,1789124459423567076,0.0,30,0,0.0,False,False,False,False
B5_LOCKED_TC,ATTACK_DIVERSE_MODERATE,10,r10-t026-2aa0ea72,1789124459434808352,1789124459753917147,0.0,30,0,0.0,False,False,False,False
B5_LOCKED_TC,ATTACK_DIVERSE_MODERATE,10,r10-t027-29ba0cfc,1789124459764146185,1789124460106755994,0.0,30,0,0.0,False,False,False,False
B5_LOCKED_TC,ATTACK_DIVERSE_MODERATE,10,r10-t028-614dd3a9,1789124460117260205,1789124460443925518,0.0,30,0,0.0,False,False,False,False
B5_LOCKED_TC,ATTACK_DIVERSE_MODERATE,10,r10-t029-f86f0a3d,1789124460454036866,1789124460753627118,0.0,30,0,0.0,False,False,False,False
B5_LOCKED_TC,ATTACK_DIVERSE_MODERATE,10,r10-t030-7e792b0d,1789124460764109262,1789124461062617398,0.0,30,0,0.0,False,False,False,False
B5_LOCKED_TC,ATTACK_DIVERSE_MODERATE,10,r10-t031-be6dbe61,1789124461074474372,1789124461382453640,0.0,30,0,0.0,False,False,False,False
B5_LOCKED_TC,ATTACK_DIVERSE_MODERATE,10,r10-t032-401b5353,1789124461393839575,1789124461709764828,0.0,31,0,0.0,False,False,False,False
B5_LOCKED_TC,ATTACK_DIVERSE_MODERATE,10,r10-t033-356f79d5,1789124461720448401,1789124462064731694,0.0,31,0,0.0,False,False,False,False
B5_LOCKED_TC,ATTACK_DIVERSE_MODERATE,10,r10-t034-e35b37cf,1789124462075969009,1789124462374177830,0.0,31,0,0.0,False,False,False,False
B5_LOCKED_TC,ATTACK_DIVERSE_MODERATE,10,r10-t035-229790c4,1789124462386405034,1789124462717549883,0.0,31,0,0.0,False,False,False,False
B5_LOCKED_TC,ATTACK_DIVERSE_MODERATE,10,r10-t036-f4c53564,1789124462727911604,1789124463053480184,0.0,31,0,0.0,False,False,False,False
B5_LOCKED_TC,ATTACK_DIVERSE_MODERATE,10,r10-t037-e9485170,1789124463063765049,1789124463410542443,0.0,30,0,0.0,False,False,False,False
B5_LOCKED_TC,ATTACK_DIVERSE_MODERATE,10,r10-t038-5314e4cd,1789124463421594925,1789124463776904674,0.0,30,0,0.0,False,False,False,False
B5_LOCKED_TC,ATTACK_DIVERSE_MODERATE,10,r10-t039-6b36ff12,1789124463787214245,1789124464117821950,0.0,30,0,0.0,False,False,False,False
B5_LOCKED_TC,ATTACK_DIVERSE_MODERATE,10,r10-t040-c6010576,1789124464127568915,1789124464438007392,0.0,30,0,0.0,False,False,False,False
B5_LOCKED_TC,ATTACK_DIVERSE_MODERATE,10,r10-t041-9bfbd75e,1789124464448492837,1789124464766789126,0.0,30,0,0.0,False,False,False,False
B5_LOCKED_TC,ATTACK_DIVERSE_MODERATE,10,r10-t042-4418cd84,1789124466616296314,1789124466916241424,0.0,8,0,0.0,False,False,False,False
B5_LOCKED_TC,ATTACK_DIVERSE_MODERATE,10,r10-t043-880f993d,1789124466926592772,1789124467277042947,0.0,5,0,0.0,False,False,False,False
B5_LOCKED_TC,ATTACK_DIVERSE_MODERATE,10,r10-t044-82a68d75,1789124467287677389,1789124467588611256,0.0,10,0,0.0,False,False,False,False
B5_LOCKED_TC,ATTACK_DIVERSE_MODERATE,10,r10-t045-6b4ae4e9,1789124467598805026,1789124467912850084,0.0,15,0,0.0,False,False,False,False
B5_LOCKED_TC,ATTACK_DIVERSE_MODERATE,10,r10-t046-d3db39dd,1789124467923161731,1789124468256539348,0.0,15,0,0.0,False,False,False,False
B5_LOCKED_TC,ATTACK_DIVERSE_MODERATE,10,r10-t047-ada82ef9,1789124468266683133,1789124468585589356,0.0,20,0,0.0,False,False,False,False
B5_LOCKED_TC,ATTACK_DIVERSE_MODERATE,10,r10-t048-55ac25a9,1789124468596374146,1789124468939602484,0.0,25,0,0.0,False,False,False,False
B5_LOCKED_TC,ATTACK_DIVERSE_MODERATE,10,r10-t049-a65c31e8,1789124468950462833,1789124469266979005,0.0,30,0,0.0,False,False,False,False
B5_LOCKED_TC,BENIGN_DIVERSE_HIGH,10,r10-t000-0a6a2e22,1789124481118788951,1789124482307357090,0.0,400,0,0.0,False,False,False,False
B5_LOCKED_TC,BENIGN_DIVERSE_HIGH,10,r10-t001-04278ed4,1789124482319205997,1789124482730351833,0.0,403,0,0.0,False,False,False,False
B5_LOCKED_TC,BENIGN_DIVERSE_HIGH,10,r10-t002-634c7e0d,1789124482741602155,1789124483145675504,0.0,404,0,0.0,False,False,False,False
B5_LOCKED_TC,BENIGN_DIVERSE_HIGH,10,r10-t003-1510ac42,1789124483158063880,1789124483586171112,0.0,405,0,0.0,False,False,False,False
B5_LOCKED_TC,BENIGN_DIVERSE_HIGH,10,r10-t004-33a7ec5e,1789124483597535080,1789124483972086922,0.0,405,0,0.0,False,False,False,False
B5_LOCKED_TC,BENIGN_DIVERSE_HIGH,10,r10-t005-01f024fa,1789124483983713504,1789124484384540360,0.0,405,0,0.0,False,False,False,False
B5_LOCKED_TC,BENIGN_DIVERSE_HIGH,10,r10-t006-8553715f,1789124484397168615,1789124484797108349,0.0,405,0,0.0,False,False,False,False
B5_LOCKED_TC,BENIGN_DIVERSE_HIGH,10,r10-t007-2d42650e,1789124484808727003,1789124485238134858,0.0,405,0,0.0,False,False,False,False
B5_LOCKED_TC,BENIGN_DIVERSE_HIGH,10,r10-t008-ee2d6594,1789124485249291211,1789124485636985622,0.0,405,0,0.0,False,False,False,False
B5_LOCKED_TC,BENIGN_DIVERSE_HIGH,10,r10-t009-22319c06,1789124485648237497,1789124486047770158,0.0,405,0,0.0,False,False,False,False
B5_LOCKED_TC,BENIGN_DIVERSE_HIGH,10,r10-t010-88506ff7,1789124486058974881,1789124486442255836,0.0,405,0,0.0,False,False,False,False
B5_LOCKED_TC,BENIGN_DIVERSE_HIGH,10,r10-t011-e4499e43,1789124486453867633,1789124486844294331,0.0,405,0,0.0,False,False,False,False
B5_LOCKED_TC,BENIGN_DIVERSE_HIGH,10,r10-t012-fe3c362c,1789124486855694232,1789124487243623268,0.0,405,0,0.0,False,False,False,False
B5_LOCKED_TC,BENIGN_DIVERSE_HIGH,10,r10-t013-8c8fc16a,1789124487256570588,1789124487652583586,0.0,405,0,0.0,False,False,False,False
B5_LOCKED_TC,BENIGN_DIVERSE_HIGH,10,r10-t014-1b565691,1789124487663830858,1789124488064317331,0.0,405,0,0.0,False,False,False,False
B5_LOCKED_TC,BENIGN_DIVERSE_HIGH,10,r10-t015-9ff2b29c,1789124488076493432,1789124488473133287,0.0,405,0,0.0,False,False,False,False
B5_LOCKED_TC,BENIGN_DIVERSE_HIGH,10,r10-t016-7b55ddac,1789124488486619833,1789124488873026809,0.0,405,0,0.0,False,False,False,False
B5_LOCKED_TC,BENIGN_DIVERSE_HIGH,10,r10-t017-ffad45d5,1789124488884482126,1789124489273326559,0.0,405,0,0.0,False,False,False,False
B5_LOCKED_TC,BENIGN_DIVERSE_HIGH,10,r10-t018-81a2b4a2,1789124489284744211,1789124489708725345,0.0,405,0,0.0,False,False,False,False
B5_LOCKED_TC,BENIGN_DIVERSE_HIGH,10,r10-t019-90ff2205,1789124489720062879,1789124490124941956,0.0,405,0,0.0,False,False,False,False
B5_LOCKED_TC,BENIGN_DIVERSE_HIGH,10,r10-t020-ba00699d,1789124490137955400,1789124490559482172,0.0,405,0,0.0,False,False,False,False
B5_LOCKED_TC,BENIGN_DIVERSE_HIGH,10,r10-t021-f3df2cc6,1789124490571765064,1789124490977811444,0.0,405,0,0.0,False,False,False,False
B5_LOCKED_TC,BENIGN_DIVERSE_HIGH,10,r10-t022-684278ef,1789124490988614451,1789124491386610025,0.0,405,0,0.0,False,False,False,False
B5_LOCKED_TC,BENIGN_DIVERSE_HIGH,10,r10-t023-975bacd7,1789124491398364117,1789124491797301949,0.0,405,0,0.0,False,False,False,False
B5_LOCKED_TC,BENIGN_DIVERSE_HIGH,10,r10-t024-a54acb64,1789124491808179347,1789124492217777539,0.0,405,0,0.0,False,False,False,False
B5_LOCKED_TC,BENIGN_DIVERSE_HIGH,10,r10-t025-8b3474fc,1789124492229027488,1789124492629351523,0.0,405,0,0.0,False,False,False,False
B5_LOCKED_TC,BENIGN_DIVERSE_HIGH,10,r10-t026-213aca6f,1789124492641548915,1789124493037310544,0.0,405,0,0.0,False,False,False,False
B5_LOCKED_TC,BENIGN_DIVERSE_HIGH,10,r10-t027-19ba65a0,1789124493048847504,1789124493438375195,0.0,405,0,0.0,False,False,False,False
B5_LOCKED_TC,BENIGN_DIVERSE_HIGH,10,r10-t028-afe66a92,1789124493449248982,1789124493834805853,0.0,405,0,0.0,False,False,False,False
B5_LOCKED_TC,BENIGN_DIVERSE_HIGH,10,r10-t029-9eafc3b1,1789124493847972411,1789124494228311636,0.0,405,0,0.0,False,False,False,False
B5_LOCKED_TC,BENIGN_DIVERSE_HIGH,10,r10-t030-a0d41be4,1789124494239875795,1789124494644369357,0.0,405,0,0.0,False,False,False,False
B5_LOCKED_TC,BENIGN_DIVERSE_HIGH,10,r10-t031-66e4be64,1789124494655420599,1789124495067470950,0.0,405,0,0.0,False,False,False,False
B5_LOCKED_TC,BENIGN_DIVERSE_HIGH,10,r10-t032-d00614d9,1789124495078541080,1789124495456974180,0.0,405,0,0.0,False,False,False,False
B5_LOCKED_TC,BENIGN_DIVERSE_HIGH,10,r10-t033-4bef020c,1789124495468397620,1789124495865953367,0.0,405,0,0.0,False,False,False,False
B5_LOCKED_TC,BENIGN_DIVERSE_HIGH,10,r10-t034-235957d3,1789124495878890336,1789124496278566686,0.0,405,0,0.0,False,False,False,False
B5_LOCKED_TC,BENIGN_DIVERSE_HIGH,10,r10-t035-2a8a9951,1789124497120176518,1789124497509896304,0.0,312,0,0.0,False,False,False,False
B5_LOCKED_TC,BENIGN_DIVERSE_HIGH,10,r10-t036-0cf6ddfa,1789124498584277327,1789124499004326833,0.0,66,0,0.0,False,False,False,False
B5_LOCKED_TC,BENIGN_DIVERSE_HIGH,10,r10-t037-e7bf920a,1789124499016031897,1789124499406081949,0.0,94,0,0.0,False,False,False,False
B5_LOCKED_TC,BENIGN_DIVERSE_HIGH,10,r10-t038-45d2c0ec,1789124499417279860,1789124499797332171,0.0,175,0,0.0,False,False,False,False
B5_LOCKED_TC,BENIGN_DIVERSE_HIGH,10,r10-t039-64819559,1789124499808304932,1789124500218189724,0.0,204,0,0.0,False,False,False,False
B5_LOCKED_TC,BENIGN_DIVERSE_HIGH,10,r10-t040-27c3f352,1789124500229437123,1789124500665162798,0.0,290,0,0.0,False,False,False,False
B5_LOCKED_TC,BENIGN_DIVERSE_HIGH,10,r10-t041-eeaea7a5,1789124500677519610,1789124501084719789,0.0,380,0,0.0,False,False,False,False
B5_LOCKED_TC,BENIGN_DIVERSE_HIGH,10,r10-t042-24204506,1789124501096016204,1789124501481695284,0.0,405,0,0.0,False,False,False,False
B5_LOCKED_TC,BENIGN_DIVERSE_HIGH,10,r10-t043-6201b8fc,1789124501492802813,1789124501904723022,0.0,405,0,0.0,False,False,False,False
B5_LOCKED_TC,BENIGN_DIVERSE_HIGH,10,r10-t044-9c2cbd50,1789124501915956538,1789124502328380186,0.0,405,0,0.0,False,False,False,False
B5_LOCKED_TC,BENIGN_DIVERSE_HIGH,10,r10-t045-2e9c06d9,1789124502339294796,1789124502757932981,0.0,405,0,0.0,False,False,False,False
B5_LOCKED_TC,BENIGN_DIVERSE_HIGH,10,r10-t046-1b33ae08,1789124502770852859,1789124503155772065,0.0,405,0,0.0,False,False,False,False
B5_LOCKED_TC,BENIGN_DIVERSE_HIGH,10,r10-t047-412df486,1789124503168310762,1789124503554940851,0.0,405,0,0.0,False,False,False,False
B5_LOCKED_TC,BENIGN_DIVERSE_HIGH,10,r10-t048-a15565e2,1789124503566044540,1789124503938789326,0.0,405,0,0.0,False,False,False,False
B5_LOCKED_TC,BENIGN_DIVERSE_HIGH,10,r10-t049-5fc50aab,1789124503950466773,1789124504364197280,0.0,405,0,0.0,False,False,False,False
B5_LOCKED_TC,BENIGN_DIVERSE_MODERATE,10,r10-t000-47eec575,1789124516690151852,1789124517061575188,0.0,24,0,0.0,False,False,False,False
B5_LOCKED_TC,BENIGN_DIVERSE_MODERATE,10,r10-t001-5d782e03,1789124517071940414,1789124517396251765,0.0,25,0,0.0,False,False,False,False
B5_LOCKED_TC,BENIGN_DIVERSE_MODERATE,10,r10-t002-a11006ed,1789124517406012853,1789124517755471955,0.0,26,0,0.0,False,False,False,False
B5_LOCKED_TC,BENIGN_DIVERSE_MODERATE,10,r10-t003-5d37b114,1789124517765576097,1789124518082430987,0.0,27,0,0.0,False,False,False,False
B5_LOCKED_TC,BENIGN_DIVERSE_MODERATE,10,r10-t004-accda484,1789124518092834266,1789124518449557841,0.0,28,0,0.0,False,False,False,False
B5_LOCKED_TC,BENIGN_DIVERSE_MODERATE,10,r10-t005-8bce3a51,1789124518459589481,1789124518807552845,0.0,29,0,0.0,False,False,False,False
B5_LOCKED_TC,BENIGN_DIVERSE_MODERATE,10,r10-t006-de5e35b7,1789124518817561938,1789124519162156590,0.0,30,0,0.0,False,False,False,False
B5_LOCKED_TC,BENIGN_DIVERSE_MODERATE,10,r10-t007-a72d6eb5,1789124519172744372,1789124519498474745,0.0,30,0,0.0,False,False,False,False
B5_LOCKED_TC,BENIGN_DIVERSE_MODERATE,10,r10-t008-eb7d8e3c,1789124519508323665,1789124519838415448,0.0,30,0,0.0,False,False,False,False
B5_LOCKED_TC,BENIGN_DIVERSE_MODERATE,10,r10-t009-6c97eade,1789124519848829061,1789124520175962664,0.0,30,0,0.0,False,False,False,False
B5_LOCKED_TC,BENIGN_DIVERSE_MODERATE,10,r10-t010-76d6b5db,1789124520186734294,1789124520527236777,0.0,30,0,0.0,False,False,False,False
B5_LOCKED_TC,BENIGN_DIVERSE_MODERATE,10,r10-t011-b10a76f8,1789124520537319897,1789124520890565598,0.0,30,0,0.0,False,False,False,False
B5_LOCKED_TC,BENIGN_DIVERSE_MODERATE,10,r10-t012-d02582a7,1789124520900460361,1789124521248583147,0.0,30,0,0.0,False,False,False,False
B5_LOCKED_TC,BENIGN_DIVERSE_MODERATE,10,r10-t013-534a0b88,1789124521259073229,1789124521576002713,0.0,30,0,0.0,False,False,False,False
B5_LOCKED_TC,BENIGN_DIVERSE_MODERATE,10,r10-t014-2064e0c2,1789124521588050658,1789124521951882169,0.0,30,0,0.0,False,False,False,False
B5_LOCKED_TC,BENIGN_DIVERSE_MODERATE,10,r10-t015-ce1e644a,1789124521965322539,1789124522313876337,0.0,30,0,0.0,False,False,False,False
B5_LOCKED_TC,BENIGN_DIVERSE_MODERATE,10,r10-t016-02b4f77e,1789124522324402870,1789124522676303021,0.0,30,0,0.0,False,False,False,False
B5_LOCKED_TC,BENIGN_DIVERSE_MODERATE,10,r10-t017-be3d2d58,1789124522688797476,1789124523029269615,0.0,30,0,0.0,False,False,False,False
B5_LOCKED_TC,BENIGN_DIVERSE_MODERATE,10,r10-t018-ad9f8be9,1789124523039588910,1789124523416241799,0.0,30,0,0.0,False,False,False,False
B5_LOCKED_TC,BENIGN_DIVERSE_MODERATE,10,r10-t019-c4f8b785,1789124523427240021,1789124523764866524,0.0,30,0,0.0,False,False,False,False
B5_LOCKED_TC,BENIGN_DIVERSE_MODERATE,10,r10-t020-8bab0d9b,1789124523777173282,1789124524100086013,0.0,30,0,0.0,False,False,False,False
B5_LOCKED_TC,BENIGN_DIVERSE_MODERATE,10,r10-t021-c4291c6f,1789124524110883196,1789124524440369139,0.0,30,0,0.0,False,False,False,False
B5_LOCKED_TC,BENIGN_DIVERSE_MODERATE,10,r10-t022-a8a70f55,1789124524451629838,1789124524785746527,0.0,30,0,0.0,False,False,False,False
B5_LOCKED_TC,BENIGN_DIVERSE_MODERATE,10,r10-t023-6be45202,1789124524796020352,1789124525118530818,0.0,30,0,0.0,False,False,False,False
B5_LOCKED_TC,BENIGN_DIVERSE_MODERATE,10,r10-t024-48d96a55,1789124525129256510,1789124525474794729,0.0,30,0,0.0,False,False,False,False
B5_LOCKED_TC,BENIGN_DIVERSE_MODERATE,10,r10-t025-a8008826,1789124525484747455,1789124525823009203,0.0,30,0,0.0,False,False,False,False
B5_LOCKED_TC,BENIGN_DIVERSE_MODERATE,10,r10-t026-2aa0ea72,1789124525833627520,1789124526174126806,0.0,30,0,0.0,False,False,False,False
B5_LOCKED_TC,BENIGN_DIVERSE_MODERATE,10,r10-t027-29ba0cfc,1789124526185521293,1789124526527164131,0.0,30,0,0.0,False,False,False,False
B5_LOCKED_TC,BENIGN_DIVERSE_MODERATE,10,r10-t028-614dd3a9,1789124526536895756,1789124526887370364,0.0,30,0,0.0,False,False,False,False
B5_LOCKED_TC,BENIGN_DIVERSE_MODERATE,10,r10-t029-f86f0a3d,1789124526897933468,1789124527226790006,0.0,30,0,0.0,False,False,False,False
B5_LOCKED_TC,BENIGN_DIVERSE_MODERATE,10,r10-t030-7e792b0d,1789124527236964949,1789124527562538166,0.0,30,0,0.0,False,False,False,False
B5_LOCKED_TC,BENIGN_DIVERSE_MODERATE,10,r10-t031-be6dbe61,1789124527573025716,1789124527907079091,0.0,30,0,0.0,False,False,False,False
B5_LOCKED_TC,BENIGN_DIVERSE_MODERATE,10,r10-t032-401b5353,1789124527917451325,1789124528269771826,0.0,30,0,0.0,False,False,False,False
B5_LOCKED_TC,BENIGN_DIVERSE_MODERATE,10,r10-t033-356f79d5,1789124529057652147,1789124529408461178,0.0,22,0,0.0,False,False,False,False
B5_LOCKED_TC,BENIGN_DIVERSE_MODERATE,10,r10-t034-e35b37cf,1789124530473617192,1789124530807307527,0.0,5,0,0.0,False,False,False,False
B5_LOCKED_TC,BENIGN_DIVERSE_MODERATE,10,r10-t035-229790c4,1789124530818044596,1789124531134864904,0.0,7,0,0.0,False,False,False,False
B5_LOCKED_TC,BENIGN_DIVERSE_MODERATE,10,r10-t036-f4c53564,1789124531144861065,1789124531499647953,0.0,12,0,0.0,False,False,False,False
B5_LOCKED_TC,BENIGN_DIVERSE_MODERATE,10,r10-t037-e9485170,1789124531510048521,1789124531813207040,0.0,14,0,0.0,False,False,False,False
B5_LOCKED_TC,BENIGN_DIVERSE_MODERATE,10,r10-t038-5314e4cd,1789124531823996241,1789124532169651691,0.0,18,0,0.0,False,False,False,False
B5_LOCKED_TC,BENIGN_DIVERSE_MODERATE,10,r10-t039-6b36ff12,1789124532179907950,1789124532518385615,0.0,23,0,0.0,False,False,False,False
B5_LOCKED_TC,BENIGN_DIVERSE_MODERATE,10,r10-t040-c6010576,1789124532528209133,1789124532849940681,0.0,29,0,0.0,False,False,False,False
B5_LOCKED_TC,BENIGN_DIVERSE_MODERATE,10,r10-t041-9bfbd75e,1789124532862574077,1789124533212183490,0.0,30,0,0.0,False,False,False,False
B5_LOCKED_TC,BENIGN_DIVERSE_MODERATE,10,r10-t042-4418cd84,1789124533222928396,1789124533575423901,0.0,30,0,0.0,False,False,False,False
B5_LOCKED_TC,BENIGN_DIVERSE_MODERATE,10,r10-t043-880f993d,1789124533586792796,1789124533928551988,0.0,30,0,0.0,False,False,False,False
B5_LOCKED_TC,BENIGN_DIVERSE_MODERATE,10,r10-t044-82a68d75,1789124533938733824,1789124534275744974,0.0,30,0,0.0,False,False,False,False
B5_LOCKED_TC,BENIGN_DIVERSE_MODERATE,10,r10-t045-6b4ae4e9,1789124534286478265,1789124534616709048,0.0,30,0,0.0,False,False,False,False
B5_LOCKED_TC,BENIGN_DIVERSE_MODERATE,10,r10-t046-d3db39dd,1789124534626746953,1789124534974145637,0.0,30,0,0.0,False,False,False,False
B5_LOCKED_TC,BENIGN_DIVERSE_MODERATE,10,r10-t047-ada82ef9,1789124534984216220,1789124535316320757,0.0,30,0,0.0,False,False,False,False
B5_LOCKED_TC,BENIGN_DIVERSE_MODERATE,10,r10-t048-55ac25a9,1789124535326531021,1789124535667506522,0.0,30,0,0.0,False,False,False,False
B5_LOCKED_TC,BENIGN_DIVERSE_MODERATE,10,r10-t049-a65c31e8,1789124535678972694,1789124536003411435,0.0,30,0,0.0,False,False,False,False
B1_RL2_TC,BENIGN_DIVERSE_MODERATE,10,r10-t000-47eec575,1789124547170537039,1789124548348049445,0.0,24,0,0.0,False,False,False,False
B1_RL2_TC,BENIGN_DIVERSE_MODERATE,10,r10-t001-5d782e03,1789124548358290542,1789124548715816232,0.0,27,0,0.0,False,False,False,False
B1_RL2_TC,BENIGN_DIVERSE_MODERATE,10,r10-t002-a11006ed,1789124548726557791,1789124549095503982,0.0,28,0,0.0,False,False,False,False
B1_RL2_TC,BENIGN_DIVERSE_MODERATE,10,r10-t003-5d37b114,1789124549106885261,1789124549531991682,0.0,29,0,0.0,False,False,False,False
B1_RL2_TC,BENIGN_DIVERSE_MODERATE,10,r10-t004-accda484,1789124549543351465,1789124549931255834,0.0,29,0,0.0,False,False,False,False
B1_RL2_TC,BENIGN_DIVERSE_MODERATE,10,r10-t005-8bce3a51,1789124549941264046,1789124550322795155,0.0,29,0,0.0,False,False,False,False
B1_RL2_TC,BENIGN_DIVERSE_MODERATE,10,r10-t006-de5e35b7,1789124550333602807,1789124550707380329,0.0,29,0,0.0,False,False,False,False
B1_RL2_TC,BENIGN_DIVERSE_MODERATE,10,r10-t007-a72d6eb5,1789124550717064956,1789124551083187231,0.0,29,0,0.0,False,False,False,False
B1_RL2_TC,BENIGN_DIVERSE_MODERATE,10,r10-t008-eb7d8e3c,1789124551093769638,1789124551459091343,0.0,29,0,0.0,False,False,False,False
B1_RL2_TC,BENIGN_DIVERSE_MODERATE,10,r10-t009-6c97eade,1789124551469270116,1789124551843055841,0.0,29,0,0.0,False,False,False,False
B1_RL2_TC,BENIGN_DIVERSE_MODERATE,10,r10-t010-76d6b5db,1789124551853186247,1789124552216848274,0.0,30,0,0.0,False,False,False,False
B1_RL2_TC,BENIGN_DIVERSE_MODERATE,10,r10-t011-b10a76f8,1789124552227518059,1789124552635351704,0.0,30,0,0.0,False,False,False,False
B1_RL2_TC,BENIGN_DIVERSE_MODERATE,10,r10-t012-d02582a7,1789124552646372009,1789124553044426071,0.0,30,0,0.0,False,False,False,False
B1_RL2_TC,BENIGN_DIVERSE_MODERATE,10,r10-t013-534a0b88,1789124553056141006,1789124553467695023,0.0,29,0,0.0,False,False,False,False
B1_RL2_TC,BENIGN_DIVERSE_MODERATE,10,r10-t014-2064e0c2,1789124553477974138,1789124553840441264,0.0,29,0,0.0,False,False,False,False
B1_RL2_TC,BENIGN_DIVERSE_MODERATE,10,r10-t015-ce1e644a,1789124553851310390,1789124554231672020,0.0,29,0,0.0,False,False,False,False
B1_RL2_TC,BENIGN_DIVERSE_MODERATE,10,r10-t016-02b4f77e,1789124554242684030,1789124554618858746,0.0,29,0,0.0,False,False,False,False
B1_RL2_TC,BENIGN_DIVERSE_MODERATE,10,r10-t017-be3d2d58,1789124554629079520,1789124554979013140,0.0,29,0,0.0,False,False,False,False
B1_RL2_TC,BENIGN_DIVERSE_MODERATE,10,r10-t018-ad9f8be9,1789124554988882544,1789124555388177798,0.0,29,0,0.0,False,False,False,False
B1_RL2_TC,BENIGN_DIVERSE_MODERATE,10,r10-t019-c4f8b785,1789124555400232320,1789124555790357512,0.0,29,0,0.0,False,False,False,False
B1_RL2_TC,BENIGN_DIVERSE_MODERATE,10,r10-t020-8bab0d9b,1789124555800862264,1789124556175608605,0.0,29,0,0.0,False,False,False,False
B1_RL2_TC,BENIGN_DIVERSE_MODERATE,10,r10-t021-c4291c6f,1789124556185281025,1789124556567084886,0.0,29,0,0.0,False,False,False,False
B1_RL2_TC,BENIGN_DIVERSE_MODERATE,10,r10-t022-a8a70f55,1789124556577289919,1789124556960588130,0.0,29,0,0.0,False,False,False,False
B1_RL2_TC,BENIGN_DIVERSE_MODERATE,10,r10-t023-6be45202,1789124556970743493,1789124557379184775,0.0,29,0,0.0,False,False,False,False
B1_RL2_TC,BENIGN_DIVERSE_MODERATE,10,r10-t024-48d96a55,1789124557389834295,1789124557792219947,0.0,29,0,0.0,False,False,False,False
B1_RL2_TC,BENIGN_DIVERSE_MODERATE,10,r10-t025-a8008826,1789124557802708204,1789124558173004859,0.0,29,0,0.0,False,False,False,False
B1_RL2_TC,BENIGN_DIVERSE_MODERATE,10,r10-t026-2aa0ea72,1789124558183008572,1789124558578766772,0.0,29,0,0.0,False,False,False,False
B1_RL2_TC,BENIGN_DIVERSE_MODERATE,10,r10-t027-29ba0cfc,1789124558590836184,1789124558962807304,0.0,29,0,0.0,False,False,False,False
B1_RL2_TC,BENIGN_DIVERSE_MODERATE,10,r10-t028-614dd3a9,1789124558974455320,1789124559326743709,0.0,29,0,0.0,False,False,False,False
B1_RL2_TC,BENIGN_DIVERSE_MODERATE,10,r10-t029-f86f0a3d,1789124559337110478,1789124559687726570,0.0,29,0,0.0,False,False,False,False
B1_RL2_TC,BENIGN_DIVERSE_MODERATE,10,r10-t030-7e792b0d,1789124559698334809,1789124560055209226,0.0,30,0,0.0,False,False,False,False
B1_RL2_TC,BENIGN_DIVERSE_MODERATE,10,r10-t031-be6dbe61,1789124560810102961,1789124561185638949,0.0,23,0,0.0,False,False,False,False
B1_RL2_TC,BENIGN_DIVERSE_MODERATE,10,r10-t032-401b5353,1789124562247200567,1789124562628445861,0.0,6,0,0.0,False,False,False,False
B1_RL2_TC,BENIGN_DIVERSE_MODERATE,10,r10-t033-356f79d5,1789124562639745933,1789124563035169783,0.0,8,0,0.0,False,False,False,False
B1_RL2_TC,BENIGN_DIVERSE_MODERATE,10,r10-t034-e35b37cf,1789124563046662290,1789124563420499502,0.0,14,0,0.0,False,False,False,False
B1_RL2_TC,BENIGN_DIVERSE_MODERATE,10,r10-t035-229790c4,1789124563431161306,1789124563788699323,0.0,15,0,0.0,False,False,False,False
B1_RL2_TC,BENIGN_DIVERSE_MODERATE,10,r10-t036-f4c53564,1789124563799654073,1789124564171333367,0.0,21,0,0.0,False,False,False,False
B1_RL2_TC,BENIGN_DIVERSE_MODERATE,10,r10-t037-e9485170,1789124564181718837,1789124564564904888,0.0,26,0,0.0,False,False,False,False
B1_RL2_TC,BENIGN_DIVERSE_MODERATE,10,r10-t038-5314e4cd,1789124564575663619,1789124564957165428,0.0,29,0,0.0,False,False,False,False
B1_RL2_TC,BENIGN_DIVERSE_MODERATE,10,r10-t039-6b36ff12,1789124564968227766,1789124565340683212,0.0,30,0,0.0,False,False,False,False
B1_RL2_TC,BENIGN_DIVERSE_MODERATE,10,r10-t040-c6010576,1789124565350943257,1789124565741220945,0.0,30,0,0.0,False,False,False,False
B1_RL2_TC,BENIGN_DIVERSE_MODERATE,10,r10-t041-9bfbd75e,1789124565751597450,1789124566148323034,0.0,30,0,0.0,False,False,False,False
B1_RL2_TC,BENIGN_DIVERSE_MODERATE,10,r10-t042-4418cd84,1789124566158448214,1789124566557510088,0.0,29,0,0.0,False,False,False,False
B1_RL2_TC,BENIGN_DIVERSE_MODERATE,10,r10-t043-880f993d,1789124566567364974,1789124566929205332,0.0,29,0,0.0,False,False,False,False
B1_RL2_TC,BENIGN_DIVERSE_MODERATE,10,r10-t044-82a68d75,1789124566939817967,1789124567312622417,0.0,29,0,0.0,False,False,False,False
B1_RL2_TC,BENIGN_DIVERSE_MODERATE,10,r10-t045-6b4ae4e9,1789124567322533739,1789124567667567439,0.0,29,0,0.0,False,False,False,False
B1_RL2_TC,BENIGN_DIVERSE_MODERATE,10,r10-t046-d3db39dd,1789124567678525869,1789124568059483409,0.0,30,0,0.0,False,False,False,False
B1_RL2_TC,BENIGN_DIVERSE_MODERATE,10,r10-t047-ada82ef9,1789124568069427575,1789124568439791167,0.0,30,0,0.0,False,False,False,False
B1_RL2_TC,BENIGN_DIVERSE_MODERATE,10,r10-t048-55ac25a9,1789124568449512888,1789124568836894823,0.0,30,0,0.0,False,False,False,False
B1_RL2_TC,BENIGN_DIVERSE_MODERATE,10,r10-t049-a65c31e8,1789124568847229047,1789124569230412834,0.0,30,0,0.0,False,False,False,False
RFC_DROP_NATIVE,BENIGN_DIVERSE_MODERATE,10,r10-t000-47eec575,1789124580389179692,1789124582411732339,0.0,24,0,0.0,False,False,False,False
RFC_DROP_NATIVE,BENIGN_DIVERSE_MODERATE,10,r10-t001-5d782e03,1789124580394812678,1789124582417471552,0.0,24,0,0.0,False,False,False,False
RFC_DROP_NATIVE,BENIGN_DIVERSE_MODERATE,10,r10-t002-a11006ed,1789124580403467565,1789124582414564046,0.0,24,0,0.0,False,False,False,False
RFC_DROP_NATIVE,BENIGN_DIVERSE_MODERATE,10,r10-t003-5d37b114,1789124580413976790,1789124582424024613,0.0,24,0,0.0,False,False,False,False
RFC_DROP_NATIVE,BENIGN_DIVERSE_MODERATE,10,r10-t004-accda484,1789124580423520292,1789124582432199739,0.0,24,0,0.0,False,False,False,False
RFC_DROP_NATIVE,BENIGN_DIVERSE_MODERATE,10,r10-t005-8bce3a51,1789124580433355145,1789124582451864748,0.0,24,0,0.0,False,False,False,False
RFC_DROP_NATIVE,BENIGN_DIVERSE_MODERATE,10,r10-t006-de5e35b7,1789124580443382634,1789124582463667679,0.0,24,0,0.0,False,False,False,False
RFC_DROP_NATIVE,BENIGN_DIVERSE_MODERATE,10,r10-t007-a72d6eb5,1789124580453388899,1789124582463546048,0.0,24,0,0.0,False,False,False,False
RFC_DROP_NATIVE,BENIGN_DIVERSE_MODERATE,10,r10-t008-eb7d8e3c,1789124580463456024,1789124582474154174,0.0,24,0,0.0,False,False,False,False
RFC_DROP_NATIVE,BENIGN_DIVERSE_MODERATE,10,r10-t009-6c97eade,1789124580473585986,1789124582483689129,0.0,24,0,0.0,False,False,False,False
RFC_DROP_NATIVE,BENIGN_DIVERSE_MODERATE,10,r10-t010-76d6b5db,1789124580483462635,1789124582493856942,0.0,24,0,0.0,False,False,False,False
RFC_DROP_NATIVE,BENIGN_DIVERSE_MODERATE,10,r10-t011-b10a76f8,1789124580493369339,1789124582503381189,0.0,24,0,0.0,False,False,False,False
RFC_DROP_NATIVE,BENIGN_DIVERSE_MODERATE,10,r10-t012-d02582a7,1789124580503460040,1789124582513840540,0.0,24,0,0.0,False,False,False,False
RFC_DROP_NATIVE,BENIGN_DIVERSE_MODERATE,10,r10-t013-534a0b88,1789124580513590565,1789124582523220520,0.0,24,0,0.0,False,False,False,False
RFC_DROP_NATIVE,BENIGN_DIVERSE_MODERATE,10,r10-t014-2064e0c2,1789124580524000042,1789124582534692275,0.0,24,0,0.0,False,False,False,False
RFC_DROP_NATIVE,BENIGN_DIVERSE_MODERATE,10,r10-t015-ce1e644a,1789124580534068766,1789124582543170212,0.0,24,0,0.0,False,False,False,False
RFC_DROP_NATIVE,BENIGN_DIVERSE_MODERATE,10,r10-t016-02b4f77e,1789124580543615365,1789124582563598539,0.0,24,0,0.0,False,False,False,False
RFC_DROP_NATIVE,BENIGN_DIVERSE_MODERATE,10,r10-t017-be3d2d58,1789124580553256267,1789124582563369272,0.0,24,0,0.0,False,False,False,False
RFC_DROP_NATIVE,BENIGN_DIVERSE_MODERATE,10,r10-t018-ad9f8be9,1789124580563529931,1789124582573619362,0.0,24,0,0.0,False,False,False,False
RFC_DROP_NATIVE,BENIGN_DIVERSE_MODERATE,10,r10-t019-c4f8b785,1789124580573343463,1789124582583337561,0.0,24,0,0.0,False,False,False,False
RFC_DROP_NATIVE,BENIGN_DIVERSE_MODERATE,10,r10-t020-8bab0d9b,1789124580583491175,1789124582593646258,0.0,24,0,0.0,False,False,False,False
RFC_DROP_NATIVE,BENIGN_DIVERSE_MODERATE,10,r10-t021-c4291c6f,1789124580593457615,1789124582603137632,0.0,24,0,0.0,False,False,False,False
RFC_DROP_NATIVE,BENIGN_DIVERSE_MODERATE,10,r10-t022-a8a70f55,1789124580603480690,1789124582613060303,0.0,24,0,0.0,False,False,False,False
RFC_DROP_NATIVE,BENIGN_DIVERSE_MODERATE,10,r10-t023-6be45202,1789124580613504894,1789124582623134756,0.0,24,0,0.0,False,False,False,False
RFC_DROP_NATIVE,BENIGN_DIVERSE_MODERATE,10,r10-t024-48d96a55,1789124580623509467,1789124582634911389,0.0,24,0,0.0,False,False,False,False
RFC_DROP_NATIVE,BENIGN_DIVERSE_MODERATE,10,r10-t025-a8008826,1789124580633729595,1789124582643333722,0.0,24,0,0.0,False,False,False,False
RFC_DROP_NATIVE,BENIGN_DIVERSE_MODERATE,10,r10-t026-2aa0ea72,1789124580643623807,1789124582653698773,0.0,24,0,0.0,False,False,False,False
RFC_DROP_NATIVE,BENIGN_DIVERSE_MODERATE,10,r10-t027-29ba0cfc,1789124580653734889,1789124582663224523,0.0,24,0,0.0,False,False,False,False
RFC_DROP_NATIVE,BENIGN_DIVERSE_MODERATE,10,r10-t028-614dd3a9,1789124580663641219,1789124582683174404,0.0,24,0,0.0,False,False,False,False
RFC_DROP_NATIVE,BENIGN_DIVERSE_MODERATE,10,r10-t029-f86f0a3d,1789124580675509615,1789124582685784733,0.0,24,0,0.0,False,False,False,False
RFC_DROP_NATIVE,BENIGN_DIVERSE_MODERATE,10,r10-t030-7e792b0d,1789124580684159619,1789124582694975362,0.0,24,0,0.0,False,False,False,False
RFC_DROP_NATIVE,BENIGN_DIVERSE_MODERATE,10,r10-t031-be6dbe61,1789124580693947416,1789124582703304053,0.0,24,0,0.0,False,False,False,False
RFC_DROP_NATIVE,BENIGN_DIVERSE_MODERATE,10,r10-t032-401b5353,1789124580703590475,1789124582714499673,0.0,24,0,0.0,False,False,False,False
RFC_DROP_NATIVE,BENIGN_DIVERSE_MODERATE,10,r10-t033-356f79d5,1789124580713608292,1789124582723346072,0.0,24,0,0.0,False,False,False,False
RFC_DROP_NATIVE,BENIGN_DIVERSE_MODERATE,10,r10-t034-e35b37cf,1789124580723793857,1789124582735009527,0.0,24,0,0.0,False,False,False,False
RFC_DROP_NATIVE,BENIGN_DIVERSE_MODERATE,10,r10-t035-229790c4,1789124580733831678,1789124582743458065,0.0,24,0,0.0,False,False,False,False
RFC_DROP_NATIVE,BENIGN_DIVERSE_MODERATE,10,r10-t036-f4c53564,1789124580744219272,1789124582755086862,0.0,24,0,0.0,False,False,False,False
RFC_DROP_NATIVE,BENIGN_DIVERSE_MODERATE,10,r10-t037-e9485170,1789124580753713276,1789124582765699591,0.0,24,0,0.0,False,False,False,False
RFC_DROP_NATIVE,BENIGN_DIVERSE_MODERATE,10,r10-t038-5314e4cd,1789124580764201650,1789124582775147384,0.0,24,0,0.0,False,False,False,False
RFC_DROP_NATIVE,BENIGN_DIVERSE_MODERATE,10,r10-t039-6b36ff12,1789124580774548856,1789124582786126885,0.0,24,0,0.0,False,False,False,False
RFC_DROP_NATIVE,BENIGN_DIVERSE_MODERATE,10,r10-t040-c6010576,1789124580784236813,1789124582795265387,0.0,25,0,0.0,False,False,False,False
RFC_DROP_NATIVE,BENIGN_DIVERSE_MODERATE,10,r10-t041-9bfbd75e,1789124580794104539,1789124582805851442,0.0,25,0,0.0,False,False,False,False
RFC_DROP_NATIVE,BENIGN_DIVERSE_MODERATE,10,r10-t042-4418cd84,1789124580803980530,1789124582815257251,0.0,25,0,0.0,False,False,False,False
RFC_DROP_NATIVE,BENIGN_DIVERSE_MODERATE,10,r10-t043-880f993d,1789124580814303786,1789124582823377713,0.0,25,0,0.0,False,False,False,False
RFC_DROP_NATIVE,BENIGN_DIVERSE_MODERATE,10,r10-t044-82a68d75,1789124580823799856,1789124582834915216,0.0,25,0,0.0,False,False,False,False
RFC_DROP_NATIVE,BENIGN_DIVERSE_MODERATE,10,r10-t045-6b4ae4e9,1789124580833632172,1789124582843251327,0.0,25,0,0.0,False,False,False,False
RFC_DROP_NATIVE,BENIGN_DIVERSE_MODERATE,10,r10-t046-d3db39dd,1789124580843697419,1789124582854754547,0.0,25,0,0.0,False,False,False,False
RFC_DROP_NATIVE,BENIGN_DIVERSE_MODERATE,10,r10-t047-ada82ef9,1789124580853568996,1789124582863605266,0.0,25,0,0.0,False,False,False,False
RFC_DROP_NATIVE,BENIGN_DIVERSE_MODERATE,10,r10-t048-55ac25a9,1789124580863586719,1789124582874527945,0.0,25,0,0.0,False,False,False,False
RFC_DROP_NATIVE,BENIGN_DIVERSE_MODERATE,10,r10-t049-a65c31e8,1789124580873478395,1789124582894767015,0.0,25,0,0.0,False,False,False,False
B0_OFF,BENIGN_DIVERSE_MODERATE,10,r10-t000-47eec575,1789124613681322356,1789124614029813961,0.0,24,0,0.0,False,False,False,False
B0_OFF,BENIGN_DIVERSE_MODERATE,10,r10-t001-5d782e03,1789124614040469027,1789124614372674206,0.0,25,0,0.0,False,False,False,False
B0_OFF,BENIGN_DIVERSE_MODERATE,10,r10-t002-a11006ed,1789124614383091052,1789124614728874307,0.0,26,0,0.0,False,False,False,False
B0_OFF,BENIGN_DIVERSE_MODERATE,10,r10-t003-5d37b114,1789124614738756148,1789124615077299740,0.0,27,0,0.0,False,False,False,False
B0_OFF,BENIGN_DIVERSE_MODERATE,10,r10-t004-accda484,1789124615088771864,1789124615432511584,0.0,28,0,0.0,False,False,False,False
B0_OFF,BENIGN_DIVERSE_MODERATE,10,r10-t005-8bce3a51,1789124615442136246,1789124615771467505,0.0,29,0,0.0,False,False,False,False
B0_OFF,BENIGN_DIVERSE_MODERATE,10,r10-t006-de5e35b7,1789124615781880317,1789124616131277490,0.0,30,0,0.0,False,False,False,False
B0_OFF,BENIGN_DIVERSE_MODERATE,10,r10-t007-a72d6eb5,1789124616141766140,1789124616481380401,0.0,30,0,0.0,False,False,False,False
B0_OFF,BENIGN_DIVERSE_MODERATE,10,r10-t008-eb7d8e3c,1789124616492211925,1789124616849771505,0.0,30,0,0.0,False,False,False,False
B0_OFF,BENIGN_DIVERSE_MODERATE,10,r10-t009-6c97eade,1789124616860342189,1789124617230417060,0.0,30,0,0.0,False,False,False,False
B0_OFF,BENIGN_DIVERSE_MODERATE,10,r10-t010-76d6b5db,1789124617240529894,1789124617585723140,0.0,30,0,0.0,False,False,False,False
B0_OFF,BENIGN_DIVERSE_MODERATE,10,r10-t011-b10a76f8,1789124617600006954,1789124617932169145,0.0,30,0,0.0,False,False,False,False
B0_OFF,BENIGN_DIVERSE_MODERATE,10,r10-t012-d02582a7,1789124617941923992,1789124618280602744,0.0,30,0,0.0,False,False,False,False
B0_OFF,BENIGN_DIVERSE_MODERATE,10,r10-t013-534a0b88,1789124618290362472,1789124618628307420,0.0,30,0,0.0,False,False,False,False
B0_OFF,BENIGN_DIVERSE_MODERATE,10,r10-t014-2064e0c2,1789124618639071459,1789124618997255494,0.0,30,0,0.0,False,False,False,False
B0_OFF,BENIGN_DIVERSE_MODERATE,10,r10-t015-ce1e644a,1789124619007417040,1789124619351644742,0.0,30,0,0.0,False,False,False,False
B0_OFF,BENIGN_DIVERSE_MODERATE,10,r10-t016-02b4f77e,1789124619362169343,1789124619712374042,0.0,30,0,0.0,False,False,False,False
B0_OFF,BENIGN_DIVERSE_MODERATE,10,r10-t017-be3d2d58,1789124619722876177,1789124620075342293,0.0,30,0,0.0,False,False,False,False
B0_OFF,BENIGN_DIVERSE_MODERATE,10,r10-t018-ad9f8be9,1789124620086974329,1789124620418943462,0.0,30,0,0.0,False,False,False,False
B0_OFF,BENIGN_DIVERSE_MODERATE,10,r10-t019-c4f8b785,1789124620429943725,1789124620770156798,0.0,30,0,0.0,False,False,False,False
B0_OFF,BENIGN_DIVERSE_MODERATE,10,r10-t020-8bab0d9b,1789124620781166128,1789124621103910178,0.0,30,0,0.0,False,False,False,False
B0_OFF,BENIGN_DIVERSE_MODERATE,10,r10-t021-c4291c6f,1789124621115459572,1789124621438698255,0.0,30,0,0.0,False,False,False,False
B0_OFF,BENIGN_DIVERSE_MODERATE,10,r10-t022-a8a70f55,1789124621448622169,1789124621805397076,0.0,30,0,0.0,False,False,False,False
B0_OFF,BENIGN_DIVERSE_MODERATE,10,r10-t023-6be45202,1789124621818384464,1789124622164432540,0.0,30,0,0.0,False,False,False,False
B0_OFF,BENIGN_DIVERSE_MODERATE,10,r10-t024-48d96a55,1789124622174961216,1789124622498299355,0.0,30,0,0.0,False,False,False,False
B0_OFF,BENIGN_DIVERSE_MODERATE,10,r10-t025-a8008826,1789124622509505045,1789124622853102720,0.0,30,0,0.0,False,False,False,False
B0_OFF,BENIGN_DIVERSE_MODERATE,10,r10-t026-2aa0ea72,1789124622865060607,1789124623216480693,0.0,30,0,0.0,False,False,False,False
B0_OFF,BENIGN_DIVERSE_MODERATE,10,r10-t027-29ba0cfc,1789124623227074161,1789124623567933081,0.0,30,0,0.0,False,False,False,False
B0_OFF,BENIGN_DIVERSE_MODERATE,10,r10-t028-614dd3a9,1789124623578451274,1789124623912135706,0.0,30,0,0.0,False,False,False,False
B0_OFF,BENIGN_DIVERSE_MODERATE,10,r10-t029-f86f0a3d,1789124624740942921,1789124625074732381,0.0,20,0,0.0,False,False,False,False
B0_OFF,BENIGN_DIVERSE_MODERATE,10,r10-t030-7e792b0d,1789124626146341711,1789124626495322824,0.0,4,0,0.0,False,False,False,False
B0_OFF,BENIGN_DIVERSE_MODERATE,10,r10-t031-be6dbe61,1789124626505207637,1789124626873890373,0.0,9,0,0.0,False,False,False,False
B0_OFF,BENIGN_DIVERSE_MODERATE,10,r10-t032-401b5353,1789124626886352054,1789124627210604937,0.0,14,0,0.0,False,False,False,False
B0_OFF,BENIGN_DIVERSE_MODERATE,10,r10-t033-356f79d5,1789124627220721625,1789124627555261109,0.0,15,0,0.0,False,False,False,False
B0_OFF,BENIGN_DIVERSE_MODERATE,10,r10-t034-e35b37cf,1789124627565971223,1789124627916168281,0.0,21,0,0.0,False,False,False,False
B0_OFF,BENIGN_DIVERSE_MODERATE,10,r10-t035-229790c4,1789124627926610158,1789124628258584958,0.0,26,0,0.0,False,False,False,False
B0_OFF,BENIGN_DIVERSE_MODERATE,10,r10-t036-f4c53564,1789124628268975454,1789124628620872888,0.0,30,0,0.0,False,False,False,False
B0_OFF,BENIGN_DIVERSE_MODERATE,10,r10-t037-e9485170,1789124628630984757,1789124628955658036,0.0,30,0,0.0,False,False,False,False
B0_OFF,BENIGN_DIVERSE_MODERATE,10,r10-t038-5314e4cd,1789124628965558338,1789124629283098970,0.0,30,0,0.0,False,False,False,False
B0_OFF,BENIGN_DIVERSE_MODERATE,10,r10-t039-6b36ff12,1789124629292724897,1789124629649718964,0.0,30,0,0.0,False,False,False,False
B0_OFF,BENIGN_DIVERSE_MODERATE,10,r10-t040-c6010576,1789124629660188302,1789124630024430073,0.0,30,0,0.0,False,False,False,False
B0_OFF,BENIGN_DIVERSE_MODERATE,10,r10-t041-9bfbd75e,1789124630034600009,1789124630366718412,0.0,30,0,0.0,False,False,False,False
B0_OFF,BENIGN_DIVERSE_MODERATE,10,r10-t042-4418cd84,1789124630377066289,1789124630713048960,0.0,30,0,0.0,False,False,False,False
B0_OFF,BENIGN_DIVERSE_MODERATE,10,r10-t043-880f993d,1789124630725253979,1789124631066176309,0.0,30,0,0.0,False,False,False,False
B0_OFF,BENIGN_DIVERSE_MODERATE,10,r10-t044-82a68d75,1789124631076843517,1789124631401860900,0.0,30,0,0.0,False,False,False,False
B0_OFF,BENIGN_DIVERSE_MODERATE,10,r10-t045-6b4ae4e9,1789124631412046326,1789124631755919701,0.0,30,0,0.0,False,False,False,False
B0_OFF,BENIGN_DIVERSE_MODERATE,10,r10-t046-d3db39dd,1789124631765804685,1789124632124915917,0.0,30,0,0.0,False,False,False,False
B0_OFF,BENIGN_DIVERSE_MODERATE,10,r10-t047-ada82ef9,1789124632136007955,1789124632470422213,0.0,30,0,0.0,False,False,False,False
B0_OFF,BENIGN_DIVERSE_MODERATE,10,r10-t048-55ac25a9,1789124632480932730,1789124632811756149,0.0,30,0,0.0,False,False,False,False
B0_OFF,BENIGN_DIVERSE_MODERATE,10,r10-t049-a65c31e8,1789124632821547631,1789124633189180010,0.0,30,0,0.0,False,False,False,False
RFC_DROP_NATIVE,BENIGN_DIVERSE_HIGH,10,r10-t000-0a6a2e22,1789124645306019985,1789124647316844809,0.0,400,0,0.0,False,False,False,False
RFC_DROP_NATIVE,BENIGN_DIVERSE_HIGH,10,r10-t001-04278ed4,1789124645313298846,1789124647334308262,0.0,400,0,0.0,False,False,False,False
RFC_DROP_NATIVE,BENIGN_DIVERSE_HIGH,10,r10-t002-634c7e0d,1789124645322728983,1789124647332687419,0.0,400,0,0.0,False,False,False,False
RFC_DROP_NATIVE,BENIGN_DIVERSE_HIGH,10,r10-t003-1510ac42,1789124645332582747,1789124647354055090,0.0,400,0,0.0,False,False,False,False
RFC_DROP_NATIVE,BENIGN_DIVERSE_HIGH,10,r10-t004-33a7ec5e,1789124645343123222,1789124647352633281,0.0,400,0,0.0,False,False,False,False
RFC_DROP_NATIVE,BENIGN_DIVERSE_HIGH,10,r10-t005-01f024fa,1789124645353245624,1789124647363546986,0.0,400,0,0.0,False,False,False,False
RFC_DROP_NATIVE,BENIGN_DIVERSE_HIGH,10,r10-t006-8553715f,1789124645363153059,1789124647373095104,0.0,400,0,0.0,False,False,False,False
RFC_DROP_NATIVE,BENIGN_DIVERSE_HIGH,10,r10-t007-2d42650e,1789124645372888558,1789124647392459662,0.0,400,0,0.0,False,False,False,False
RFC_DROP_NATIVE,BENIGN_DIVERSE_HIGH,10,r10-t008-ee2d6594,1789124645382965294,1789124647392692730,0.0,400,0,0.0,False,False,False,False
RFC_DROP_NATIVE,BENIGN_DIVERSE_HIGH,10,r10-t009-22319c06,1789124645393469797,1789124647404063730,0.0,400,0,0.0,False,False,False,False
RFC_DROP_NATIVE,BENIGN_DIVERSE_HIGH,10,r10-t010-88506ff7,1789124645403307931,1789124647412631727,0.0,400,0,0.0,False,False,False,False
RFC_DROP_NATIVE,BENIGN_DIVERSE_HIGH,10,r10-t011-e4499e43,1789124645413098984,1789124647423693791,0.0,400,0,0.0,False,False,False,False
RFC_DROP_NATIVE,BENIGN_DIVERSE_HIGH,10,r10-t012-fe3c362c,1789124645422853880,1789124647434744008,0.0,400,0,0.0,False,False,False,False
RFC_DROP_NATIVE,BENIGN_DIVERSE_HIGH,10,r10-t013-8c8fc16a,1789124645432835513,1789124647444077674,0.0,400,0,0.0,False,False,False,False
RFC_DROP_NATIVE,BENIGN_DIVERSE_HIGH,10,r10-t014-1b565691,1789124645443015636,1789124647452529561,0.0,400,0,0.0,False,False,False,False
RFC_DROP_NATIVE,BENIGN_DIVERSE_HIGH,10,r10-t015-9ff2b29c,1789124645452904521,1789124647464268355,0.0,400,0,0.0,False,False,False,False
RFC_DROP_NATIVE,BENIGN_DIVERSE_HIGH,10,r10-t016-7b55ddac,1789124645462817512,1789124647476436615,0.0,400,0,0.0,False,False,False,False
RFC_DROP_NATIVE,BENIGN_DIVERSE_HIGH,10,r10-t017-ffad45d5,1789124645473441319,1789124647484528983,0.0,400,0,0.0,False,False,False,False
RFC_DROP_NATIVE,BENIGN_DIVERSE_HIGH,10,r10-t018-81a2b4a2,1789124645482960720,1789124647495118332,0.0,400,0,0.0,False,False,False,False
RFC_DROP_NATIVE,BENIGN_DIVERSE_HIGH,10,r10-t019-90ff2205,1789124645493046494,1789124647504379700,0.0,400,0,0.0,False,False,False,False
RFC_DROP_NATIVE,BENIGN_DIVERSE_HIGH,10,r10-t020-ba00699d,1789124645503237883,1789124647512614314,0.0,400,0,0.0,False,False,False,False
RFC_DROP_NATIVE,BENIGN_DIVERSE_HIGH,10,r10-t021-f3df2cc6,1789124645513729737,1789124647524375766,0.0,400,0,0.0,False,False,False,False
RFC_DROP_NATIVE,BENIGN_DIVERSE_HIGH,10,r10-t022-684278ef,1789124645523241847,1789124647533976251,0.0,400,0,0.0,False,False,False,False
RFC_DROP_NATIVE,BENIGN_DIVERSE_HIGH,10,r10-t023-975bacd7,1789124645533401071,1789124647543892819,0.0,400,0,0.0,False,False,False,False
RFC_DROP_NATIVE,BENIGN_DIVERSE_HIGH,10,r10-t024-a54acb64,1789124645543353647,1789124647552868565,0.0,400,0,0.0,False,False,False,False
RFC_DROP_NATIVE,BENIGN_DIVERSE_HIGH,10,r10-t025-8b3474fc,1789124645553215215,1789124647564677025,0.0,400,0,0.0,False,False,False,False
RFC_DROP_NATIVE,BENIGN_DIVERSE_HIGH,10,r10-t026-213aca6f,1789124645563017741,1789124647575034435,0.0,400,0,0.0,False,False,False,False
RFC_DROP_NATIVE,BENIGN_DIVERSE_HIGH,10,r10-t027-19ba65a0,1789124645573379571,1789124647584709099,0.0,399,0,0.0,False,False,False,False
RFC_DROP_NATIVE,BENIGN_DIVERSE_HIGH,10,r10-t028-afe66a92,1789124645582871937,1789124647616640641,0.0,400,0,0.0,False,False,False,False
RFC_DROP_NATIVE,BENIGN_DIVERSE_HIGH,10,r10-t029-9eafc3b1,1789124645609491552,1789124647631143517,0.0,400,0,0.0,False,False,False,False
RFC_DROP_NATIVE,BENIGN_DIVERSE_HIGH,10,r10-t030-a0d41be4,1789124645611007097,1789124647623248396,0.0,400,0,0.0,False,False,False,False
RFC_DROP_NATIVE,BENIGN_DIVERSE_HIGH,10,r10-t031-66e4be64,1789124645612764169,1789124647624843008,0.0,400,0,0.0,False,False,False,False
RFC_DROP_NATIVE,BENIGN_DIVERSE_HIGH,10,r10-t032-d00614d9,1789124645623209110,1789124647633380733,0.0,400,0,0.0,False,False,False,False
RFC_DROP_NATIVE,BENIGN_DIVERSE_HIGH,10,r10-t033-4bef020c,1789124645632770013,1789124647652498873,0.0,400,0,0.0,False,False,False,False
RFC_DROP_NATIVE,BENIGN_DIVERSE_HIGH,10,r10-t034-235957d3,1789124645642596325,1789124647652810913,0.0,400,0,0.0,False,False,False,False
RFC_DROP_NATIVE,BENIGN_DIVERSE_HIGH,10,r10-t035-2a8a9951,1789124645652831327,1789124647664800825,0.0,400,0,0.0,False,False,False,False
RFC_DROP_NATIVE,BENIGN_DIVERSE_HIGH,10,r10-t036-0cf6ddfa,1789124645662548487,1789124647672468239,0.0,400,0,0.0,False,False,False,False
RFC_DROP_NATIVE,BENIGN_DIVERSE_HIGH,10,r10-t037-e7bf920a,1789124645672687497,1789124647682482583,0.0,400,0,0.0,False,False,False,False
RFC_DROP_NATIVE,BENIGN_DIVERSE_HIGH,10,r10-t038-45d2c0ec,1789124645683398315,1789124647695296173,0.0,400,0,0.0,False,False,False,False
RFC_DROP_NATIVE,BENIGN_DIVERSE_HIGH,10,r10-t039-64819559,1789124645693167653,1789124647704737958,0.0,400,0,0.0,False,False,False,False
RFC_DROP_NATIVE,BENIGN_DIVERSE_HIGH,10,r10-t040-27c3f352,1789124645702563653,1789124647722613767,0.0,401,0,0.0,False,False,False,False
RFC_DROP_NATIVE,BENIGN_DIVERSE_HIGH,10,r10-t041-eeaea7a5,1789124645712676150,1789124647723426538,0.0,401,0,0.0,False,False,False,False
RFC_DROP_NATIVE,BENIGN_DIVERSE_HIGH,10,r10-t042-24204506,1789124645722625061,1789124647732865503,0.0,401,0,0.0,False,False,False,False
RFC_DROP_NATIVE,BENIGN_DIVERSE_HIGH,10,r10-t043-6201b8fc,1789124645732475347,1789124647742689277,0.0,401,0,0.0,False,False,False,False
RFC_DROP_NATIVE,BENIGN_DIVERSE_HIGH,10,r10-t044-9c2cbd50,1789124645742796279,1789124647752916474,0.0,401,0,0.0,False,False,False,False
RFC_DROP_NATIVE,BENIGN_DIVERSE_HIGH,10,r10-t045-2e9c06d9,1789124645752431738,1789124647762634385,0.0,401,0,0.0,False,False,False,False
RFC_DROP_NATIVE,BENIGN_DIVERSE_HIGH,10,r10-t046-1b33ae08,1789124645762741012,1789124647775195823,0.0,401,0,0.0,False,False,False,False
RFC_DROP_NATIVE,BENIGN_DIVERSE_HIGH,10,r10-t047-412df486,1789124645773284763,1789124647784543685,0.0,401,0,0.0,False,False,False,False
RFC_DROP_NATIVE,BENIGN_DIVERSE_HIGH,10,r10-t048-a15565e2,1789124645782589943,1789124647794412493,0.0,401,0,0.0,False,False,False,False
RFC_DROP_NATIVE,BENIGN_DIVERSE_HIGH,10,r10-t049-5fc50aab,1789124645793112729,1789124647804632077,0.0,401,0,0.0,False,False,False,False
B1_RL2_TC,BENIGN_DIVERSE_HIGH,10,r10-t000-0a6a2e22,1789124681455742433,1789124682682363007,0.0,400,0,0.0,False,False,False,False
B1_RL2_TC,BENIGN_DIVERSE_HIGH,10,r10-t001-04278ed4,1789124682693666252,1789124683086080763,0.0,403,0,0.0,False,False,False,False
B1_RL2_TC,BENIGN_DIVERSE_HIGH,10,r10-t002-634c7e0d,1789124683098896679,1789124683507127099,0.0,404,0,0.0,False,False,False,False
B1_RL2_TC,BENIGN_DIVERSE_HIGH,10,r10-t003-1510ac42,1789124683518456259,1789124683933375760,0.0,405,0,0.0,False,False,False,False
B1_RL2_TC,BENIGN_DIVERSE_HIGH,10,r10-t004-33a7ec5e,1789124683945179427,1789124684333823426,0.0,405,0,0.0,False,False,False,False
B1_RL2_TC,BENIGN_DIVERSE_HIGH,10,r10-t005-01f024fa,1789124684345030827,1789124684742268246,0.0,405,0,0.0,False,False,False,False
B1_RL2_TC,BENIGN_DIVERSE_HIGH,10,r10-t006-8553715f,1789124684753049392,1789124685147443071,0.0,405,0,0.0,False,False,False,False
B1_RL2_TC,BENIGN_DIVERSE_HIGH,10,r10-t007-2d42650e,1789124685158641706,1789124685539925247,0.0,405,0,0.0,False,False,False,False
B1_RL2_TC,BENIGN_DIVERSE_HIGH,10,r10-t008-ee2d6594,1789124685551079590,1789124685952657684,0.0,405,0,0.0,False,False,False,False
B1_RL2_TC,BENIGN_DIVERSE_HIGH,10,r10-t009-22319c06,1789124685965665947,1789124686377563968,0.0,405,0,0.0,False,False,False,False
B1_RL2_TC,BENIGN_DIVERSE_HIGH,10,r10-t010-88506ff7,1789124686390617089,1789124686794415232,0.0,405,0,0.0,False,False,False,False
B1_RL2_TC,BENIGN_DIVERSE_HIGH,10,r10-t011-e4499e43,1789124686805437448,1789124687206594376,0.0,405,0,0.0,False,False,False,False
B1_RL2_TC,BENIGN_DIVERSE_HIGH,10,r10-t012-fe3c362c,1789124687218675209,1789124687619463058,0.0,405,0,0.0,False,False,False,False
B1_RL2_TC,BENIGN_DIVERSE_HIGH,10,r10-t013-8c8fc16a,1789124689432953753,1789124691444230941,0.0,116,0,0.0,False,False,False,False
B1_RL2_TC,BENIGN_DIVERSE_HIGH,10,r10-t014-1b565691,1789124691459898331,1789124691867133166,0.0,331,0,0.0,False,False,False,False
B1_RL2_TC,BENIGN_DIVERSE_HIGH,10,r10-t015-9ff2b29c,1789124691878586137,1789124692273548558,0.0,401,0,0.0,False,False,False,False
B1_RL2_TC,BENIGN_DIVERSE_HIGH,10,r10-t016-7b55ddac,1789124692284915186,1789124692684504392,0.0,402,0,0.0,False,False,False,False
B1_RL2_TC,BENIGN_DIVERSE_HIGH,10,r10-t017-ffad45d5,1789124692695371275,1789124693075124437,0.0,403,0,0.0,False,False,False,False
B1_RL2_TC,BENIGN_DIVERSE_HIGH,10,r10-t018-81a2b4a2,1789124693085721729,1789124693476879358,0.0,404,0,0.0,False,False,False,False
B1_RL2_TC,BENIGN_DIVERSE_HIGH,10,r10-t019-90ff2205,1789124693487753696,1789124693894401786,0.0,404,0,0.0,False,False,False,False
B1_RL2_TC,BENIGN_DIVERSE_HIGH,10,r10-t020-ba00699d,1789124693905415215,1789124694319256938,0.0,405,0,0.0,False,False,False,False
B1_RL2_TC,BENIGN_DIVERSE_HIGH,10,r10-t021-f3df2cc6,1789124694330980823,1789124694730725821,0.0,405,0,0.0,False,False,False,False
B1_RL2_TC,BENIGN_DIVERSE_HIGH,10,r10-t022-684278ef,1789124694742975494,1789124695153717880,0.0,405,0,0.0,False,False,False,False
B1_RL2_TC,BENIGN_DIVERSE_HIGH,10,r10-t023-975bacd7,1789124695164599107,1789124696084950717,0.0,405,0,0.0,False,False,False,False
B1_RL2_TC,BENIGN_DIVERSE_HIGH,10,r10-t024-a54acb64,1789124696096149945,1789124696511510244,0.0,404,0,0.0,False,False,False,False
B1_RL2_TC,BENIGN_DIVERSE_HIGH,10,r10-t025-8b3474fc,1789124696523671217,1789124696904061609,0.0,404,0,0.0,False,False,False,False
B1_RL2_TC,BENIGN_DIVERSE_HIGH,10,r10-t026-213aca6f,1789124696915336611,1789124697312622205,0.0,404,0,0.0,False,False,False,False
B1_RL2_TC,BENIGN_DIVERSE_HIGH,10,r10-t027-19ba65a0,1789124697323959191,1789124697736940103,0.0,404,0,0.0,False,False,False,False
B1_RL2_TC,BENIGN_DIVERSE_HIGH,10,r10-t028-afe66a92,1789124697749859439,1789124698162361173,0.0,405,0,0.0,False,False,False,False
B1_RL2_TC,BENIGN_DIVERSE_HIGH,10,r10-t029-9eafc3b1,1789124698174382134,1789124698564222607,0.0,405,0,0.0,False,False,False,False
B1_RL2_TC,BENIGN_DIVERSE_HIGH,10,r10-t030-a0d41be4,1789124698576667850,1789124698953846701,0.0,405,0,0.0,False,False,False,False
B1_RL2_TC,BENIGN_DIVERSE_HIGH,10,r10-t031-66e4be64,1789124698966833266,1789124699338472435,0.0,405,0,0.0,False,False,False,False
B1_RL2_TC,BENIGN_DIVERSE_HIGH,10,r10-t032-d00614d9,1789124699349607921,1789124699764674652,0.0,405,0,0.0,False,False,False,False
B1_RL2_TC,BENIGN_DIVERSE_HIGH,10,r10-t033-4bef020c,1789124699776166436,1789124700165457771,0.0,405,0,0.0,False,False,False,False
B1_RL2_TC,BENIGN_DIVERSE_HIGH,10,r10-t034-235957d3,1789124700176534313,1789124700585262231,0.0,405,0,0.0,False,False,False,False
B1_RL2_TC,BENIGN_DIVERSE_HIGH,10,r10-t035-2a8a9951,1789124700596272672,1789124700954608616,0.0,405,0,0.0,False,False,False,False
B1_RL2_TC,BENIGN_DIVERSE_HIGH,10,r10-t036-0cf6ddfa,1789124700966940774,1789124701353729163,0.0,405,0,0.0,False,False,False,False
B1_RL2_TC,BENIGN_DIVERSE_HIGH,10,r10-t037-e7bf920a,1789124701364559759,1789124701738188799,0.0,405,0,0.0,False,False,False,False
B1_RL2_TC,BENIGN_DIVERSE_HIGH,10,r10-t038-45d2c0ec,1789124701749624747,1789124702164729520,0.0,405,0,0.0,False,False,False,False
B1_RL2_TC,BENIGN_DIVERSE_HIGH,10,r10-t039-64819559,1789124702178334241,1789124702575154754,0.0,405,0,0.0,False,False,False,False
B1_RL2_TC,BENIGN_DIVERSE_HIGH,10,r10-t040-27c3f352,1789124702586413777,1789124702966636050,0.0,405,0,0.0,False,False,False,False
B1_RL2_TC,BENIGN_DIVERSE_HIGH,10,r10-t041-eeaea7a5,1789124702979245884,1789124703371654179,0.0,405,0,0.0,False,False,False,False
B1_RL2_TC,BENIGN_DIVERSE_HIGH,10,r10-t042-24204506,1789124703382185632,1789124703779216404,0.0,405,0,0.0,False,False,False,False
B1_RL2_TC,BENIGN_DIVERSE_HIGH,10,r10-t043-6201b8fc,1789124703790204058,1789124704210265855,0.0,405,0,0.0,False,False,False,False
B1_RL2_TC,BENIGN_DIVERSE_HIGH,10,r10-t044-9c2cbd50,1789124704221913850,1789124704630847318,0.0,405,0,0.0,False,False,False,False
B1_RL2_TC,BENIGN_DIVERSE_HIGH,10,r10-t045-2e9c06d9,1789124704642106058,1789124705065594788,0.0,405,0,0.0,False,False,False,False
B1_RL2_TC,BENIGN_DIVERSE_HIGH,10,r10-t046-1b33ae08,1789124705076769725,1789124705463639842,0.0,405,0,0.0,False,False,False,False
B1_RL2_TC,BENIGN_DIVERSE_HIGH,10,r10-t047-412df486,1789124705474577137,1789124705891402480,0.0,405,0,0.0,False,False,False,False
B1_RL2_TC,BENIGN_DIVERSE_HIGH,10,r10-t048-a15565e2,1789124705902332257,1789124706297592811,0.0,404,0,0.0,False,False,False,False
B1_RL2_TC,BENIGN_DIVERSE_HIGH,10,r10-t049-5fc50aab,1789124706309483297,1789124706690387817,0.0,404,0,0.0,False,False,False,False
B0_OFF,ATTACK_DIVERSE_HIGH,10,r10-t000-0a6a2e22,1789124721917141341,1789124722086219527,0.0,100,0,0.0,False,False,False,False
B0_OFF,ATTACK_DIVERSE_HIGH,10,r10-t001-04278ed4,1789124722096924723,1789124722392666019,0.0,137,0,0.0,False,False,False,False
B0_OFF,ATTACK_DIVERSE_HIGH,10,r10-t002-634c7e0d,1789124722404200638,1789124722749547832,0.0,190,0,0.0,False,False,False,False
B0_OFF,ATTACK_DIVERSE_HIGH,10,r10-t003-1510ac42,1789124722761183242,1789124723093450366,0.0,223,0,0.0,False,False,False,False
B0_OFF,ATTACK_DIVERSE_HIGH,10,r10-t004-33a7ec5e,1789124723105150496,1789124723421769314,0.0,293,0,0.0,False,False,False,False
B0_OFF,ATTACK_DIVERSE_HIGH,10,r10-t005-01f024fa,1789124723432863810,1789124723793075023,0.0,359,0,0.0,False,False,False,False
B0_OFF,ATTACK_DIVERSE_HIGH,10,r10-t006-8553715f,1789124723804934443,1789124724161754177,0.0,406,0,0.0,False,False,False,False
B0_OFF,ATTACK_DIVERSE_HIGH,10,r10-t007-2d42650e,1789124724172821685,1789124724512554272,0.0,406,0,0.0,False,False,False,False
B0_OFF,ATTACK_DIVERSE_HIGH,10,r10-t008-ee2d6594,1789124724524616763,1789124724826774802,0.0,406,0,0.0,False,False,False,False
B0_OFF,ATTACK_DIVERSE_HIGH,10,r10-t009-22319c06,1789124724837938184,1789124725188232577,0.0,406,0,0.0,False,False,False,False
B0_OFF,ATTACK_DIVERSE_HIGH,10,r10-t010-88506ff7,1789124725201268917,1789124725552267272,0.0,406,0,0.0,False,False,False,False
B0_OFF,ATTACK_DIVERSE_HIGH,10,r10-t011-e4499e43,1789124725563575882,1789124725872388919,0.0,406,0,0.0,False,False,False,False
B0_OFF,ATTACK_DIVERSE_HIGH,10,r10-t012-fe3c362c,1789124725884438295,1789124726207440246,0.0,406,0,0.0,False,False,False,False
B0_OFF,ATTACK_DIVERSE_HIGH,10,r10-t013-8c8fc16a,1789124726219563698,1789124726537919021,0.0,406,0,0.0,False,False,False,False
B0_OFF,ATTACK_DIVERSE_HIGH,10,r10-t014-1b565691,1789124726549472320,1789124726896296722,0.0,406,0,0.0,False,False,False,False
B0_OFF,ATTACK_DIVERSE_HIGH,10,r10-t015-9ff2b29c,1789124726907972789,1789124727257444885,0.0,406,0,0.0,False,False,False,False
B0_OFF,ATTACK_DIVERSE_HIGH,10,r10-t016-7b55ddac,1789124727269017152,1789124727593181492,0.0,406,0,0.0,False,False,False,False
B0_OFF,ATTACK_DIVERSE_HIGH,10,r10-t017-ffad45d5,1789124727605815458,1789124727947266338,0.0,406,0,0.0,False,False,False,False
B0_OFF,ATTACK_DIVERSE_HIGH,10,r10-t018-81a2b4a2,1789124727958717252,1789124728309271148,0.0,405,0,0.0,False,False,False,False
B0_OFF,ATTACK_DIVERSE_HIGH,10,r10-t019-90ff2205,1789124728320960804,1789124728656368264,0.0,406,0,0.0,False,False,False,False
B0_OFF,ATTACK_DIVERSE_HIGH,10,r10-t020-ba00699d,1789124728668266090,1789124728987385675,0.0,406,0,0.0,False,False,False,False
B0_OFF,ATTACK_DIVERSE_HIGH,10,r10-t021-f3df2cc6,1789124728998884526,1789124729357596278,0.0,406,0,0.0,False,False,False,False
B0_OFF,ATTACK_DIVERSE_HIGH,10,r10-t022-684278ef,1789124729369987067,1789124729692196352,0.0,406,0,0.0,False,False,False,False
B0_OFF,ATTACK_DIVERSE_HIGH,10,r10-t023-975bacd7,1789124729703268767,1789124730036329463,0.0,406,0,0.0,False,False,False,False
B0_OFF,ATTACK_DIVERSE_HIGH,10,r10-t024-a54acb64,1789124730047593627,1789124730393882507,0.0,406,0,0.0,False,False,False,False
B0_OFF,ATTACK_DIVERSE_HIGH,10,r10-t025-8b3474fc,1789124730407036519,1789124730756675641,0.0,406,0,0.0,False,False,False,False
B0_OFF,ATTACK_DIVERSE_HIGH,10,r10-t026-213aca6f,1789124730767868748,1789124731077798664,0.0,406,0,0.0,False,False,False,False
B0_OFF,ATTACK_DIVERSE_HIGH,10,r10-t027-19ba65a0,1789124731088425738,1789124731434166675,0.0,405,0,0.0,False,False,False,False
B0_OFF,ATTACK_DIVERSE_HIGH,10,r10-t028-afe66a92,1789124731446357921,1789124731792224548,0.0,406,0,0.0,False,False,False,False
B0_OFF,ATTACK_DIVERSE_HIGH,10,r10-t029-9eafc3b1,1789124731803981140,1789124732143485124,0.0,406,0,0.0,False,False,False,False
B0_OFF,ATTACK_DIVERSE_HIGH,10,r10-t030-a0d41be4,1789124732155314987,1789124732486358212,0.0,406,0,0.0,False,False,False,False
B0_OFF,ATTACK_DIVERSE_HIGH,10,r10-t031-66e4be64,1789124732498524565,1789124732826305024,0.0,406,0,0.0,False,False,False,False
B0_OFF,ATTACK_DIVERSE_HIGH,10,r10-t032-d00614d9,1789124732837308229,1789124733176287567,0.0,406,0,0.0,False,False,False,False
B0_OFF,ATTACK_DIVERSE_HIGH,10,r10-t033-4bef020c,1789124733187907760,1789124733546845554,0.0,406,0,0.0,False,False,False,False
B0_OFF,ATTACK_DIVERSE_HIGH,10,r10-t034-235957d3,1789124733560633565,1789124733896693201,0.0,406,0,0.0,False,False,False,False
B0_OFF,ATTACK_DIVERSE_HIGH,10,r10-t035-2a8a9951,1789124733907949006,1789124734231012438,0.0,406,0,0.0,False,False,False,False
B0_OFF,ATTACK_DIVERSE_HIGH,10,r10-t036-0cf6ddfa,1789124734242509759,1789124734588289681,0.0,406,0,0.0,False,False,False,False
B0_OFF,ATTACK_DIVERSE_HIGH,10,r10-t037-e7bf920a,1789124734600612909,1789124734926700315,0.0,406,0,0.0,False,False,False,False
B0_OFF,ATTACK_DIVERSE_HIGH,10,r10-t038-45d2c0ec,1789124734937792104,1789124735256262789,0.0,406,0,0.0,False,False,False,False
B0_OFF,ATTACK_DIVERSE_HIGH,10,r10-t039-64819559,1789124735266960036,1789124735603653850,0.0,406,0,0.0,False,False,False,False
B0_OFF,ATTACK_DIVERSE_HIGH,10,r10-t040-27c3f352,1789124735615304009,1789124735949405497,0.0,406,0,0.0,False,False,False,False
B0_OFF,ATTACK_DIVERSE_HIGH,10,r10-t041-eeaea7a5,1789124735960566048,1789124736276463757,0.0,406,0,0.0,False,False,False,False
B0_OFF,ATTACK_DIVERSE_HIGH,10,r10-t042-24204506,1789124736288184463,1789124736609192145,0.0,406,0,0.0,False,False,False,False
B0_OFF,ATTACK_DIVERSE_HIGH,10,r10-t043-6201b8fc,1789124736622020387,1789124736966652757,0.0,406,0,0.0,False,False,False,False
B0_OFF,ATTACK_DIVERSE_HIGH,10,r10-t044-9c2cbd50,1789124736977972252,1789124737292839268,0.0,406,0,0.0,False,False,False,False
B0_OFF,ATTACK_DIVERSE_HIGH,10,r10-t045-2e9c06d9,1789124737304438231,1789124737628825820,0.0,406,0,0.0,False,False,False,False
B0_OFF,ATTACK_DIVERSE_HIGH,10,r10-t046-1b33ae08,1789124737640719561,1789124737972907052,0.0,406,0,0.0,False,False,False,False
B0_OFF,ATTACK_DIVERSE_HIGH,10,r10-t047-412df486,1789124737985224926,1789124738282118124,0.0,406,0,0.0,False,False,False,False
B0_OFF,ATTACK_DIVERSE_HIGH,10,r10-t048-a15565e2,1789124738293403707,1789124738641727953,0.0,406,0,0.0,False,False,False,False
B0_OFF,ATTACK_DIVERSE_HIGH,10,r10-t049-5fc50aab,1789124738654178281,1789124738981673074,0.0,406,0,0.0,False,False,False,False
RFC_DROP_NATIVE,ATTACK_DIVERSE_MODERATE,10,r10-t000-47eec575,1789124752855901933,1789124754876792336,0.0,12,0,0.0,False,False,False,False
RFC_DROP_NATIVE,ATTACK_DIVERSE_MODERATE,10,r10-t001-5d782e03,1789124752861741038,1789124754881986007,0.0,12,0,0.0,False,False,False,False
RFC_DROP_NATIVE,ATTACK_DIVERSE_MODERATE,10,r10-t002-a11006ed,1789124752871159994,1789124754880828304,0.0,12,0,0.0,False,False,False,False
RFC_DROP_NATIVE,ATTACK_DIVERSE_MODERATE,10,r10-t003-5d37b114,1789124752880760716,1789124754889908639,0.0,12,0,0.0,False,False,False,False
RFC_DROP_NATIVE,ATTACK_DIVERSE_MODERATE,10,r10-t004-accda484,1789124752890659383,1789124754900312025,0.0,12,0,0.0,False,False,False,False
RFC_DROP_NATIVE,ATTACK_DIVERSE_MODERATE,10,r10-t005-8bce3a51,1789124752900432246,1789124754920357565,0.0,12,0,0.0,False,False,False,False
RFC_DROP_NATIVE,ATTACK_DIVERSE_MODERATE,10,r10-t006-de5e35b7,1789124752910441802,1789124754920711661,0.0,11,0,0.0,False,False,False,False
RFC_DROP_NATIVE,ATTACK_DIVERSE_MODERATE,10,r10-t007-a72d6eb5,1789124752920617271,1789124754930288412,0.0,11,0,0.0,False,False,False,False
RFC_DROP_NATIVE,ATTACK_DIVERSE_MODERATE,10,r10-t008-eb7d8e3c,1789124752930460256,1789124754941348934,0.0,11,0,0.0,False,False,False,False
RFC_DROP_NATIVE,ATTACK_DIVERSE_MODERATE,10,r10-t009-6c97eade,1789124752940659508,1789124754950530535,0.0,11,0,0.0,False,False,False,False
RFC_DROP_NATIVE,ATTACK_DIVERSE_MODERATE,10,r10-t010-76d6b5db,1789124752950441714,1789124754968703099,0.0,11,0,0.0,False,False,False,False
RFC_DROP_NATIVE,ATTACK_DIVERSE_MODERATE,10,r10-t011-b10a76f8,1789124752961720055,1789124754970135246,0.0,11,0,0.0,False,False,False,False
RFC_DROP_NATIVE,ATTACK_DIVERSE_MODERATE,10,r10-t012-d02582a7,1789124752970615792,1789124754980423872,0.0,11,0,0.0,False,False,False,False
RFC_DROP_NATIVE,ATTACK_DIVERSE_MODERATE,10,r10-t013-534a0b88,1789124752980673481,1789124754989954662,0.0,11,0,0.0,False,False,False,False
RFC_DROP_NATIVE,ATTACK_DIVERSE_MODERATE,10,r10-t014-2064e0c2,1789124752990870373,1789124755001615035,0.0,10,0,0.0,False,False,False,False
RFC_DROP_NATIVE,ATTACK_DIVERSE_MODERATE,10,r10-t015-ce1e644a,1789124753000816227,1789124755010118831,0.0,10,0,0.0,False,False,False,False
RFC_DROP_NATIVE,ATTACK_DIVERSE_MODERATE,10,r10-t016-02b4f77e,1789124753011209797,1789124755021466538,0.0,10,0,0.0,False,False,False,False
RFC_DROP_NATIVE,ATTACK_DIVERSE_MODERATE,10,r10-t017-be3d2d58,1789124753020653858,1789124755039998390,0.0,10,0,0.0,False,False,False,False
RFC_DROP_NATIVE,ATTACK_DIVERSE_MODERATE,10,r10-t018-ad9f8be9,1789124753030471266,1789124755040179213,0.0,10,0,0.0,False,False,False,False
RFC_DROP_NATIVE,ATTACK_DIVERSE_MODERATE,10,r10-t019-c4f8b785,1789124753040861345,1789124755050307872,0.0,10,0,0.0,False,False,False,False
RFC_DROP_NATIVE,ATTACK_DIVERSE_MODERATE,10,r10-t020-8bab0d9b,1789124753050513878,1789124755060802989,0.0,10,0,0.0,False,False,False,False
RFC_DROP_NATIVE,ATTACK_DIVERSE_MODERATE,10,r10-t021-c4291c6f,1789124753060468509,1789124755070197502,0.0,10,0,0.0,False,False,False,False
RFC_DROP_NATIVE,ATTACK_DIVERSE_MODERATE,10,r10-t022-a8a70f55,1789124753070382559,1789124755080086825,0.0,9,0,0.0,False,False,False,False
RFC_DROP_NATIVE,ATTACK_DIVERSE_MODERATE,10,r10-t023-6be45202,1789124753080523108,1789124755089955007,0.0,9,0,0.0,False,False,False,False
RFC_DROP_NATIVE,ATTACK_DIVERSE_MODERATE,10,r10-t024-48d96a55,1789124753090288610,1789124755101681065,0.0,9,0,0.0,False,False,False,False
RFC_DROP_NATIVE,ATTACK_DIVERSE_MODERATE,10,r10-t025-a8008826,1789124753100955210,1789124755110534523,0.0,9,0,0.0,False,False,False,False
RFC_DROP_NATIVE,ATTACK_DIVERSE_MODERATE,10,r10-t026-2aa0ea72,1789124753110818485,1789124755119421295,0.0,9,0,0.0,False,False,False,False
RFC_DROP_NATIVE,ATTACK_DIVERSE_MODERATE,10,r10-t027-29ba0cfc,1789124753120658732,1789124755129878192,0.0,9,0,0.0,False,False,False,False
RFC_DROP_NATIVE,ATTACK_DIVERSE_MODERATE,10,r10-t028-614dd3a9,1789124753130298715,1789124755162615722,0.0,9,0,0.0,False,False,False,False
RFC_DROP_NATIVE,ATTACK_DIVERSE_MODERATE,10,r10-t029-f86f0a3d,1789124753142313091,1789124755152300766,0.0,9,0,0.0,False,False,False,False
RFC_DROP_NATIVE,ATTACK_DIVERSE_MODERATE,10,r10-t030-7e792b0d,1789124753150551597,1789124755159979438,0.0,9,0,0.0,False,False,False,False
RFC_DROP_NATIVE,ATTACK_DIVERSE_MODERATE,10,r10-t031-be6dbe61,1789124753160623442,1789124755170070346,0.0,8,0,0.0,False,False,False,False
RFC_DROP_NATIVE,ATTACK_DIVERSE_MODERATE,10,r10-t032-401b5353,1789124753170607706,1789124755180523657,0.0,7,0,0.0,False,False,False,False
RFC_DROP_NATIVE,ATTACK_DIVERSE_MODERATE,10,r10-t033-356f79d5,1789124753180685591,1789124755189887591,0.0,7,0,0.0,False,False,False,False
RFC_DROP_NATIVE,ATTACK_DIVERSE_MODERATE,10,r10-t034-e35b37cf,1789124753190742054,1789124755201220482,0.0,7,0,0.0,False,False,False,False
RFC_DROP_NATIVE,ATTACK_DIVERSE_MODERATE,10,r10-t035-229790c4,1789124753200989342,1789124755209950119,0.0,7,0,0.0,False,False,False,False
RFC_DROP_NATIVE,ATTACK_DIVERSE_MODERATE,10,r10-t036-f4c53564,1789124753210963791,1789124755221812266,0.0,7,0,0.0,False,False,False,False
RFC_DROP_NATIVE,ATTACK_DIVERSE_MODERATE,10,r10-t037-e9485170,1789124753221517611,1789124755230052376,0.0,7,0,0.0,False,False,False,False
RFC_DROP_NATIVE,ATTACK_DIVERSE_MODERATE,10,r10-t038-5314e4cd,1789124753231585021,1789124755241775321,0.0,7,0,0.0,False,False,False,False
RFC_DROP_NATIVE,ATTACK_DIVERSE_MODERATE,10,r10-t039-6b36ff12,1789124753241104014,1789124755253819990,0.0,6,0,0.0,False,False,False,False
RFC_DROP_NATIVE,ATTACK_DIVERSE_MODERATE,10,r10-t040-c6010576,1789124753251448604,1789124755261884563,0.0,6,0,0.0,False,False,False,False
RFC_DROP_NATIVE,ATTACK_DIVERSE_MODERATE,10,r10-t041-9bfbd75e,1789124753261703537,1789124755273868738,0.0,6,0,0.0,False,False,False,False
RFC_DROP_NATIVE,ATTACK_DIVERSE_MODERATE,10,r10-t042-4418cd84,1789124753271017735,1789124755281834688,0.0,6,0,0.0,False,False,False,False
RFC_DROP_NATIVE,ATTACK_DIVERSE_MODERATE,10,r10-t043-880f993d,1789124753281209248,1789124755290134917,0.0,6,0,0.0,False,False,False,False
RFC_DROP_NATIVE,ATTACK_DIVERSE_MODERATE,10,r10-t044-82a68d75,1789124753291090359,1789124755301956105,0.0,6,0,0.0,False,False,False,False
RFC_DROP_NATIVE,ATTACK_DIVERSE_MODERATE,10,r10-t045-6b4ae4e9,1789124753301318019,1789124755312773517,0.0,6,0,0.0,False,False,False,False
RFC_DROP_NATIVE,ATTACK_DIVERSE_MODERATE,10,r10-t046-d3db39dd,1789124753311219798,1789124755321987488,0.0,6,0,0.0,False,False,False,False
RFC_DROP_NATIVE,ATTACK_DIVERSE_MODERATE,10,r10-t047-ada82ef9,1789124753321147439,1789124755331746668,0.0,5,0,0.0,False,False,False,False
RFC_DROP_NATIVE,ATTACK_DIVERSE_MODERATE,10,r10-t048-55ac25a9,1789124753330767507,1789124755342149864,0.0,5,0,0.0,False,False,False,False
RFC_DROP_NATIVE,ATTACK_DIVERSE_MODERATE,10,r10-t049-a65c31e8,1789124753340746486,1789124755350331840,0.0,5,0,0.0,False,False,False,False
RFC_DROP_NATIVE,ATTACK_DIVERSE_HIGH,10,r10-t000-0a6a2e22,1789124787005157401,1789124789015726989,0.0,322,0,0.0,False,False,False,False
RFC_DROP_NATIVE,ATTACK_DIVERSE_HIGH,10,r10-t001-04278ed4,1789124787013017613,1789124789023788805,0.0,324,0,0.0,False,False,False,False
RFC_DROP_NATIVE,ATTACK_DIVERSE_HIGH,10,r10-t002-634c7e0d,1789124787021951979,1789124789041771944,0.0,326,0,0.0,False,False,False,False
RFC_DROP_NATIVE,ATTACK_DIVERSE_HIGH,10,r10-t003-1510ac42,1789124787031883124,1789124789042184977,0.0,328,0,0.0,False,False,False,False
RFC_DROP_NATIVE,ATTACK_DIVERSE_HIGH,10,r10-t004-33a7ec5e,1789124787041941147,1789124789051769503,0.0,330,0,0.0,False,False,False,False
RFC_DROP_NATIVE,ATTACK_DIVERSE_HIGH,10,r10-t005-01f024fa,1789124787051884008,1789124789062443771,0.0,332,0,0.0,False,False,False,False
RFC_DROP_NATIVE,ATTACK_DIVERSE_HIGH,10,r10-t006-8553715f,1789124787062263710,1789124789081652502,0.0,334,0,0.0,False,False,False,False
RFC_DROP_NATIVE,ATTACK_DIVERSE_HIGH,10,r10-t007-2d42650e,1789124787072429148,1789124789082067614,0.0,336,0,0.0,False,False,False,False
RFC_DROP_NATIVE,ATTACK_DIVERSE_HIGH,10,r10-t008-ee2d6594,1789124787082210555,1789124789091494277,0.0,338,0,0.0,False,False,False,False
RFC_DROP_NATIVE,ATTACK_DIVERSE_HIGH,10,r10-t009-22319c06,1789124787092365790,1789124789102700897,0.0,340,0,0.0,False,False,False,False
RFC_DROP_NATIVE,ATTACK_DIVERSE_HIGH,10,r10-t010-88506ff7,1789124787102595564,1789124789111473431,0.0,342,0,0.0,False,False,False,False
RFC_DROP_NATIVE,ATTACK_DIVERSE_HIGH,10,r10-t011-e4499e43,1789124787112379993,1789124789125519708,0.0,344,0,0.0,False,False,False,False
RFC_DROP_NATIVE,ATTACK_DIVERSE_HIGH,10,r10-t012-fe3c362c,1789124787121938445,1789124789131760472,0.0,346,0,0.0,False,False,False,False
RFC_DROP_NATIVE,ATTACK_DIVERSE_HIGH,10,r10-t013-8c8fc16a,1789124787132094058,1789124789142527416,0.0,348,0,0.0,False,False,False,False
RFC_DROP_NATIVE,ATTACK_DIVERSE_HIGH,10,r10-t014-1b565691,1789124787142132431,1789124789151572032,0.0,350,0,0.0,False,False,False,False
RFC_DROP_NATIVE,ATTACK_DIVERSE_HIGH,10,r10-t015-9ff2b29c,1789124787152100138,1789124789163497116,0.0,352,0,0.0,False,False,False,False
RFC_DROP_NATIVE,ATTACK_DIVERSE_HIGH,10,r10-t016-7b55ddac,1789124787161894488,1789124789181871938,0.0,354,0,0.0,False,False,False,False
RFC_DROP_NATIVE,ATTACK_DIVERSE_HIGH,10,r10-t017-ffad45d5,1789124787171771595,1789124789182192389,0.0,356,0,0.0,False,False,False,False
RFC_DROP_NATIVE,ATTACK_DIVERSE_HIGH,10,r10-t018-81a2b4a2,1789124787181727681,1789124789191960569,0.0,358,0,0.0,False,False,False,False
RFC_DROP_NATIVE,ATTACK_DIVERSE_HIGH,10,r10-t019-90ff2205,1789124787191993450,1789124789202231439,0.0,360,0,0.0,False,False,False,False
RFC_DROP_NATIVE,ATTACK_DIVERSE_HIGH,10,r10-t020-ba00699d,1789124787202133002,1789124789214068569,0.0,362,0,0.0,False,False,False,False
RFC_DROP_NATIVE,ATTACK_DIVERSE_HIGH,10,r10-t021-f3df2cc6,1789124787212042986,1789124789223553993,0.0,365,0,0.0,False,False,False,False
RFC_DROP_NATIVE,ATTACK_DIVERSE_HIGH,10,r10-t022-684278ef,1789124787222251219,1789124789231356671,0.0,367,0,0.0,False,False,False,False
RFC_DROP_NATIVE,ATTACK_DIVERSE_HIGH,10,r10-t023-975bacd7,1789124787231800508,1789124789242080254,0.0,369,0,0.0,False,False,False,False
RFC_DROP_NATIVE,ATTACK_DIVERSE_HIGH,10,r10-t024-a54acb64,1789124787241920032,1789124789254376616,0.0,371,0,0.0,False,False,False,False
RFC_DROP_NATIVE,ATTACK_DIVERSE_HIGH,10,r10-t025-8b3474fc,1789124787252462699,1789124789263544518,0.0,373,0,0.0,False,False,False,False
RFC_DROP_NATIVE,ATTACK_DIVERSE_HIGH,10,r10-t026-213aca6f,1789124787262110050,1789124789274426625,0.0,375,0,0.0,False,False,False,False
RFC_DROP_NATIVE,ATTACK_DIVERSE_HIGH,10,r10-t027-19ba65a0,1789124787272402553,1789124789293573664,0.0,377,0,0.0,False,False,False,False
RFC_DROP_NATIVE,ATTACK_DIVERSE_HIGH,10,r10-t028-afe66a92,1789124787282000684,1789124789315273637,0.0,379,0,0.0,False,False,False,False
RFC_DROP_NATIVE,ATTACK_DIVERSE_HIGH,10,r10-t029-9eafc3b1,1789124787303784264,1789124789315147422,0.0,383,0,0.0,False,False,False,False
RFC_DROP_NATIVE,ATTACK_DIVERSE_HIGH,10,r10-t030-a0d41be4,1789124787306523496,1789124789318680696,0.0,384,0,0.0,False,False,False,False
RFC_DROP_NATIVE,ATTACK_DIVERSE_HIGH,10,r10-t031-66e4be64,1789124787312332048,1789124789323717785,0.0,385,0,0.0,False,False,False,False
RFC_DROP_NATIVE,ATTACK_DIVERSE_HIGH,10,r10-t032-d00614d9,1789124787322816804,1789124789334073869,0.0,387,0,0.0,False,False,False,False
RFC_DROP_NATIVE,ATTACK_DIVERSE_HIGH,10,r10-t033-4bef020c,1789124787331778378,1789124789343378473,0.0,389,0,0.0,False,False,False,False
RFC_DROP_NATIVE,ATTACK_DIVERSE_HIGH,10,r10-t034-235957d3,1789124787341897997,1789124789351365090,0.0,391,0,0.0,False,False,False,False
RFC_DROP_NATIVE,ATTACK_DIVERSE_HIGH,10,r10-t035-2a8a9951,1789124787352445103,1789124789363533534,0.0,393,0,0.0,False,False,False,False
RFC_DROP_NATIVE,ATTACK_DIVERSE_HIGH,10,r10-t036-0cf6ddfa,1789124787361836716,1789124789373669686,0.0,395,0,0.0,False,False,False,False
RFC_DROP_NATIVE,ATTACK_DIVERSE_HIGH,10,r10-t037-e7bf920a,1789124787372500026,1789124789383370603,0.0,397,0,0.0,False,False,False,False
RFC_DROP_NATIVE,ATTACK_DIVERSE_HIGH,10,r10-t038-45d2c0ec,1789124787382116483,1789124789392306858,0.0,399,0,0.0,False,False,False,False
RFC_DROP_NATIVE,ATTACK_DIVERSE_HIGH,10,r10-t039-64819559,1789124787392355421,1789124789413116899,0.0,401,0,0.0,False,False,False,False
RFC_DROP_NATIVE,ATTACK_DIVERSE_HIGH,10,r10-t040-27c3f352,1789124787401908299,1789124789411502647,0.0,401,0,0.0,False,False,False,False
RFC_DROP_NATIVE,ATTACK_DIVERSE_HIGH,10,r10-t041-eeaea7a5,1789124787411702554,1789124789432762282,0.0,401,0,0.0,False,False,False,False
RFC_DROP_NATIVE,ATTACK_DIVERSE_HIGH,10,r10-t042-24204506,1789124787421635117,1789124789431435982,0.0,401,0,0.0,False,False,False,False
RFC_DROP_NATIVE,ATTACK_DIVERSE_HIGH,10,r10-t043-6201b8fc,1789124787432847028,1789124789443569945,0.0,401,0,0.0,False,False,False,False
RFC_DROP_NATIVE,ATTACK_DIVERSE_HIGH,10,r10-t044-9c2cbd50,1789124787442291073,1789124789464876816,0.0,401,0,0.0,False,False,False,False
RFC_DROP_NATIVE,ATTACK_DIVERSE_HIGH,10,r10-t045-2e9c06d9,1789124787452021843,1789124789459325798,0.0,401,0,0.0,False,False,False,False
RFC_DROP_NATIVE,ATTACK_DIVERSE_HIGH,10,r10-t046-1b33ae08,1789124787462077598,1789124789471401660,0.0,401,0,0.0,False,False,False,False
RFC_DROP_NATIVE,ATTACK_DIVERSE_HIGH,10,r10-t047-412df486,1789124787472063350,1789124789483308039,0.0,401,0,0.0,False,False,False,False
RFC_DROP_NATIVE,ATTACK_DIVERSE_HIGH,10,r10-t048-a15565e2,1789124787481992889,1789124789491881141,0.0,401,0,0.0,False,False,False,False
RFC_DROP_NATIVE,ATTACK_DIVERSE_HIGH,10,r10-t049-5fc50aab,1789124787492113547,1789124789503394514,0.0,401,0,0.0,False,False,False,False
B0_OFF,BENIGN_DIVERSE_HIGH,10,r10-t000-0a6a2e22,1789124822562667581,1789124822954890294,0.0,400,0,0.0,False,False,False,False
B0_OFF,BENIGN_DIVERSE_HIGH,10,r10-t001-04278ed4,1789124822966265381,1789124823322533294,0.0,401,0,0.0,False,False,False,False
B0_OFF,BENIGN_DIVERSE_HIGH,10,r10-t002-634c7e0d,1789124823333851543,1789124823682852867,0.0,402,0,0.0,False,False,False,False
B0_OFF,BENIGN_DIVERSE_HIGH,10,r10-t003-1510ac42,1789124823694200008,1789124824037325425,0.0,403,0,0.0,False,False,False,False
B0_OFF,BENIGN_DIVERSE_HIGH,10,r10-t004-33a7ec5e,1789124824049014452,1789124824392878123,0.0,404,0,0.0,False,False,False,False
B0_OFF,BENIGN_DIVERSE_HIGH,10,r10-t005-01f024fa,1789124824404399463,1789124824741977404,0.0,404,0,0.0,False,False,False,False
B0_OFF,BENIGN_DIVERSE_HIGH,10,r10-t006-8553715f,1789124824752900332,1789124825102473312,0.0,406,0,0.0,False,False,False,False
B0_OFF,BENIGN_DIVERSE_HIGH,10,r10-t007-2d42650e,1789124825113304197,1789124825452744352,0.0,406,0,0.0,False,False,False,False
B0_OFF,BENIGN_DIVERSE_HIGH,10,r10-t008-ee2d6594,1789124825463779937,1789124825812645352,0.0,406,0,0.0,False,False,False,False
B0_OFF,BENIGN_DIVERSE_HIGH,10,r10-t009-22319c06,1789124825823694774,1789124826149377035,0.0,406,0,0.0,False,False,False,False
B0_OFF,BENIGN_DIVERSE_HIGH,10,r10-t010-88506ff7,1789124826160875107,1789124826497057622,0.0,406,0,0.0,False,False,False,False
B0_OFF,BENIGN_DIVERSE_HIGH,10,r10-t011-e4499e43,1789124826508341111,1789124826848940118,0.0,406,0,0.0,False,False,False,False
B0_OFF,BENIGN_DIVERSE_HIGH,10,r10-t012-fe3c362c,1789124826861110839,1789124827197208555,0.0,406,0,0.0,False,False,False,False
B0_OFF,BENIGN_DIVERSE_HIGH,10,r10-t013-8c8fc16a,1789124827209210807,1789124827549308928,0.0,406,0,0.0,False,False,False,False
B0_OFF,BENIGN_DIVERSE_HIGH,10,r10-t014-1b565691,1789124827561251794,1789124827898382340,0.0,406,0,0.0,False,False,False,False
B0_OFF,BENIGN_DIVERSE_HIGH,10,r10-t015-9ff2b29c,1789124827910129915,1789124828242645947,0.0,406,0,0.0,False,False,False,False
B0_OFF,BENIGN_DIVERSE_HIGH,10,r10-t016-7b55ddac,1789124828254422698,1789124828583151592,0.0,405,0,0.0,False,False,False,False
B0_OFF,BENIGN_DIVERSE_HIGH,10,r10-t017-ffad45d5,1789124828594967683,1789124828932575868,0.0,406,0,0.0,False,False,False,False
B0_OFF,BENIGN_DIVERSE_HIGH,10,r10-t018-81a2b4a2,1789124828943739924,1789124829273568565,0.0,406,0,0.0,False,False,False,False
B0_OFF,BENIGN_DIVERSE_HIGH,10,r10-t019-90ff2205,1789124829286723646,1789124829632440877,0.0,406,0,0.0,False,False,False,False
B0_OFF,BENIGN_DIVERSE_HIGH,10,r10-t020-ba00699d,1789124829643679470,1789124830002742838,0.0,406,0,0.0,False,False,False,False
B0_OFF,BENIGN_DIVERSE_HIGH,10,r10-t021-f3df2cc6,1789124830014876288,1789124830369421612,0.0,406,0,0.0,False,False,False,False
B0_OFF,BENIGN_DIVERSE_HIGH,10,r10-t022-684278ef,1789124830381066318,1789124830712718082,0.0,406,0,0.0,False,False,False,False
B0_OFF,BENIGN_DIVERSE_HIGH,10,r10-t023-975bacd7,1789124830724516762,1789124831050095306,0.0,406,0,0.0,False,False,False,False
B0_OFF,BENIGN_DIVERSE_HIGH,10,r10-t024-a54acb64,1789124831061557050,1789124831402363019,0.0,406,0,0.0,False,False,False,False
B0_OFF,BENIGN_DIVERSE_HIGH,10,r10-t025-8b3474fc,1789124831413298278,1789124831777534268,0.0,406,0,0.0,False,False,False,False
B0_OFF,BENIGN_DIVERSE_HIGH,10,r10-t026-213aca6f,1789124831789533132,1789124832122656496,0.0,407,0,0.0,False,False,False,False
B0_OFF,BENIGN_DIVERSE_HIGH,10,r10-t027-19ba65a0,1789124832133651143,1789124832457107557,0.0,406,0,0.0,False,False,False,False
B0_OFF,BENIGN_DIVERSE_HIGH,10,r10-t028-afe66a92,1789124832468173448,1789124832803130856,0.0,406,0,0.0,False,False,False,False
B0_OFF,BENIGN_DIVERSE_HIGH,10,r10-t029-9eafc3b1,1789124832814473455,1789124833142498469,0.0,406,0,0.0,False,False,False,False
B0_OFF,BENIGN_DIVERSE_HIGH,10,r10-t030-a0d41be4,1789124833153631808,1789124833507078556,0.0,406,0,0.0,False,False,False,False
B0_OFF,BENIGN_DIVERSE_HIGH,10,r10-t031-66e4be64,1789124833518514379,1789124833856970784,0.0,406,0,0.0,False,False,False,False
B0_OFF,BENIGN_DIVERSE_HIGH,10,r10-t032-d00614d9,1789124833868917976,1789124834208996925,0.0,406,0,0.0,False,False,False,False
B0_OFF,BENIGN_DIVERSE_HIGH,10,r10-t033-4bef020c,1789124834222332241,1789124834564971699,0.0,406,0,0.0,False,False,False,False
B0_OFF,BENIGN_DIVERSE_HIGH,10,r10-t034-235957d3,1789124834576923116,1789124834918023303,0.0,406,0,0.0,False,False,False,False
B0_OFF,BENIGN_DIVERSE_HIGH,10,r10-t035-2a8a9951,1789124834930129529,1789124835289205565,0.0,406,0,0.0,False,False,False,False
B0_OFF,BENIGN_DIVERSE_HIGH,10,r10-t036-0cf6ddfa,1789124835301233964,1789124835642685641,0.0,406,0,0.0,False,False,False,False
B0_OFF,BENIGN_DIVERSE_HIGH,10,r10-t037-e7bf920a,1789124835653969376,1789124835970168774,0.0,406,0,0.0,False,False,False,False
B0_OFF,BENIGN_DIVERSE_HIGH,10,r10-t038-45d2c0ec,1789124835981415334,1789124836322469330,0.0,406,0,0.0,False,False,False,False
B0_OFF,BENIGN_DIVERSE_HIGH,10,r10-t039-64819559,1789124836334394555,1789124836668796149,0.0,406,0,0.0,False,False,False,False
B0_OFF,BENIGN_DIVERSE_HIGH,10,r10-t040-27c3f352,1789124836679990698,1789124837025077913,0.0,406,0,0.0,False,False,False,False
B0_OFF,BENIGN_DIVERSE_HIGH,10,r10-t041-eeaea7a5,1789124837037447944,1789124837369213738,0.0,406,0,0.0,False,False,False,False
B0_OFF,BENIGN_DIVERSE_HIGH,10,r10-t042-24204506,1789124837381103852,1789124837752700035,0.0,406,0,0.0,False,False,False,False
B0_OFF,BENIGN_DIVERSE_HIGH,10,r10-t043-6201b8fc,1789124837764502181,1789124838096923075,0.0,406,0,0.0,False,False,False,False
B0_OFF,BENIGN_DIVERSE_HIGH,10,r10-t044-9c2cbd50,1789124838110007823,1789124838462690662,0.0,406,0,0.0,False,False,False,False
B0_OFF,BENIGN_DIVERSE_HIGH,10,r10-t045-2e9c06d9,1789124838473815270,1789124838805473852,0.0,406,0,0.0,False,False,False,False
B0_OFF,BENIGN_DIVERSE_HIGH,10,r10-t046-1b33ae08,1789124838817020831,1789124839158986693,0.0,406,0,0.0,False,False,False,False
B0_OFF,BENIGN_DIVERSE_HIGH,10,r10-t047-412df486,1789124839173490261,1789124839492588890,0.0,406,0,0.0,False,False,False,False
B0_OFF,BENIGN_DIVERSE_HIGH,10,r10-t048-a15565e2,1789124839503788791,1789124839887396945,0.0,406,0,0.0,False,False,False,False
B0_OFF,BENIGN_DIVERSE_HIGH,10,r10-t049-5fc50aab,1789124839899162101,1789124840234414257,0.0,406,0,0.0,False,False,False,False
B5_LOCKED_TC,BENIGN_DIVERSE_HIGH,11,r11-t000-a9c9f5a5,1789124855471101240,1789124856720312938,0.0,400,0,0.0,False,False,False,False
B5_LOCKED_TC,BENIGN_DIVERSE_HIGH,11,r11-t001-dad46219,1789124856731136840,1789124857126913678,0.0,403,0,0.0,False,False,False,False
B5_LOCKED_TC,BENIGN_DIVERSE_HIGH,11,r11-t002-30421d26,1789124857138486056,1789124857519735224,0.0,404,0,0.0,False,False,False,False
B5_LOCKED_TC,BENIGN_DIVERSE_HIGH,11,r11-t003-3ef12354,1789124857530658230,1789124857938489376,0.0,405,0,0.0,False,False,False,False
B5_LOCKED_TC,BENIGN_DIVERSE_HIGH,11,r11-t004-55a144cb,1789124857949671755,1789124858348086942,0.0,405,0,0.0,False,False,False,False
B5_LOCKED_TC,BENIGN_DIVERSE_HIGH,11,r11-t005-aa7a2da0,1789124858360025056,1789124858770383424,0.0,405,0,0.0,False,False,False,False
B5_LOCKED_TC,BENIGN_DIVERSE_HIGH,11,r11-t006-9bf07a0a,1789124858781536791,1789124859161418659,0.0,405,0,0.0,False,False,False,False
B5_LOCKED_TC,BENIGN_DIVERSE_HIGH,11,r11-t007-d18b707e,1789124859175746170,1789124859560702185,0.0,405,0,0.0,False,False,False,False
B5_LOCKED_TC,BENIGN_DIVERSE_HIGH,11,r11-t008-4ede46ab,1789124859571474461,1789124859966277989,0.0,405,0,0.0,False,False,False,False
B5_LOCKED_TC,BENIGN_DIVERSE_HIGH,11,r11-t009-dd65356f,1789124859977317835,1789124860374769376,0.0,405,0,0.0,False,False,False,False
B5_LOCKED_TC,BENIGN_DIVERSE_HIGH,11,r11-t010-bbb9e1da,1789124860386188435,1789124860826161861,0.0,405,0,0.0,False,False,False,False
B5_LOCKED_TC,BENIGN_DIVERSE_HIGH,11,r11-t011-ee3b1740,1789124860837807866,1789124861214346342,0.0,405,0,0.0,False,False,False,False
B5_LOCKED_TC,BENIGN_DIVERSE_HIGH,11,r11-t012-68d91f84,1789124861226061115,1789124861616603804,0.0,405,0,0.0,False,False,False,False
B5_LOCKED_TC,BENIGN_DIVERSE_HIGH,11,r11-t013-c9ea44be,1789124861627891517,1789124862020126402,0.0,405,0,0.0,False,False,False,False
B5_LOCKED_TC,BENIGN_DIVERSE_HIGH,11,r11-t014-af3a174e,1789124862030622573,1789124862425111154,0.0,405,0,0.0,False,False,False,False
B5_LOCKED_TC,BENIGN_DIVERSE_HIGH,11,r11-t015-0ce8a4dd,1789124862435932874,1789124862819250638,0.0,405,0,0.0,False,False,False,False
B5_LOCKED_TC,BENIGN_DIVERSE_HIGH,11,r11-t016-aebd32b0,1789124862830322100,1789124863226687979,0.0,405,0,0.0,False,False,False,False
B5_LOCKED_TC,BENIGN_DIVERSE_HIGH,11,r11-t017-b914304a,1789124863238595174,1789124863614628158,0.0,405,0,0.0,False,False,False,False
B5_LOCKED_TC,BENIGN_DIVERSE_HIGH,11,r11-t018-ae3fcee7,1789124863625611525,1789124864035144292,0.0,405,0,0.0,False,False,False,False
B5_LOCKED_TC,BENIGN_DIVERSE_HIGH,11,r11-t019-b6b1122e,1789124864046788983,1789124864463115018,0.0,405,0,0.0,False,False,False,False
B5_LOCKED_TC,BENIGN_DIVERSE_HIGH,11,r11-t020-35fee174,1789124864476153658,1789124864882786980,0.0,405,0,0.0,False,False,False,False
B5_LOCKED_TC,BENIGN_DIVERSE_HIGH,11,r11-t021-8ee70f11,1789124864894210541,1789124865308375291,0.0,405,0,0.0,False,False,False,False
B5_LOCKED_TC,BENIGN_DIVERSE_HIGH,11,r11-t022-cf76b1c8,1789124865320926639,1789124865732343084,0.0,405,0,0.0,False,False,False,False
B5_LOCKED_TC,BENIGN_DIVERSE_HIGH,11,r11-t023-e87193f5,1789124865743180189,1789124866140575627,0.0,405,0,0.0,False,False,False,False
B5_LOCKED_TC,BENIGN_DIVERSE_HIGH,11,r11-t024-d593e918,1789124866152652350,1789124866528519370,0.0,405,0,0.0,False,False,False,False
B5_LOCKED_TC,BENIGN_DIVERSE_HIGH,11,r11-t025-dc2ca104,1789124866539958788,1789124866905521726,0.0,405,0,0.0,False,False,False,False
B5_LOCKED_TC,BENIGN_DIVERSE_HIGH,11,r11-t026-254df7fa,1789124866916553088,1789124867285463992,0.0,405,0,0.0,False,False,False,False
B5_LOCKED_TC,BENIGN_DIVERSE_HIGH,11,r11-t027-4fc98ed0,1789124867296371789,1789124867706898133,0.0,405,0,0.0,False,False,False,False
B5_LOCKED_TC,BENIGN_DIVERSE_HIGH,11,r11-t028-fdebc0c9,1789124867717686406,1789124868135318139,0.0,405,0,0.0,False,False,False,False
B5_LOCKED_TC,BENIGN_DIVERSE_HIGH,11,r11-t029-8c82d54d,1789124868147203834,1789124868546283113,0.0,405,0,0.0,False,False,False,False
B5_LOCKED_TC,BENIGN_DIVERSE_HIGH,11,r11-t030-ccc004c5,1789124868558238063,1789124868943000101,0.0,405,0,0.0,False,False,False,False
B5_LOCKED_TC,BENIGN_DIVERSE_HIGH,11,r11-t031-327d1c3a,1789124868954643366,1789124869351015593,0.0,405,0,0.0,False,False,False,False
B5_LOCKED_TC,BENIGN_DIVERSE_HIGH,11,r11-t032-c0d31111,1789124869362128893,1789124869750265044,0.0,405,0,0.0,False,False,False,False
B5_LOCKED_TC,BENIGN_DIVERSE_HIGH,11,r11-t033-aaffb955,1789124869761799497,1789124870164644631,0.0,405,0,0.0,False,False,False,False
B5_LOCKED_TC,BENIGN_DIVERSE_HIGH,11,r11-t034-acf092bb,1789124870175759246,1789124870581348455,0.0,405,0,0.0,False,False,False,False
B5_LOCKED_TC,BENIGN_DIVERSE_HIGH,11,r11-t035-32e85c9c,1789124870593890876,1789124870971743255,0.0,405,0,0.0,False,False,False,False
B5_LOCKED_TC,BENIGN_DIVERSE_HIGH,11,r11-t036-ab6453e5,1789124870982859748,1789124871367648754,0.0,405,0,0.0,False,False,False,False
B5_LOCKED_TC,BENIGN_DIVERSE_HIGH,11,r11-t037-d1f4f06c,1789124871379851585,1789124872587060665,0.0,405,0,0.0,False,False,False,False
B5_LOCKED_TC,BENIGN_DIVERSE_HIGH,11,r11-t038-af7e81d7,1789124872598842623,1789124873025349398,0.0,405,0,0.0,False,False,False,False
B5_LOCKED_TC,BENIGN_DIVERSE_HIGH,11,r11-t039-ce7a9a78,1789124873036371081,1789124873451238538,0.0,405,0,0.0,False,False,False,False
B5_LOCKED_TC,BENIGN_DIVERSE_HIGH,11,r11-t040-c453df4b,1789124873462036207,1789124873866164910,0.0,405,0,0.0,False,False,False,False
B5_LOCKED_TC,BENIGN_DIVERSE_HIGH,11,r11-t041-f9bbf024,1789124873879669444,1789124874271968173,0.0,405,0,0.0,False,False,False,False
B5_LOCKED_TC,BENIGN_DIVERSE_HIGH,11,r11-t042-1918d9b2,1789124874283123100,1789124874680016499,0.0,404,0,0.0,False,False,False,False
B5_LOCKED_TC,BENIGN_DIVERSE_HIGH,11,r11-t043-3b584640,1789124874690872827,1789124875110471400,0.0,405,0,0.0,False,False,False,False
B5_LOCKED_TC,BENIGN_DIVERSE_HIGH,11,r11-t044-9744d9da,1789124875121371339,1789124875496533034,0.0,405,0,0.0,False,False,False,False
B5_LOCKED_TC,BENIGN_DIVERSE_HIGH,11,r11-t045-00af6fc7,1789124875511025286,1789124875929177966,0.0,405,0,0.0,False,False,False,False
B5_LOCKED_TC,BENIGN_DIVERSE_HIGH,11,r11-t046-83a75bc0,1789124875940644293,1789124876309447722,0.0,405,0,0.0,False,False,False,False
B5_LOCKED_TC,BENIGN_DIVERSE_HIGH,11,r11-t047-f44c3b0d,1789124876320434412,1789124876708413457,0.0,405,0,0.0,False,False,False,False
B5_LOCKED_TC,BENIGN_DIVERSE_HIGH,11,r11-t048-54465792,1789124876720339218,1789124877111972596,0.0,405,0,0.0,False,False,False,False
B5_LOCKED_TC,BENIGN_DIVERSE_HIGH,11,r11-t049-b53707fa,1789124877122781817,1789124877504158200,0.0,405,0,0.0,False,False,False,False
B1_RL2_TC,BENIGN_DIVERSE_HIGH,11,r11-t000-a9c9f5a5,1789124892708714115,1789124893960009036,0.0,400,0,0.0,False,False,False,False
B1_RL2_TC,BENIGN_DIVERSE_HIGH,11,r11-t001-dad46219,1789124893971354134,1789124894372444955,0.0,403,0,0.0,False,False,False,False
B1_RL2_TC,BENIGN_DIVERSE_HIGH,11,r11-t002-30421d26,1789124894383460207,1789124894798273094,0.0,404,0,0.0,False,False,False,False
B1_RL2_TC,BENIGN_DIVERSE_HIGH,11,r11-t003-3ef12354,1789124894809202537,1789124895186798331,0.0,405,0,0.0,False,False,False,False
B1_RL2_TC,BENIGN_DIVERSE_HIGH,11,r11-t004-55a144cb,1789124895197643463,1789124895578827819,0.0,405,0,0.0,False,False,False,False
B1_RL2_TC,BENIGN_DIVERSE_HIGH,11,r11-t005-aa7a2da0,1789124895590435954,1789124896001740752,0.0,405,0,0.0,False,False,False,False
B1_RL2_TC,BENIGN_DIVERSE_HIGH,11,r11-t006-9bf07a0a,1789124896012390128,1789124896390422164,0.0,405,0,0.0,False,False,False,False
B1_RL2_TC,BENIGN_DIVERSE_HIGH,11,r11-t007-d18b707e,1789124896402522124,1789124896820064845,0.0,405,0,0.0,False,False,False,False
B1_RL2_TC,BENIGN_DIVERSE_HIGH,11,r11-t008-4ede46ab,1789124896831987296,1789124897235115972,0.0,405,0,0.0,False,False,False,False
B1_RL2_TC,BENIGN_DIVERSE_HIGH,11,r11-t009-dd65356f,1789124897246271490,1789124897665651630,0.0,405,0,0.0,False,False,False,False
B1_RL2_TC,BENIGN_DIVERSE_HIGH,11,r11-t010-bbb9e1da,1789124897678019680,1789124898089884985,0.0,405,0,0.0,False,False,False,False
B1_RL2_TC,BENIGN_DIVERSE_HIGH,11,r11-t011-ee3b1740,1789124898101235231,1789124898476191115,0.0,405,0,0.0,False,False,False,False
B1_RL2_TC,BENIGN_DIVERSE_HIGH,11,r11-t012-68d91f84,1789124898486975238,1789124898877336677,0.0,405,0,0.0,False,False,False,False
B1_RL2_TC,BENIGN_DIVERSE_HIGH,11,r11-t013-c9ea44be,1789124898889024536,1789124899290057529,0.0,405,0,0.0,False,False,False,False
B1_RL2_TC,BENIGN_DIVERSE_HIGH,11,r11-t014-af3a174e,1789124899300642058,1789124899681188988,0.0,405,0,0.0,False,False,False,False
B1_RL2_TC,BENIGN_DIVERSE_HIGH,11,r11-t015-0ce8a4dd,1789124899693367645,1789124900086294228,0.0,405,0,0.0,False,False,False,False
B1_RL2_TC,BENIGN_DIVERSE_HIGH,11,r11-t016-aebd32b0,1789124900097930155,1789124900482498811,0.0,405,0,0.0,False,False,False,False
B1_RL2_TC,BENIGN_DIVERSE_HIGH,11,r11-t017-b914304a,1789124900493974061,1789124900897882903,0.0,405,0,0.0,False,False,False,False
B1_RL2_TC,BENIGN_DIVERSE_HIGH,11,r11-t018-ae3fcee7,1789124900909195922,1789124901295374371,0.0,405,0,0.0,False,False,False,False
B1_RL2_TC,BENIGN_DIVERSE_HIGH,11,r11-t019-b6b1122e,1789124901306917273,1789124901728009575,0.0,405,0,0.0,False,False,False,False
B1_RL2_TC,BENIGN_DIVERSE_HIGH,11,r11-t020-35fee174,1789124901739659066,1789124902127999816,0.0,405,0,0.0,False,False,False,False
B1_RL2_TC,BENIGN_DIVERSE_HIGH,11,r11-t021-8ee70f11,1789124902138925695,1789124902530274712,0.0,405,0,0.0,False,False,False,False
B1_RL2_TC,BENIGN_DIVERSE_HIGH,11,r11-t022-cf76b1c8,1789124902541339457,1789124902948185349,0.0,405,0,0.0,False,False,False,False
B1_RL2_TC,BENIGN_DIVERSE_HIGH,11,r11-t023-e87193f5,1789124902959975679,1789124903346489194,0.0,405,0,0.0,False,False,False,False
B1_RL2_TC,BENIGN_DIVERSE_HIGH,11,r11-t024-d593e918,1789124903357341041,1789124903762799570,0.0,405,0,0.0,False,False,False,False
B1_RL2_TC,BENIGN_DIVERSE_HIGH,11,r11-t025-dc2ca104,1789124903773902223,1789124904154224870,0.0,405,0,0.0,False,False,False,False
B1_RL2_TC,BENIGN_DIVERSE_HIGH,11,r11-t026-254df7fa,1789124904166286555,1789124904575043097,0.0,405,0,0.0,False,False,False,False
B1_RL2_TC,BENIGN_DIVERSE_HIGH,11,r11-t027-4fc98ed0,1789124904587005885,1789124904983415031,0.0,405,0,0.0,False,False,False,False
B1_RL2_TC,BENIGN_DIVERSE_HIGH,11,r11-t028-fdebc0c9,1789124905006279583,1789124905382185770,0.0,405,0,0.0,False,False,False,False
B1_RL2_TC,BENIGN_DIVERSE_HIGH,11,r11-t029-8c82d54d,1789124905393485371,1789124905791308246,0.0,405,0,0.0,False,False,False,False
B1_RL2_TC,BENIGN_DIVERSE_HIGH,11,r11-t030-ccc004c5,1789124905802170228,1789124906186964787,0.0,405,0,0.0,False,False,False,False
B1_RL2_TC,BENIGN_DIVERSE_HIGH,11,r11-t031-327d1c3a,1789124906198720023,1789124906608057275,0.0,405,0,0.0,False,False,False,False
B1_RL2_TC,BENIGN_DIVERSE_HIGH,11,r11-t032-c0d31111,1789124906619029036,1789124907011334269,0.0,405,0,0.0,False,False,False,False
B1_RL2_TC,BENIGN_DIVERSE_HIGH,11,r11-t033-aaffb955,1789124907022815525,1789124907413541420,0.0,405,0,0.0,False,False,False,False
B1_RL2_TC,BENIGN_DIVERSE_HIGH,11,r11-t034-acf092bb,1789124907425008694,1789124907822634058,0.0,405,0,0.0,False,False,False,False
B1_RL2_TC,BENIGN_DIVERSE_HIGH,11,r11-t035-32e85c9c,1789124907833522780,1789124908229259638,0.0,405,0,0.0,False,False,False,False
B1_RL2_TC,BENIGN_DIVERSE_HIGH,11,r11-t036-ab6453e5,1789124908241121000,1789124908627329443,0.0,405,0,0.0,False,False,False,False
B1_RL2_TC,BENIGN_DIVERSE_HIGH,11,r11-t037-d1f4f06c,1789124908639070173,1789124909036708563,0.0,405,0,0.0,False,False,False,False
B1_RL2_TC,BENIGN_DIVERSE_HIGH,11,r11-t038-af7e81d7,1789124909048909297,1789124909441438007,0.0,405,0,0.0,False,False,False,False
B1_RL2_TC,BENIGN_DIVERSE_HIGH,11,r11-t039-ce7a9a78,1789124909452891481,1789124909840002644,0.0,405,0,0.0,False,False,False,False
B1_RL2_TC,BENIGN_DIVERSE_HIGH,11,r11-t040-c453df4b,1789124909850923215,1789124910251605005,0.0,406,0,0.0,False,False,False,False
B1_RL2_TC,BENIGN_DIVERSE_HIGH,11,r11-t041-f9bbf024,1789124911109891505,1789124911559598997,0.0,317,0,0.0,False,False,False,False
B1_RL2_TC,BENIGN_DIVERSE_HIGH,11,r11-t042-1918d9b2,1789124912633025648,1789124913065695702,0.0,58,0,0.0,False,False,False,False
B1_RL2_TC,BENIGN_DIVERSE_HIGH,11,r11-t043-3b584640,1789124913077029378,1789124913471627868,0.0,100,0,0.0,False,False,False,False
B1_RL2_TC,BENIGN_DIVERSE_HIGH,11,r11-t044-9744d9da,1789124913482832762,1789124913878264459,0.0,182,0,0.0,False,False,False,False
B1_RL2_TC,BENIGN_DIVERSE_HIGH,11,r11-t045-00af6fc7,1789124913889582344,1789124914297015928,0.0,214,0,0.0,False,False,False,False
B1_RL2_TC,BENIGN_DIVERSE_HIGH,11,r11-t046-83a75bc0,1789124914307942457,1789124914733593036,0.0,299,0,0.0,False,False,False,False
B1_RL2_TC,BENIGN_DIVERSE_HIGH,11,r11-t047-f44c3b0d,1789124914746085277,1789124915104579297,0.0,388,0,0.0,False,False,False,False
B1_RL2_TC,BENIGN_DIVERSE_HIGH,11,r11-t048-54465792,1789124915116969800,1789124915521444421,0.0,405,0,0.0,False,False,False,False
B1_RL2_TC,BENIGN_DIVERSE_HIGH,11,r11-t049-b53707fa,1789124915533442715,1789124915944956479,0.0,405,0,0.0,False,False,False,False
B0_OFF,BENIGN_DIVERSE_HIGH,11,r11-t000-a9c9f5a5,1789124929201341770,1789124929587923768,0.0,400,0,0.0,False,False,False,False
B0_OFF,BENIGN_DIVERSE_HIGH,11,r11-t001-dad46219,1789124929599574908,1789124929939166145,0.0,401,0,0.0,False,False,False,False
B0_OFF,BENIGN_DIVERSE_HIGH,11,r11-t002-30421d26,1789124929950370044,1789124930298871442,0.0,402,0,0.0,False,False,False,False
B0_OFF,BENIGN_DIVERSE_HIGH,11,r11-t003-3ef12354,1789124930311365836,1789124930651719672,0.0,403,0,0.0,False,False,False,False
B0_OFF,BENIGN_DIVERSE_HIGH,11,r11-t004-55a144cb,1789124930662393508,1789124930994480732,0.0,404,0,0.0,False,False,False,False
B0_OFF,BENIGN_DIVERSE_HIGH,11,r11-t005-aa7a2da0,1789124931006083759,1789124931342402067,0.0,405,0,0.0,False,False,False,False
B0_OFF,BENIGN_DIVERSE_HIGH,11,r11-t006-9bf07a0a,1789124931354509974,1789124931702304902,0.0,406,0,0.0,False,False,False,False
B0_OFF,BENIGN_DIVERSE_HIGH,11,r11-t007-d18b707e,1789124931713570025,1789124932051665685,0.0,406,0,0.0,False,False,False,False
B0_OFF,BENIGN_DIVERSE_HIGH,11,r11-t008-4ede46ab,1789124932062508379,1789124932402617606,0.0,406,0,0.0,False,False,False,False
B0_OFF,BENIGN_DIVERSE_HIGH,11,r11-t009-dd65356f,1789124932414456188,1789124932754893699,0.0,406,0,0.0,False,False,False,False
B0_OFF,BENIGN_DIVERSE_HIGH,11,r11-t010-bbb9e1da,1789124932766708413,1789124933119217416,0.0,406,0,0.0,False,False,False,False
B0_OFF,BENIGN_DIVERSE_HIGH,11,r11-t011-ee3b1740,1789124933130976946,1789124933466350213,0.0,406,0,0.0,False,False,False,False
B0_OFF,BENIGN_DIVERSE_HIGH,11,r11-t012-68d91f84,1789124933478317748,1789124933822376848,0.0,406,0,0.0,False,False,False,False
B0_OFF,BENIGN_DIVERSE_HIGH,11,r11-t013-c9ea44be,1789124933833639990,1789124934186282948,0.0,406,0,0.0,False,False,False,False
B0_OFF,BENIGN_DIVERSE_HIGH,11,r11-t014-af3a174e,1789124934197224976,1789124934536441486,0.0,406,0,0.0,False,False,False,False
B0_OFF,BENIGN_DIVERSE_HIGH,11,r11-t015-0ce8a4dd,1789124934549403779,1789124934886378606,0.0,406,0,0.0,False,False,False,False
B0_OFF,BENIGN_DIVERSE_HIGH,11,r11-t016-aebd32b0,1789124934897784159,1789124935247010500,0.0,406,0,0.0,False,False,False,False
B0_OFF,BENIGN_DIVERSE_HIGH,11,r11-t017-b914304a,1789124935258860622,1789124935631825383,0.0,406,0,0.0,False,False,False,False
B0_OFF,BENIGN_DIVERSE_HIGH,11,r11-t018-ae3fcee7,1789124935644099520,1789124936015132640,0.0,406,0,0.0,False,False,False,False
B0_OFF,BENIGN_DIVERSE_HIGH,11,r11-t019-b6b1122e,1789124936027594559,1789124936349054416,0.0,406,0,0.0,False,False,False,False
B0_OFF,BENIGN_DIVERSE_HIGH,11,r11-t020-35fee174,1789124936360674054,1789124936678995453,0.0,406,0,0.0,False,False,False,False
B0_OFF,BENIGN_DIVERSE_HIGH,11,r11-t021-8ee70f11,1789124936691508747,1789124937014992440,0.0,406,0,0.0,False,False,False,False
B0_OFF,BENIGN_DIVERSE_HIGH,11,r11-t022-cf76b1c8,1789124937026228217,1789124937378950008,0.0,406,0,0.0,False,False,False,False
B0_OFF,BENIGN_DIVERSE_HIGH,11,r11-t023-e87193f5,1789124937390717644,1789124937738837846,0.0,406,0,0.0,False,False,False,False
B0_OFF,BENIGN_DIVERSE_HIGH,11,r11-t024-d593e918,1789124937751145826,1789124938080045297,0.0,406,0,0.0,False,False,False,False
B0_OFF,BENIGN_DIVERSE_HIGH,11,r11-t025-dc2ca104,1789124938091688501,1789124938418953557,0.0,406,0,0.0,False,False,False,False
B0_OFF,BENIGN_DIVERSE_HIGH,11,r11-t026-254df7fa,1789124938430988444,1789124938784090605,0.0,406,0,0.0,False,False,False,False
B0_OFF,BENIGN_DIVERSE_HIGH,11,r11-t027-4fc98ed0,1789124938796998976,1789124939138916735,0.0,406,0,0.0,False,False,False,False
B0_OFF,BENIGN_DIVERSE_HIGH,11,r11-t028-fdebc0c9,1789124939150460956,1789124939492059336,0.0,406,0,0.0,False,False,False,False
B0_OFF,BENIGN_DIVERSE_HIGH,11,r11-t029-8c82d54d,1789124939503965640,1789124939835061268,0.0,406,0,0.0,False,False,False,False
B0_OFF,BENIGN_DIVERSE_HIGH,11,r11-t030-ccc004c5,1789124939847805991,1789124940162906826,0.0,406,0,0.0,False,False,False,False
B0_OFF,BENIGN_DIVERSE_HIGH,11,r11-t031-327d1c3a,1789124940174577933,1789124940512042859,0.0,406,0,0.0,False,False,False,False
B0_OFF,BENIGN_DIVERSE_HIGH,11,r11-t032-c0d31111,1789124940523251486,1789124940863862882,0.0,406,0,0.0,False,False,False,False
B0_OFF,BENIGN_DIVERSE_HIGH,11,r11-t033-aaffb955,1789124940877114388,1789124941206551280,0.0,406,0,0.0,False,False,False,False
B0_OFF,BENIGN_DIVERSE_HIGH,11,r11-t034-acf092bb,1789124941218503494,1789124941551739189,0.0,405,0,0.0,False,False,False,False
B0_OFF,BENIGN_DIVERSE_HIGH,11,r11-t035-32e85c9c,1789124941562609585,1789124941910269195,0.0,406,0,0.0,False,False,False,False
B0_OFF,BENIGN_DIVERSE_HIGH,11,r11-t036-ab6453e5,1789124941921918620,1789124942242498582,0.0,406,0,0.0,False,False,False,False
B0_OFF,BENIGN_DIVERSE_HIGH,11,r11-t037-d1f4f06c,1789124942975977192,1789124943316696006,0.0,326,0,0.0,False,False,False,False
B0_OFF,BENIGN_DIVERSE_HIGH,11,r11-t038-af7e81d7,1789124944393299368,1789124944746604483,0.0,91,0,0.0,False,False,False,False
B0_OFF,BENIGN_DIVERSE_HIGH,11,r11-t039-ce7a9a78,1789124944758857284,1789124945088753874,0.0,79,0,0.0,False,False,False,False
B0_OFF,BENIGN_DIVERSE_HIGH,11,r11-t040-c453df4b,1789124945100649007,1789124945458538346,0.0,149,0,0.0,False,False,False,False
B0_OFF,BENIGN_DIVERSE_HIGH,11,r11-t041-f9bbf024,1789124945469609658,1789124945802828161,0.0,190,0,0.0,False,False,False,False
B0_OFF,BENIGN_DIVERSE_HIGH,11,r11-t042-1918d9b2,1789124945816340157,1789124946168693226,0.0,242,0,0.0,False,False,False,False
B0_OFF,BENIGN_DIVERSE_HIGH,11,r11-t043-3b584640,1789124946179740556,1789124946521450512,0.0,315,0,0.0,False,False,False,False
B0_OFF,BENIGN_DIVERSE_HIGH,11,r11-t044-9744d9da,1789124946532615584,1789124946873662894,0.0,387,0,0.0,False,False,False,False
B0_OFF,BENIGN_DIVERSE_HIGH,11,r11-t045-00af6fc7,1789124946886402905,1789124947225125858,0.0,406,0,0.0,False,False,False,False
B0_OFF,BENIGN_DIVERSE_HIGH,11,r11-t046-83a75bc0,1789124947236826485,1789124947596549382,0.0,406,0,0.0,False,False,False,False
B0_OFF,BENIGN_DIVERSE_HIGH,11,r11-t047-f44c3b0d,1789124947607864772,1789124947933377404,0.0,406,0,0.0,False,False,False,False
B0_OFF,BENIGN_DIVERSE_HIGH,11,r11-t048-54465792,1789124947946044428,1789124948278551753,0.0,406,0,0.0,False,False,False,False
B0_OFF,BENIGN_DIVERSE_HIGH,11,r11-t049-b53707fa,1789124948289280223,1789124948625280647,0.0,406,0,0.0,False,False,False,False
B5_LOCKED_TC,ATTACK_DIVERSE_HIGH,11,r11-t000-a9c9f5a5,1789124961983266247,1789124962265119084,0.0,400,0,0.0,False,False,False,False
B5_LOCKED_TC,ATTACK_DIVERSE_HIGH,11,r11-t001-dad46219,1789124962276621591,1789124962502884047,0.0,401,0,0.0,False,False,False,False
B5_LOCKED_TC,ATTACK_DIVERSE_HIGH,11,r11-t002-30421d26,1789124962513787065,1789124962866477217,0.0,402,0,0.0,False,False,False,False
B5_LOCKED_TC,ATTACK_DIVERSE_HIGH,11,r11-t003-3ef12354,1789124962878013106,1789124963206999735,0.0,403,0,0.0,False,False,False,False
B5_LOCKED_TC,ATTACK_DIVERSE_HIGH,11,r11-t004-55a144cb,1789124963217663822,1789124963565353651,0.0,404,0,0.0,False,False,False,False
B5_LOCKED_TC,ATTACK_DIVERSE_HIGH,11,r11-t005-aa7a2da0,1789124963577052798,1789124963932507456,0.0,405,0,0.0,False,False,False,False
B5_LOCKED_TC,ATTACK_DIVERSE_HIGH,11,r11-t006-9bf07a0a,1789124963943580390,1789124964310861631,0.0,406,0,0.0,False,False,False,False
B5_LOCKED_TC,ATTACK_DIVERSE_HIGH,11,r11-t007-d18b707e,1789124964321327670,1789124964658144769,0.0,406,0,0.0,False,False,False,False
B5_LOCKED_TC,ATTACK_DIVERSE_HIGH,11,r11-t008-4ede46ab,1789124964668799946,1789124965000654794,0.0,406,0,0.0,False,False,False,False
B5_LOCKED_TC,ATTACK_DIVERSE_HIGH,11,r11-t009-dd65356f,1789124965012562116,1789124965321612907,0.0,406,0,0.0,False,False,False,False
B5_LOCKED_TC,ATTACK_DIVERSE_HIGH,11,r11-t010-bbb9e1da,1789124965332775862,1789124965672377722,0.0,406,0,0.0,False,False,False,False
B5_LOCKED_TC,ATTACK_DIVERSE_HIGH,11,r11-t011-ee3b1740,1789124965683083349,1789124966010253231,0.0,406,0,0.0,False,False,False,False
B5_LOCKED_TC,ATTACK_DIVERSE_HIGH,11,r11-t012-68d91f84,1789124966021325228,1789124966367760663,0.0,406,0,0.0,False,False,False,False
B5_LOCKED_TC,ATTACK_DIVERSE_HIGH,11,r11-t013-c9ea44be,1789124966378574784,1789124966724231626,0.0,406,0,0.0,False,False,False,False
B5_LOCKED_TC,ATTACK_DIVERSE_HIGH,11,r11-t014-af3a174e,1789124966735074536,1789124967026580405,0.0,406,0,0.0,False,False,False,False
B5_LOCKED_TC,ATTACK_DIVERSE_HIGH,11,r11-t015-0ce8a4dd,1789124967038028804,1789124967389461936,0.0,406,0,0.0,False,False,False,False
B5_LOCKED_TC,ATTACK_DIVERSE_HIGH,11,r11-t016-aebd32b0,1789124967400469792,1789124967719487940,0.0,405,0,0.0,False,False,False,False
B5_LOCKED_TC,ATTACK_DIVERSE_HIGH,11,r11-t017-b914304a,1789124967731674328,1789124968071835729,0.0,406,0,0.0,False,False,False,False
B5_LOCKED_TC,ATTACK_DIVERSE_HIGH,11,r11-t018-ae3fcee7,1789124968082490534,1789124968413889641,0.0,406,0,0.0,False,False,False,False
B5_LOCKED_TC,ATTACK_DIVERSE_HIGH,11,r11-t019-b6b1122e,1789124968425068370,1789124968771146721,0.0,406,0,0.0,False,False,False,False
B5_LOCKED_TC,ATTACK_DIVERSE_HIGH,11,r11-t020-35fee174,1789124968782524894,1789124969108221427,0.0,406,0,0.0,False,False,False,False
B5_LOCKED_TC,ATTACK_DIVERSE_HIGH,11,r11-t021-8ee70f11,1789124969119249585,1789124969494808499,0.0,406,0,0.0,False,False,False,False
B5_LOCKED_TC,ATTACK_DIVERSE_HIGH,11,r11-t022-cf76b1c8,1789124969505308807,1789124969859162550,0.0,406,0,0.0,False,False,False,False
B5_LOCKED_TC,ATTACK_DIVERSE_HIGH,11,r11-t023-e87193f5,1789124969869706445,1789124970215500540,0.0,406,0,0.0,False,False,False,False
B5_LOCKED_TC,ATTACK_DIVERSE_HIGH,11,r11-t024-d593e918,1789124970227111928,1789124970564482210,0.0,406,0,0.0,False,False,False,False
B5_LOCKED_TC,ATTACK_DIVERSE_HIGH,11,r11-t025-dc2ca104,1789124970575495085,1789124970897586480,0.0,405,0,0.0,False,False,False,False
B5_LOCKED_TC,ATTACK_DIVERSE_HIGH,11,r11-t026-254df7fa,1789124970908785966,1789124971230313755,0.0,406,0,0.0,False,False,False,False
B5_LOCKED_TC,ATTACK_DIVERSE_HIGH,11,r11-t027-4fc98ed0,1789124971241654377,1789124971584771389,0.0,406,0,0.0,False,False,False,False
B5_LOCKED_TC,ATTACK_DIVERSE_HIGH,11,r11-t028-fdebc0c9,1789124971595808604,1789124971917053929,0.0,406,0,0.0,False,False,False,False
B5_LOCKED_TC,ATTACK_DIVERSE_HIGH,11,r11-t029-8c82d54d,1789124971928512292,1789124972247552155,0.0,406,0,0.0,False,False,False,False
B5_LOCKED_TC,ATTACK_DIVERSE_HIGH,11,r11-t030-ccc004c5,1789124972259103541,1789124972618075594,0.0,406,0,0.0,False,False,False,False
B5_LOCKED_TC,ATTACK_DIVERSE_HIGH,11,r11-t031-327d1c3a,1789124972630297099,1789124972949253940,0.0,406,0,0.0,False,False,False,False
B5_LOCKED_TC,ATTACK_DIVERSE_HIGH,11,r11-t032-c0d31111,1789124972960773627,1789124973303412885,0.0,406,0,0.0,False,False,False,False
B5_LOCKED_TC,ATTACK_DIVERSE_HIGH,11,r11-t033-aaffb955,1789124973314600295,1789124973638708748,0.0,406,0,0.0,False,False,False,False
B5_LOCKED_TC,ATTACK_DIVERSE_HIGH,11,r11-t034-acf092bb,1789124973650774399,1789124973982734096,0.0,405,0,0.0,False,False,False,False
B5_LOCKED_TC,ATTACK_DIVERSE_HIGH,11,r11-t035-32e85c9c,1789124973995414016,1789124974298933284,0.0,406,0,0.0,False,False,False,False
B5_LOCKED_TC,ATTACK_DIVERSE_HIGH,11,r11-t036-ab6453e5,1789124976185936302,1789124978206696568,0.0,91,0,0.0,False,False,False,False
B5_LOCKED_TC,ATTACK_DIVERSE_HIGH,11,r11-t037-d1f4f06c,1789124978218210662,1789124978372388490,0.0,342,0,0.0,False,False,False,False
B5_LOCKED_TC,ATTACK_DIVERSE_HIGH,11,r11-t038-af7e81d7,1789124978386701657,1789124978700055147,0.0,377,0,0.0,False,False,False,False
B5_LOCKED_TC,ATTACK_DIVERSE_HIGH,11,r11-t039-ce7a9a78,1789124978711463274,1789124979110255859,0.0,402,0,0.0,False,False,False,False
B5_LOCKED_TC,ATTACK_DIVERSE_HIGH,11,r11-t040-c453df4b,1789124979121656155,1789124979456123376,0.0,403,0,0.0,False,False,False,False
B5_LOCKED_TC,ATTACK_DIVERSE_HIGH,11,r11-t041-f9bbf024,1789124979467312497,1789124979806369824,0.0,404,0,0.0,False,False,False,False
B5_LOCKED_TC,ATTACK_DIVERSE_HIGH,11,r11-t042-1918d9b2,1789124979820795373,1789124980151550407,0.0,405,0,0.0,False,False,False,False
B5_LOCKED_TC,ATTACK_DIVERSE_HIGH,11,r11-t043-3b584640,1789124980162214605,1789124980494853050,0.0,406,0,0.0,False,False,False,False
B5_LOCKED_TC,ATTACK_DIVERSE_HIGH,11,r11-t044-9744d9da,1789124980506441781,1789124980848123711,0.0,406,0,0.0,False,False,False,False
B5_LOCKED_TC,ATTACK_DIVERSE_HIGH,11,r11-t045-00af6fc7,1789124980859346329,1789124981224535414,0.0,406,0,0.0,False,False,False,False
B5_LOCKED_TC,ATTACK_DIVERSE_HIGH,11,r11-t046-83a75bc0,1789124981235556008,1789124981552501377,0.0,406,0,0.0,False,False,False,False
B5_LOCKED_TC,ATTACK_DIVERSE_HIGH,11,r11-t047-f44c3b0d,1789124981563563585,1789124981907777551,0.0,406,0,0.0,False,False,False,False
B5_LOCKED_TC,ATTACK_DIVERSE_HIGH,11,r11-t048-54465792,1789124981919315894,1789124982262489077,0.0,406,0,0.0,False,False,False,False
B5_LOCKED_TC,ATTACK_DIVERSE_HIGH,11,r11-t049-b53707fa,1789124982273308498,1789124982585270094,0.0,406,0,0.0,False,False,False,False
B1_RL2_TC,BENIGN_DIVERSE_MODERATE,11,r11-t000-ac9b4c6d,1789124994782054149,1789124995959510266,0.0,24,0,0.0,False,False,False,False
B1_RL2_TC,BENIGN_DIVERSE_MODERATE,11,r11-t001-27922a58,1789124995970081379,1789124996322521308,0.0,27,0,0.0,False,False,False,False
B1_RL2_TC,BENIGN_DIVERSE_MODERATE,11,r11-t002-26318c8f,1789124996332205549,1789124996703618518,0.0,28,0,0.0,False,False,False,False
B1_RL2_TC,BENIGN_DIVERSE_MODERATE,11,r11-t003-7813d195,1789124996714347770,1789124997080394186,0.0,29,0,0.0,False,False,False,False
B1_RL2_TC,BENIGN_DIVERSE_MODERATE,11,r11-t004-7c498113,1789124997090158906,1789124997455854259,0.0,30,0,0.0,False,False,False,False
B1_RL2_TC,BENIGN_DIVERSE_MODERATE,11,r11-t005-6de2c87c,1789124997465716664,1789124997835119715,0.0,30,0,0.0,False,False,False,False
B1_RL2_TC,BENIGN_DIVERSE_MODERATE,11,r11-t006-2bda0b5b,1789124997844536098,1789124998255800897,0.0,30,0,0.0,False,False,False,False
B1_RL2_TC,BENIGN_DIVERSE_MODERATE,11,r11-t007-1234dfb3,1789124998267832488,1789124998655869268,0.0,30,0,0.0,False,False,False,False
B1_RL2_TC,BENIGN_DIVERSE_MODERATE,11,r11-t008-8cfbe143,1789124998665715972,1789124999075273590,0.0,29,0,0.0,False,False,False,False
B1_RL2_TC,BENIGN_DIVERSE_MODERATE,11,r11-t009-02174ff5,1789124999085275424,1789124999462946991,0.0,29,0,0.0,False,False,False,False
B1_RL2_TC,BENIGN_DIVERSE_MODERATE,11,r11-t010-eaf9a219,1789124999472544171,1789124999859047610,0.0,29,0,0.0,False,False,False,False
B1_RL2_TC,BENIGN_DIVERSE_MODERATE,11,r11-t011-fab05a5c,1789124999869109051,1789125000242735301,0.0,29,0,0.0,False,False,False,False
B1_RL2_TC,BENIGN_DIVERSE_MODERATE,11,r11-t012-c731a50f,1789125000252261309,1789125000629556804,0.0,29,0,0.0,False,False,False,False
B1_RL2_TC,BENIGN_DIVERSE_MODERATE,11,r11-t013-2e93dea9,1789125000640835779,1789125001029735740,0.0,29,0,0.0,False,False,False,False
B1_RL2_TC,BENIGN_DIVERSE_MODERATE,11,r11-t014-0956ed52,1789125001040459257,1789125001405097752,0.0,29,0,0.0,False,False,False,False
B1_RL2_TC,BENIGN_DIVERSE_MODERATE,11,r11-t015-c6d965a6,1789125001416012596,1789125001770188568,0.0,29,0,0.0,False,False,False,False
B1_RL2_TC,BENIGN_DIVERSE_MODERATE,11,r11-t016-dcf3f56c,1789125001781368075,1789125002169839351,0.0,30,0,0.0,False,False,False,False
B1_RL2_TC,BENIGN_DIVERSE_MODERATE,11,r11-t017-f5c90b31,1789125002179758962,1789125002546871633,0.0,30,0,0.0,False,False,False,False
B1_RL2_TC,BENIGN_DIVERSE_MODERATE,11,r11-t018-205d55ce,1789125002557763941,1789125002917678498,0.0,30,0,0.0,False,False,False,False
B1_RL2_TC,BENIGN_DIVERSE_MODERATE,11,r11-t019-cfa6a99a,1789125002927983659,1789125003290900834,0.0,30,0,0.0,False,False,False,False
B1_RL2_TC,BENIGN_DIVERSE_MODERATE,11,r11-t020-1ec43552,1789125003300451497,1789125003703911797,0.0,30,0,0.0,False,False,False,False
B1_RL2_TC,BENIGN_DIVERSE_MODERATE,11,r11-t021-26aa9399,1789125003714365162,1789125004086744890,0.0,30,0,0.0,False,False,False,False
B1_RL2_TC,BENIGN_DIVERSE_MODERATE,11,r11-t022-93377f04,1789125004096413095,1789125004519261597,0.0,29,0,0.0,False,False,False,False
B1_RL2_TC,BENIGN_DIVERSE_MODERATE,11,r11-t023-2b36fdea,1789125004529875332,1789125004905791431,0.0,29,0,0.0,False,False,False,False
B1_RL2_TC,BENIGN_DIVERSE_MODERATE,11,r11-t024-3175870e,1789125004916696380,1789125005289703820,0.0,29,0,0.0,False,False,False,False
B1_RL2_TC,BENIGN_DIVERSE_MODERATE,11,r11-t025-9eba5591,1789125005299443343,1789125005662529945,0.0,29,0,0.0,False,False,False,False
B1_RL2_TC,BENIGN_DIVERSE_MODERATE,11,r11-t026-c6b85942,1789125005672540967,1789125006050883480,0.0,29,0,0.0,False,False,False,False
B1_RL2_TC,BENIGN_DIVERSE_MODERATE,11,r11-t027-785d8cf6,1789125006853424473,1789125007223100061,0.0,20,0,0.0,False,False,False,False
B1_RL2_TC,BENIGN_DIVERSE_MODERATE,11,r11-t028-71f98eb3,1789125008302457824,1789125008681574929,0.0,4,0,0.0,False,False,False,False
B1_RL2_TC,BENIGN_DIVERSE_MODERATE,11,r11-t029-0622ae59,1789125008691595669,1789125009061321822,0.0,9,0,0.0,False,False,False,False
B1_RL2_TC,BENIGN_DIVERSE_MODERATE,11,r11-t030-3081d8a8,1789125009071716508,1789125009444138310,0.0,14,0,0.0,False,False,False,False
B1_RL2_TC,BENIGN_DIVERSE_MODERATE,11,r11-t031-d97fa30c,1789125009455876623,1789125009819913188,0.0,16,0,0.0,False,False,False,False
B1_RL2_TC,BENIGN_DIVERSE_MODERATE,11,r11-t032-2ce2b523,1789125009830081562,1789125010238857787,0.0,22,0,0.0,False,False,False,False
B1_RL2_TC,BENIGN_DIVERSE_MODERATE,11,r11-t033-25993307,1789125010250404409,1789125010616750223,0.0,28,0,0.0,False,False,False,False
B1_RL2_TC,BENIGN_DIVERSE_MODERATE,11,r11-t034-775e1253,1789125010626174098,1789125010998861172,0.0,29,0,0.0,False,False,False,False
B1_RL2_TC,BENIGN_DIVERSE_MODERATE,11,r11-t035-24afeb41,1789125011008995681,1789125011406055195,0.0,29,0,0.0,False,False,False,False
B1_RL2_TC,BENIGN_DIVERSE_MODERATE,11,r11-t036-4377484f,1789125011416166402,1789125011831185118,0.0,29,0,0.0,False,False,False,False
B1_RL2_TC,BENIGN_DIVERSE_MODERATE,11,r11-t037-bd93062b,1789125011841423018,1789125012242114618,0.0,29,0,0.0,False,False,False,False
B1_RL2_TC,BENIGN_DIVERSE_MODERATE,11,r11-t038-e03c75d6,1789125012252005857,1789125012622553365,0.0,29,0,0.0,False,False,False,False
B1_RL2_TC,BENIGN_DIVERSE_MODERATE,11,r11-t039-797817e2,1789125012633110974,1789125013017455885,0.0,29,0,0.0,False,False,False,False
B1_RL2_TC,BENIGN_DIVERSE_MODERATE,11,r11-t040-0174e6c3,1789125013027911610,1789125013430411170,0.0,29,0,0.0,False,False,False,False
B1_RL2_TC,BENIGN_DIVERSE_MODERATE,11,r11-t041-ba6df531,1789125013440314872,1789125013834475858,0.0,29,0,0.0,False,False,False,False
B1_RL2_TC,BENIGN_DIVERSE_MODERATE,11,r11-t042-20b7af0e,1789125013843967763,1789125014237503453,0.0,29,0,0.0,False,False,False,False
B1_RL2_TC,BENIGN_DIVERSE_MODERATE,11,r11-t043-d9240cf2,1789125014246947391,1789125014647503547,0.0,29,0,0.0,False,False,False,False
B1_RL2_TC,BENIGN_DIVERSE_MODERATE,11,r11-t044-f5822425,1789125014657894399,1789125015033860983,0.0,29,0,0.0,False,False,False,False
B1_RL2_TC,BENIGN_DIVERSE_MODERATE,11,r11-t045-e30c08be,1789125015044177900,1789125015443760795,0.0,29,0,0.0,False,False,False,False
B1_RL2_TC,BENIGN_DIVERSE_MODERATE,11,r11-t046-b9120aec,1789125015454855034,1789125015852216721,0.0,29,0,0.0,False,False,False,False
B1_RL2_TC,BENIGN_DIVERSE_MODERATE,11,r11-t047-9a20abeb,1789125015862268485,1789125016222079632,0.0,29,0,0.0,False,False,False,False
B1_RL2_TC,BENIGN_DIVERSE_MODERATE,11,r11-t048-539302e3,1789125016233009285,1789125016593702003,0.0,29,0,0.0,False,False,False,False
B1_RL2_TC,BENIGN_DIVERSE_MODERATE,11,r11-t049-47d61785,1789125016603731577,1789125016978049276,0.0,29,0,0.0,False,False,False,False
B1_RL2_TC,ATTACK_DIVERSE_MODERATE,11,r11-t000-ac9b4c6d,1789125028072135310,1789125028298934495,0.0,24,0,0.0,False,False,False,False
B1_RL2_TC,ATTACK_DIVERSE_MODERATE,11,r11-t001-27922a58,1789125028309778905,1789125028573236584,0.0,25,0,0.0,False,False,False,False
B1_RL2_TC,ATTACK_DIVERSE_MODERATE,11,r11-t002-26318c8f,1789125028583331960,1789125028877686333,0.0,26,0,0.0,False,False,False,False
B1_RL2_TC,ATTACK_DIVERSE_MODERATE,11,r11-t003-7813d195,1789125028887547490,1789125029232530447,0.0,27,0,0.0,False,False,False,False
B1_RL2_TC,ATTACK_DIVERSE_MODERATE,11,r11-t004-7c498113,1789125029243365374,1789125029552115938,0.0,28,0,0.0,False,False,False,False
B1_RL2_TC,ATTACK_DIVERSE_MODERATE,11,r11-t005-6de2c87c,1789125029562046938,1789125029849629600,0.0,29,0,0.0,False,False,False,False
B1_RL2_TC,ATTACK_DIVERSE_MODERATE,11,r11-t006-2bda0b5b,1789125029859527086,1789125030221812432,0.0,30,0,0.0,False,False,False,False
B1_RL2_TC,ATTACK_DIVERSE_MODERATE,11,r11-t007-1234dfb3,1789125030232861772,1789125030579788516,0.0,30,0,0.0,False,False,False,False
B1_RL2_TC,ATTACK_DIVERSE_MODERATE,11,r11-t008-8cfbe143,1789125030589474687,1789125030885015366,0.0,30,0,0.0,False,False,False,False
B1_RL2_TC,ATTACK_DIVERSE_MODERATE,11,r11-t009-02174ff5,1789125030894677131,1789125031238061951,0.0,30,0,0.0,False,False,False,False
B1_RL2_TC,ATTACK_DIVERSE_MODERATE,11,r11-t010-eaf9a219,1789125031249647508,1789125031548436187,0.0,30,0,0.0,False,False,False,False
B1_RL2_TC,ATTACK_DIVERSE_MODERATE,11,r11-t011-fab05a5c,1789125031557983892,1789125031941958057,0.0,30,0,0.0,False,False,False,False
B1_RL2_TC,ATTACK_DIVERSE_MODERATE,11,r11-t012-c731a50f,1789125031952388288,1789125032232526337,0.0,30,0,0.0,False,False,False,False
B1_RL2_TC,ATTACK_DIVERSE_MODERATE,11,r11-t013-2e93dea9,1789125032242570174,1789125032633610069,0.0,30,0,0.0,False,False,False,False
B1_RL2_TC,ATTACK_DIVERSE_MODERATE,11,r11-t014-0956ed52,1789125032644222794,1789125032938223163,0.0,30,0,0.0,False,False,False,False
B1_RL2_TC,ATTACK_DIVERSE_MODERATE,11,r11-t015-c6d965a6,1789125032948384721,1789125033265960994,0.0,30,0,0.0,False,False,False,False
B1_RL2_TC,ATTACK_DIVERSE_MODERATE,11,r11-t016-dcf3f56c,1789125033276957576,1789125033580179622,0.0,30,0,0.0,False,False,False,False
B1_RL2_TC,ATTACK_DIVERSE_MODERATE,11,r11-t017-f5c90b31,1789125033590298091,1789125033896642906,0.0,30,0,0.0,False,False,False,False
B1_RL2_TC,ATTACK_DIVERSE_MODERATE,11,r11-t018-205d55ce,1789125033907223243,1789125034259552336,0.0,30,0,0.0,False,False,False,False
B1_RL2_TC,ATTACK_DIVERSE_MODERATE,11,r11-t019-cfa6a99a,1789125034271840552,1789125034595605383,0.0,30,0,0.0,False,False,False,False
B1_RL2_TC,ATTACK_DIVERSE_MODERATE,11,r11-t020-1ec43552,1789125034605815099,1789125034933926180,0.0,30,0,0.0,False,False,False,False
B1_RL2_TC,ATTACK_DIVERSE_MODERATE,11,r11-t021-26aa9399,1789125034944135146,1789125035243098339,0.0,30,0,0.0,False,False,False,False
B1_RL2_TC,ATTACK_DIVERSE_MODERATE,11,r11-t022-93377f04,1789125035254213767,1789125035612346435,0.0,30,0,0.0,False,False,False,False
B1_RL2_TC,ATTACK_DIVERSE_MODERATE,11,r11-t023-2b36fdea,1789125035622540192,1789125035936821152,0.0,30,0,0.0,False,False,False,False
B1_RL2_TC,ATTACK_DIVERSE_MODERATE,11,r11-t024-3175870e,1789125035947225661,1789125036258789266,0.0,30,0,0.0,False,False,False,False
B1_RL2_TC,ATTACK_DIVERSE_MODERATE,11,r11-t025-9eba5591,1789125036268991870,1789125036581251833,0.0,30,0,0.0,False,False,False,False
B1_RL2_TC,ATTACK_DIVERSE_MODERATE,11,r11-t026-c6b85942,1789125036593303711,1789125036939166011,0.0,30,0,0.0,False,False,False,False
B1_RL2_TC,ATTACK_DIVERSE_MODERATE,11,r11-t027-785d8cf6,1789125036949112624,1789125037311873058,0.0,30,0,0.0,False,False,False,False
B1_RL2_TC,ATTACK_DIVERSE_MODERATE,11,r11-t028-71f98eb3,1789125037324117448,1789125037619565616,0.0,30,0,0.0,False,False,False,False
B1_RL2_TC,ATTACK_DIVERSE_MODERATE,11,r11-t029-0622ae59,1789125037630016086,1789125037984933377,0.0,30,0,0.0,False,False,False,False
B1_RL2_TC,ATTACK_DIVERSE_MODERATE,11,r11-t030-3081d8a8,1789125038829234450,1789125039128520968,0.0,19,0,0.0,False,False,False,False
B1_RL2_TC,ATTACK_DIVERSE_MODERATE,11,r11-t031-d97fa30c,1789125040210875994,1789125040505606442,0.0,4,0,0.0,False,False,False,False
B1_RL2_TC,ATTACK_DIVERSE_MODERATE,11,r11-t032-2ce2b523,1789125040515518671,1789125040831269650,0.0,8,0,0.0,False,False,False,False
B1_RL2_TC,ATTACK_DIVERSE_MODERATE,11,r11-t033-25993307,1789125040842955206,1789125041153726549,0.0,13,0,0.0,False,False,False,False
B1_RL2_TC,ATTACK_DIVERSE_MODERATE,11,r11-t034-775e1253,1789125041163625270,1789125041483989373,0.0,14,0,0.0,False,False,False,False
B1_RL2_TC,ATTACK_DIVERSE_MODERATE,11,r11-t035-24afeb41,1789125041494037722,1789125041847489158,0.0,19,0,0.0,False,False,False,False
B1_RL2_TC,ATTACK_DIVERSE_MODERATE,11,r11-t036-4377484f,1789125041857765159,1789125042140433906,0.0,24,0,0.0,False,False,False,False
B1_RL2_TC,ATTACK_DIVERSE_MODERATE,11,r11-t037-bd93062b,1789125042150004089,1789125042469195830,0.0,29,0,0.0,False,False,False,False
B1_RL2_TC,ATTACK_DIVERSE_MODERATE,11,r11-t038-e03c75d6,1789125042479798763,1789125042812418686,0.0,30,0,0.0,False,False,False,False
B1_RL2_TC,ATTACK_DIVERSE_MODERATE,11,r11-t039-797817e2,1789125042823978796,1789125043152429186,0.0,30,0,0.0,False,False,False,False
B1_RL2_TC,ATTACK_DIVERSE_MODERATE,11,r11-t040-0174e6c3,1789125043162406217,1789125043501423455,0.0,30,0,0.0,False,False,False,False
B1_RL2_TC,ATTACK_DIVERSE_MODERATE,11,r11-t041-ba6df531,1789125043511494757,1789125043779417205,0.0,30,0,0.0,False,False,False,False
B1_RL2_TC,ATTACK_DIVERSE_MODERATE,11,r11-t042-20b7af0e,1789125043789791728,1789125044135573264,0.0,30,0,0.0,False,False,False,False
B1_RL2_TC,ATTACK_DIVERSE_MODERATE,11,r11-t043-d9240cf2,1789125044147531342,1789125044503930734,0.0,30,0,0.0,False,False,False,False
B1_RL2_TC,ATTACK_DIVERSE_MODERATE,11,r11-t044-f5822425,1789125044515177327,1789125044845138914,0.0,30,0,0.0,False,False,False,False
B1_RL2_TC,ATTACK_DIVERSE_MODERATE,11,r11-t045-e30c08be,1789125044855463184,1789125045163347971,0.0,30,0,0.0,False,False,False,False
B1_RL2_TC,ATTACK_DIVERSE_MODERATE,11,r11-t046-b9120aec,1789125045174387788,1789125045517760837,0.0,30,0,0.0,False,False,False,False
B1_RL2_TC,ATTACK_DIVERSE_MODERATE,11,r11-t047-9a20abeb,1789125045529696904,1789125045856681724,0.0,30,0,0.0,False,False,False,False
B1_RL2_TC,ATTACK_DIVERSE_MODERATE,11,r11-t048-539302e3,1789125045867322725,1789125046200303114,0.0,30,0,0.0,False,False,False,False
B1_RL2_TC,ATTACK_DIVERSE_MODERATE,11,r11-t049-47d61785,1789125046210375209,1789125046516293623,0.0,30,0,0.0,False,False,False,False
RFC_DROP_NATIVE,ATTACK_DIVERSE_HIGH,11,r11-t000-a9c9f5a5,1789125057992518329,1789125060004520045,0.0,400,0,0.0,False,False,False,False
RFC_DROP_NATIVE,ATTACK_DIVERSE_HIGH,11,r11-t001-dad46219,1789125058001098513,1789125060011905583,0.0,400,0,0.0,False,False,False,False
RFC_DROP_NATIVE,ATTACK_DIVERSE_HIGH,11,r11-t002-30421d26,1789125058010883140,1789125060020378963,0.0,400,0,0.0,False,False,False,False
RFC_DROP_NATIVE,ATTACK_DIVERSE_HIGH,11,r11-t003-3ef12354,1789125058020236681,1789125060030635081,0.0,400,0,0.0,False,False,False,False
RFC_DROP_NATIVE,ATTACK_DIVERSE_HIGH,11,r11-t004-55a144cb,1789125058029529001,1789125060039766344,0.0,400,0,0.0,False,False,False,False
RFC_DROP_NATIVE,ATTACK_DIVERSE_HIGH,11,r11-t005-aa7a2da0,1789125058039607579,1789125060048250836,0.0,400,0,0.0,False,False,False,False
RFC_DROP_NATIVE,ATTACK_DIVERSE_HIGH,11,r11-t006-9bf07a0a,1789125058049569557,1789125060059600163,0.0,400,0,0.0,False,False,False,False
RFC_DROP_NATIVE,ATTACK_DIVERSE_HIGH,11,r11-t007-d18b707e,1789125058059629015,1789125060067892706,0.0,400,0,0.0,False,False,False,False
RFC_DROP_NATIVE,ATTACK_DIVERSE_HIGH,11,r11-t008-4ede46ab,1789125058069804887,1789125060080407292,0.0,400,0,0.0,False,False,False,False
RFC_DROP_NATIVE,ATTACK_DIVERSE_HIGH,11,r11-t009-dd65356f,1789125058080199834,1789125060101134553,0.0,400,0,0.0,False,False,False,False
RFC_DROP_NATIVE,ATTACK_DIVERSE_HIGH,11,r11-t010-bbb9e1da,1789125058090164072,1789125060110392213,0.0,399,0,0.0,False,False,False,False
RFC_DROP_NATIVE,ATTACK_DIVERSE_HIGH,11,r11-t011-ee3b1740,1789125058100358592,1789125060111341601,0.0,400,0,0.0,False,False,False,False
RFC_DROP_NATIVE,ATTACK_DIVERSE_HIGH,11,r11-t012-68d91f84,1789125058109878181,1789125060121053609,0.0,400,0,0.0,False,False,False,False
RFC_DROP_NATIVE,ATTACK_DIVERSE_HIGH,11,r11-t013-c9ea44be,1789125058120381536,1789125060130733596,0.0,400,0,0.0,False,False,False,False
RFC_DROP_NATIVE,ATTACK_DIVERSE_HIGH,11,r11-t014-af3a174e,1789125058130001338,1789125060139936534,0.0,400,0,0.0,False,False,False,False
RFC_DROP_NATIVE,ATTACK_DIVERSE_HIGH,11,r11-t015-0ce8a4dd,1789125058140127103,1789125060149148232,0.0,400,0,0.0,False,False,False,False
RFC_DROP_NATIVE,ATTACK_DIVERSE_HIGH,11,r11-t016-aebd32b0,1789125058150069396,1789125060160034355,0.0,401,0,0.0,False,False,False,False
RFC_DROP_NATIVE,ATTACK_DIVERSE_HIGH,11,r11-t017-b914304a,1789125058159973920,1789125060170816781,0.0,401,0,0.0,False,False,False,False
RFC_DROP_NATIVE,ATTACK_DIVERSE_HIGH,11,r11-t018-ae3fcee7,1789125058169933166,1789125060180055791,0.0,401,0,0.0,False,False,False,False
RFC_DROP_NATIVE,ATTACK_DIVERSE_HIGH,11,r11-t019-b6b1122e,1789125058180079181,1789125060191432149,0.0,401,0,0.0,False,False,False,False
RFC_DROP_NATIVE,ATTACK_DIVERSE_HIGH,11,r11-t020-35fee174,1789125058190595062,1789125060200331998,0.0,401,0,0.0,False,False,False,False
RFC_DROP_NATIVE,ATTACK_DIVERSE_HIGH,11,r11-t021-8ee70f11,1789125058199979589,1789125060211446804,0.0,401,0,0.0,False,False,False,False
RFC_DROP_NATIVE,ATTACK_DIVERSE_HIGH,11,r11-t022-cf76b1c8,1789125058209875449,1789125060220695139,0.0,401,0,0.0,False,False,False,False
RFC_DROP_NATIVE,ATTACK_DIVERSE_HIGH,11,r11-t023-e87193f5,1789125058220178659,1789125060231841402,0.0,401,0,0.0,False,False,False,False
RFC_DROP_NATIVE,ATTACK_DIVERSE_HIGH,11,r11-t024-d593e918,1789125058229881909,1789125060240592534,0.0,401,0,0.0,False,False,False,False
RFC_DROP_NATIVE,ATTACK_DIVERSE_HIGH,11,r11-t025-dc2ca104,1789125058239871672,1789125060251795591,0.0,401,0,0.0,False,False,False,False
RFC_DROP_NATIVE,ATTACK_DIVERSE_HIGH,11,r11-t026-254df7fa,1789125058250180062,1789125060260429272,0.0,401,0,0.0,False,False,False,False
RFC_DROP_NATIVE,ATTACK_DIVERSE_HIGH,11,r11-t027-4fc98ed0,1789125058260355181,1789125060272037891,0.0,401,0,0.0,False,False,False,False
RFC_DROP_NATIVE,ATTACK_DIVERSE_HIGH,11,r11-t028-fdebc0c9,1789125058269776441,1789125060302446834,0.0,401,0,0.0,False,False,False,False
RFC_DROP_NATIVE,ATTACK_DIVERSE_HIGH,11,r11-t029-8c82d54d,1789125058292318274,1789125060304201128,0.0,401,0,0.0,False,False,False,False
RFC_DROP_NATIVE,ATTACK_DIVERSE_HIGH,11,r11-t030-ccc004c5,1789125058294849504,1789125060306917997,0.0,401,0,0.0,False,False,False,False
RFC_DROP_NATIVE,ATTACK_DIVERSE_HIGH,11,r11-t031-327d1c3a,1789125058300090538,1789125060311679722,0.0,401,0,0.0,False,False,False,False
RFC_DROP_NATIVE,ATTACK_DIVERSE_HIGH,11,r11-t032-c0d31111,1789125058309735959,1789125060330143523,0.0,401,0,0.0,False,False,False,False
RFC_DROP_NATIVE,ATTACK_DIVERSE_HIGH,11,r11-t033-aaffb955,1789125058319877547,1789125060330399518,0.0,401,0,0.0,False,False,False,False
RFC_DROP_NATIVE,ATTACK_DIVERSE_HIGH,11,r11-t034-acf092bb,1789125058329694009,1789125060340165120,0.0,401,0,0.0,False,False,False,False
RFC_DROP_NATIVE,ATTACK_DIVERSE_HIGH,11,r11-t035-32e85c9c,1789125058339933832,1789125060351457652,0.0,401,0,0.0,False,False,False,False
RFC_DROP_NATIVE,ATTACK_DIVERSE_HIGH,11,r11-t036-ab6453e5,1789125058349596677,1789125060360010712,0.0,401,0,0.0,False,False,False,False
RFC_DROP_NATIVE,ATTACK_DIVERSE_HIGH,11,r11-t037-d1f4f06c,1789125058360133090,1789125060380507783,0.0,401,0,0.0,False,False,False,False
RFC_DROP_NATIVE,ATTACK_DIVERSE_HIGH,11,r11-t038-af7e81d7,1789125058369419948,1789125060380170412,0.0,401,0,0.0,False,False,False,False
RFC_DROP_NATIVE,ATTACK_DIVERSE_HIGH,11,r11-t039-ce7a9a78,1789125058379861516,1789125060388499216,0.0,401,0,0.0,False,False,False,False
RFC_DROP_NATIVE,ATTACK_DIVERSE_HIGH,11,r11-t040-c453df4b,1789125058389456453,1789125060399675619,0.0,401,0,0.0,False,False,False,False
RFC_DROP_NATIVE,ATTACK_DIVERSE_HIGH,11,r11-t041-f9bbf024,1789125058399323303,1789125060410324772,0.0,401,0,0.0,False,False,False,False
RFC_DROP_NATIVE,ATTACK_DIVERSE_HIGH,11,r11-t042-1918d9b2,1789125058409782862,1789125060420204902,0.0,401,0,0.0,False,False,False,False
RFC_DROP_NATIVE,ATTACK_DIVERSE_HIGH,11,r11-t043-3b584640,1789125058419637844,1789125060431122766,0.0,401,0,0.0,False,False,False,False
RFC_DROP_NATIVE,ATTACK_DIVERSE_HIGH,11,r11-t044-9744d9da,1789125058430205810,1789125060440076301,0.0,401,0,0.0,False,False,False,False
RFC_DROP_NATIVE,ATTACK_DIVERSE_HIGH,11,r11-t045-00af6fc7,1789125058440212808,1789125060451935076,0.0,401,0,0.0,False,False,False,False
RFC_DROP_NATIVE,ATTACK_DIVERSE_HIGH,11,r11-t046-83a75bc0,1789125058449590741,1789125060471920627,0.0,401,0,0.0,False,False,False,False
RFC_DROP_NATIVE,ATTACK_DIVERSE_HIGH,11,r11-t047-f44c3b0d,1789125058460167560,1789125060471779349,0.0,401,0,0.0,False,False,False,False
RFC_DROP_NATIVE,ATTACK_DIVERSE_HIGH,11,r11-t048-54465792,1789125058470187273,1789125060482086610,0.0,401,0,0.0,False,False,False,False
RFC_DROP_NATIVE,ATTACK_DIVERSE_HIGH,11,r11-t049-b53707fa,1789125058480229214,1789125060491572858,0.0,402,0,0.0,False,False,False,False
B0_OFF,BENIGN_DIVERSE_MODERATE,11,r11-t000-ac9b4c6d,1789125093266802112,1789125093610773014,0.0,24,0,0.0,False,False,False,False
B0_OFF,BENIGN_DIVERSE_MODERATE,11,r11-t001-27922a58,1789125093620530050,1789125093976527168,0.0,25,0,0.0,False,False,False,False
B0_OFF,BENIGN_DIVERSE_MODERATE,11,r11-t002-26318c8f,1789125093987512515,1789125094316351374,0.0,26,0,0.0,False,False,False,False
B0_OFF,BENIGN_DIVERSE_MODERATE,11,r11-t003-7813d195,1789125094326392293,1789125094676620868,0.0,27,0,0.0,False,False,False,False
B0_OFF,BENIGN_DIVERSE_MODERATE,11,r11-t004-7c498113,1789125094688176883,1789125095054970968,0.0,28,0,0.0,False,False,False,False
B0_OFF,BENIGN_DIVERSE_MODERATE,11,r11-t005-6de2c87c,1789125095065893335,1789125095393542778,0.0,29,0,0.0,False,False,False,False
B0_OFF,BENIGN_DIVERSE_MODERATE,11,r11-t006-2bda0b5b,1789125095403675355,1789125095721295219,0.0,30,0,0.0,False,False,False,False
B0_OFF,BENIGN_DIVERSE_MODERATE,11,r11-t007-1234dfb3,1789125095731816086,1789125096071380151,0.0,30,0,0.0,False,False,False,False
B0_OFF,BENIGN_DIVERSE_MODERATE,11,r11-t008-8cfbe143,1789125096081607164,1789125096425133628,0.0,30,0,0.0,False,False,False,False
B0_OFF,BENIGN_DIVERSE_MODERATE,11,r11-t009-02174ff5,1789125096436962584,1789125096804867911,0.0,30,0,0.0,False,False,False,False
B0_OFF,BENIGN_DIVERSE_MODERATE,11,r11-t010-eaf9a219,1789125096815957800,1789125097148566970,0.0,30,0,0.0,False,False,False,False
B0_OFF,BENIGN_DIVERSE_MODERATE,11,r11-t011-fab05a5c,1789125097158969408,1789125097481183029,0.0,30,0,0.0,False,False,False,False
B0_OFF,BENIGN_DIVERSE_MODERATE,11,r11-t012-c731a50f,1789125097491539605,1789125097855608894,0.0,30,0,0.0,False,False,False,False
B0_OFF,BENIGN_DIVERSE_MODERATE,11,r11-t013-2e93dea9,1789125097865365874,1789125098187882124,0.0,30,0,0.0,False,False,False,False
B0_OFF,BENIGN_DIVERSE_MODERATE,11,r11-t014-0956ed52,1789125098198380059,1789125098533741295,0.0,30,0,0.0,False,False,False,False
B0_OFF,BENIGN_DIVERSE_MODERATE,11,r11-t015-c6d965a6,1789125098544693506,1789125098872941590,0.0,30,0,0.0,False,False,False,False
B0_OFF,BENIGN_DIVERSE_MODERATE,11,r11-t016-dcf3f56c,1789125098883806416,1789125099230830903,0.0,30,0,0.0,False,False,False,False
B0_OFF,BENIGN_DIVERSE_MODERATE,11,r11-t017-f5c90b31,1789125099240757363,1789125099586786675,0.0,30,0,0.0,False,False,False,False
B0_OFF,BENIGN_DIVERSE_MODERATE,11,r11-t018-205d55ce,1789125099598287618,1789125099932195630,0.0,30,0,0.0,False,False,False,False
B0_OFF,BENIGN_DIVERSE_MODERATE,11,r11-t019-cfa6a99a,1789125099942748487,1789125100306672547,0.0,30,0,0.0,False,False,False,False
B0_OFF,BENIGN_DIVERSE_MODERATE,11,r11-t020-1ec43552,1789125100316903335,1789125100657118809,0.0,30,0,0.0,False,False,False,False
B0_OFF,BENIGN_DIVERSE_MODERATE,11,r11-t021-26aa9399,1789125100667138879,1789125101011047051,0.0,30,0,0.0,False,False,False,False
B0_OFF,BENIGN_DIVERSE_MODERATE,11,r11-t022-93377f04,1789125101023822867,1789125101354579555,0.0,30,0,0.0,False,False,False,False
B0_OFF,BENIGN_DIVERSE_MODERATE,11,r11-t023-2b36fdea,1789125101365278016,1789125101716109099,0.0,30,0,0.0,False,False,False,False
B0_OFF,BENIGN_DIVERSE_MODERATE,11,r11-t024-3175870e,1789125103602017496,1789125103948029632,0.0,7,0,0.0,False,False,False,False
B0_OFF,BENIGN_DIVERSE_MODERATE,11,r11-t025-9eba5591,1789125103961018808,1789125104295469231,0.0,4,0,0.0,False,False,False,False
B0_OFF,BENIGN_DIVERSE_MODERATE,11,r11-t026-c6b85942,1789125104308208339,1789125104647330027,0.0,10,0,0.0,False,False,False,False
B0_OFF,BENIGN_DIVERSE_MODERATE,11,r11-t027-785d8cf6,1789125104657295366,1789125104980742150,0.0,14,0,0.0,False,False,False,False
B0_OFF,BENIGN_DIVERSE_MODERATE,11,r11-t028-71f98eb3,1789125104991200264,1789125105341765238,0.0,16,0,0.0,False,False,False,False
B0_OFF,BENIGN_DIVERSE_MODERATE,11,r11-t029-0622ae59,1789125105352897307,1789125105697955211,0.0,21,0,0.0,False,False,False,False
B0_OFF,BENIGN_DIVERSE_MODERATE,11,r11-t030-3081d8a8,1789125105708810886,1789125106041611681,0.0,26,0,0.0,False,False,False,False
B0_OFF,BENIGN_DIVERSE_MODERATE,11,r11-t031-d97fa30c,1789125106053133131,1789125106370922134,0.0,30,0,0.0,False,False,False,False
B0_OFF,BENIGN_DIVERSE_MODERATE,11,r11-t032-2ce2b523,1789125106382035720,1789125106748294480,0.0,30,0,0.0,False,False,False,False
B0_OFF,BENIGN_DIVERSE_MODERATE,11,r11-t033-25993307,1789125106758877050,1789125107087586748,0.0,30,0,0.0,False,False,False,False
B0_OFF,BENIGN_DIVERSE_MODERATE,11,r11-t034-775e1253,1789125107098456484,1789125107427575840,0.0,30,0,0.0,False,False,False,False
B0_OFF,BENIGN_DIVERSE_MODERATE,11,r11-t035-24afeb41,1789125107437618430,1789125107779116108,0.0,30,0,0.0,False,False,False,False
B0_OFF,BENIGN_DIVERSE_MODERATE,11,r11-t036-4377484f,1789125107790475338,1789125108132376634,0.0,30,0,0.0,False,False,False,False
B0_OFF,BENIGN_DIVERSE_MODERATE,11,r11-t037-bd93062b,1789125108143683959,1789125108499998841,0.0,30,0,0.0,False,False,False,False
B0_OFF,BENIGN_DIVERSE_MODERATE,11,r11-t038-e03c75d6,1789125108511101576,1789125108849033700,0.0,30,0,0.0,False,False,False,False
B0_OFF,BENIGN_DIVERSE_MODERATE,11,r11-t039-797817e2,1789125108858960404,1789125109192427351,0.0,30,0,0.0,False,False,False,False
B0_OFF,BENIGN_DIVERSE_MODERATE,11,r11-t040-0174e6c3,1789125109202700956,1789125109535436730,0.0,30,0,0.0,False,False,False,False
B0_OFF,BENIGN_DIVERSE_MODERATE,11,r11-t041-ba6df531,1789125109546374130,1789125109883325191,0.0,30,0,0.0,False,False,False,False
B0_OFF,BENIGN_DIVERSE_MODERATE,11,r11-t042-20b7af0e,1789125109893961647,1789125110232222082,0.0,30,0,0.0,False,False,False,False
B0_OFF,BENIGN_DIVERSE_MODERATE,11,r11-t043-d9240cf2,1789125110243098895,1789125110609134661,0.0,30,0,0.0,False,False,False,False
B0_OFF,BENIGN_DIVERSE_MODERATE,11,r11-t044-f5822425,1789125110620621667,1789125110955590879,0.0,30,0,0.0,False,False,False,False
B0_OFF,BENIGN_DIVERSE_MODERATE,11,r11-t045-e30c08be,1789125110965744352,1789125111295771067,0.0,30,0,0.0,False,False,False,False
B0_OFF,BENIGN_DIVERSE_MODERATE,11,r11-t046-b9120aec,1789125111307020263,1789125111628263086,0.0,30,0,0.0,False,False,False,False
B0_OFF,BENIGN_DIVERSE_MODERATE,11,r11-t047-9a20abeb,1789125111638966356,1789125111972086874,0.0,30,0,0.0,False,False,False,False
B0_OFF,BENIGN_DIVERSE_MODERATE,11,r11-t048-539302e3,1789125111982040567,1789125112329844189,0.0,30,0,0.0,False,False,False,False
B0_OFF,BENIGN_DIVERSE_MODERATE,11,r11-t049-47d61785,1789125112341942614,1789125112667897484,0.0,30,0,0.0,False,False,False,False
B0_OFF,ATTACK_DIVERSE_HIGH,11,r11-t000-a9c9f5a5,1789125124724245815,1789125124912185416,0.0,400,0,0.0,False,False,False,False
B0_OFF,ATTACK_DIVERSE_HIGH,11,r11-t001-dad46219,1789125124923494605,1789125125215042620,0.0,401,0,0.0,False,False,False,False
B0_OFF,ATTACK_DIVERSE_HIGH,11,r11-t002-30421d26,1789125125227316455,1789125125569906020,0.0,402,0,0.0,False,False,False,False
B0_OFF,ATTACK_DIVERSE_HIGH,11,r11-t003-3ef12354,1789125125582773512,1789125125911209672,0.0,403,0,0.0,False,False,False,False
B0_OFF,ATTACK_DIVERSE_HIGH,11,r11-t004-55a144cb,1789125125923672996,1789125126279007674,0.0,404,0,0.0,False,False,False,False
B0_OFF,ATTACK_DIVERSE_HIGH,11,r11-t005-aa7a2da0,1789125126291061661,1789125126619375724,0.0,405,0,0.0,False,False,False,False
B0_OFF,ATTACK_DIVERSE_HIGH,11,r11-t006-9bf07a0a,1789125126630927602,1789125126958938727,0.0,406,0,0.0,False,False,False,False
B0_OFF,ATTACK_DIVERSE_HIGH,11,r11-t007-d18b707e,1789125126971336351,1789125127295455149,0.0,406,0,0.0,False,False,False,False
B0_OFF,ATTACK_DIVERSE_HIGH,11,r11-t008-4ede46ab,1789125127307291542,1789125127649132080,0.0,406,0,0.0,False,False,False,False
B0_OFF,ATTACK_DIVERSE_HIGH,11,r11-t009-dd65356f,1789125127660406492,1789125127951546202,0.0,406,0,0.0,False,False,False,False
B0_OFF,ATTACK_DIVERSE_HIGH,11,r11-t010-bbb9e1da,1789125127963093380,1789125128315960753,0.0,406,0,0.0,False,False,False,False
B0_OFF,ATTACK_DIVERSE_HIGH,11,r11-t011-ee3b1740,1789125128327789439,1789125128670086311,0.0,406,0,0.0,False,False,False,False
B0_OFF,ATTACK_DIVERSE_HIGH,11,r11-t012-68d91f84,1789125128682295667,1789125129009078028,0.0,406,0,0.0,False,False,False,False
B0_OFF,ATTACK_DIVERSE_HIGH,11,r11-t013-c9ea44be,1789125129019856251,1789125129355829865,0.0,406,0,0.0,False,False,False,False
B0_OFF,ATTACK_DIVERSE_HIGH,11,r11-t014-af3a174e,1789125129368882149,1789125129740392581,0.0,406,0,0.0,False,False,False,False
B0_OFF,ATTACK_DIVERSE_HIGH,11,r11-t015-0ce8a4dd,1789125129751912317,1789125130089709068,0.0,406,0,0.0,False,False,False,False
B0_OFF,ATTACK_DIVERSE_HIGH,11,r11-t016-aebd32b0,1789125130100812058,1789125130439148872,0.0,406,0,0.0,False,False,False,False
B0_OFF,ATTACK_DIVERSE_HIGH,11,r11-t017-b914304a,1789125130450863630,1789125130755777405,0.0,406,0,0.0,False,False,False,False
B0_OFF,ATTACK_DIVERSE_HIGH,11,r11-t018-ae3fcee7,1789125130768017981,1789125131120637210,0.0,406,0,0.0,False,False,False,False
B0_OFF,ATTACK_DIVERSE_HIGH,11,r11-t019-b6b1122e,1789125131132321965,1789125131468115370,0.0,406,0,0.0,False,False,False,False
B0_OFF,ATTACK_DIVERSE_HIGH,11,r11-t020-35fee174,1789125131481596277,1789125131812200965,0.0,406,0,0.0,False,False,False,False
B0_OFF,ATTACK_DIVERSE_HIGH,11,r11-t021-8ee70f11,1789125131826092299,1789125132156033796,0.0,407,0,0.0,False,False,False,False
B0_OFF,ATTACK_DIVERSE_HIGH,11,r11-t022-cf76b1c8,1789125132167939615,1789125132495030592,0.0,406,0,0.0,False,False,False,False
B0_OFF,ATTACK_DIVERSE_HIGH,11,r11-t023-e87193f5,1789125132508322705,1789125132870066392,0.0,406,0,0.0,False,False,False,False
B0_OFF,ATTACK_DIVERSE_HIGH,11,r11-t024-d593e918,1789125132882509349,1789125133199087971,0.0,406,0,0.0,False,False,False,False
B0_OFF,ATTACK_DIVERSE_HIGH,11,r11-t025-dc2ca104,1789125133210320032,1789125133590755328,0.0,406,0,0.0,False,False,False,False
B0_OFF,ATTACK_DIVERSE_HIGH,11,r11-t026-254df7fa,1789125135476177079,1789125135811972275,0.0,96,0,0.0,False,False,False,False
B0_OFF,ATTACK_DIVERSE_HIGH,11,r11-t027-4fc98ed0,1789125135824419950,1789125136162519000,0.0,50,0,0.0,False,False,False,False
B0_OFF,ATTACK_DIVERSE_HIGH,11,r11-t028-fdebc0c9,1789125136174861663,1789125136552351522,0.0,121,0,0.0,False,False,False,False
B0_OFF,ATTACK_DIVERSE_HIGH,11,r11-t029-8c82d54d,1789125136564890810,1789125136886060344,0.0,189,0,0.0,False,False,False,False
B0_OFF,ATTACK_DIVERSE_HIGH,11,r11-t030-ccc004c5,1789125136897664808,1789125137227918794,0.0,218,0,0.0,False,False,False,False
B0_OFF,ATTACK_DIVERSE_HIGH,11,r11-t031-327d1c3a,1789125137240006238,1789125137570707635,0.0,288,0,0.0,False,False,False,False
B0_OFF,ATTACK_DIVERSE_HIGH,11,r11-t032-c0d31111,1789125137584077020,1789125137937454357,0.0,358,0,0.0,False,False,False,False
B0_OFF,ATTACK_DIVERSE_HIGH,11,r11-t033-aaffb955,1789125137949285451,1789125138261961166,0.0,406,0,0.0,False,False,False,False
B0_OFF,ATTACK_DIVERSE_HIGH,11,r11-t034-acf092bb,1789125138273236345,1789125138632427755,0.0,406,0,0.0,False,False,False,False
B0_OFF,ATTACK_DIVERSE_HIGH,11,r11-t035-32e85c9c,1789125138645489274,1789125138993286528,0.0,406,0,0.0,False,False,False,False
B0_OFF,ATTACK_DIVERSE_HIGH,11,r11-t036-ab6453e5,1789125139006282662,1789125139327613441,0.0,406,0,0.0,False,False,False,False
B0_OFF,ATTACK_DIVERSE_HIGH,11,r11-t037-d1f4f06c,1789125139339480766,1789125139669359259,0.0,406,0,0.0,False,False,False,False
B0_OFF,ATTACK_DIVERSE_HIGH,11,r11-t038-af7e81d7,1789125139682219439,1789125140025585339,0.0,406,0,0.0,False,False,False,False
B0_OFF,ATTACK_DIVERSE_HIGH,11,r11-t039-ce7a9a78,1789125140037553680,1789125140402289912,0.0,406,0,0.0,False,False,False,False
B0_OFF,ATTACK_DIVERSE_HIGH,11,r11-t040-c453df4b,1789125140413531201,1789125140752993369,0.0,406,0,0.0,False,False,False,False
B0_OFF,ATTACK_DIVERSE_HIGH,11,r11-t041-f9bbf024,1789125140765015444,1789125141083435251,0.0,406,0,0.0,False,False,False,False
B0_OFF,ATTACK_DIVERSE_HIGH,11,r11-t042-1918d9b2,1789125141097707510,1789125141424187866,0.0,406,0,0.0,False,False,False,False
B0_OFF,ATTACK_DIVERSE_HIGH,11,r11-t043-3b584640,1789125141436111634,1789125141823398627,0.0,406,0,0.0,False,False,False,False
B0_OFF,ATTACK_DIVERSE_HIGH,11,r11-t044-9744d9da,1789125141836170888,1789125142146696918,0.0,406,0,0.0,False,False,False,False
B0_OFF,ATTACK_DIVERSE_HIGH,11,r11-t045-00af6fc7,1789125142158959990,1789125142502257236,0.0,406,0,0.0,False,False,False,False
B0_OFF,ATTACK_DIVERSE_HIGH,11,r11-t046-83a75bc0,1789125142513769176,1789125142825906447,0.0,405,0,0.0,False,False,False,False
B0_OFF,ATTACK_DIVERSE_HIGH,11,r11-t047-f44c3b0d,1789125142838132027,1789125143183198408,0.0,406,0,0.0,False,False,False,False
B0_OFF,ATTACK_DIVERSE_HIGH,11,r11-t048-54465792,1789125143199020054,1789125143508106336,0.0,406,0,0.0,False,False,False,False
B0_OFF,ATTACK_DIVERSE_HIGH,11,r11-t049-b53707fa,1789125143520365252,1789125143865442021,0.0,406,0,0.0,False,False,False,False
RFC_DROP_NATIVE,BENIGN_DIVERSE_MODERATE,11,r11-t000-ac9b4c6d,1789125156023251253,1789125158044528353,0.0,24,0,0.0,False,False,False,False
RFC_DROP_NATIVE,BENIGN_DIVERSE_MODERATE,11,r11-t001-27922a58,1789125156028683929,1789125158048281186,0.0,24,0,0.0,False,False,False,False
RFC_DROP_NATIVE,BENIGN_DIVERSE_MODERATE,11,r11-t002-26318c8f,1789125156037798081,1789125158056956906,0.0,24,0,0.0,False,False,False,False
RFC_DROP_NATIVE,BENIGN_DIVERSE_MODERATE,11,r11-t003-7813d195,1789125156047869734,1789125158056731877,0.0,24,0,0.0,False,False,False,False
RFC_DROP_NATIVE,BENIGN_DIVERSE_MODERATE,11,r11-t004-7c498113,1789125156057708201,1789125158066428106,0.0,24,0,0.0,False,False,False,False
RFC_DROP_NATIVE,BENIGN_DIVERSE_MODERATE,11,r11-t005-6de2c87c,1789125156068172999,1789125158078209982,0.0,24,0,0.0,False,False,False,False
RFC_DROP_NATIVE,BENIGN_DIVERSE_MODERATE,11,r11-t006-2bda0b5b,1789125156078041093,1789125158086695834,0.0,24,0,0.0,False,False,False,False
RFC_DROP_NATIVE,BENIGN_DIVERSE_MODERATE,11,r11-t007-1234dfb3,1789125156087852087,1789125158097503051,0.0,24,0,0.0,False,False,False,False
RFC_DROP_NATIVE,BENIGN_DIVERSE_MODERATE,11,r11-t008-8cfbe143,1789125156097875078,1789125158108220914,0.0,24,0,0.0,False,False,False,False
RFC_DROP_NATIVE,BENIGN_DIVERSE_MODERATE,11,r11-t009-02174ff5,1789125156107800930,1789125158117263057,0.0,24,0,0.0,False,False,False,False
RFC_DROP_NATIVE,BENIGN_DIVERSE_MODERATE,11,r11-t010-eaf9a219,1789125156117736346,1789125158126276416,0.0,24,0,0.0,False,False,False,False
RFC_DROP_NATIVE,BENIGN_DIVERSE_MODERATE,11,r11-t011-fab05a5c,1789125156127643165,1789125158138068511,0.0,24,0,0.0,False,False,False,False
RFC_DROP_NATIVE,BENIGN_DIVERSE_MODERATE,11,r11-t012-c731a50f,1789125156137657529,1789125158146350618,0.0,24,0,0.0,False,False,False,False
RFC_DROP_NATIVE,BENIGN_DIVERSE_MODERATE,11,r11-t013-2e93dea9,1789125156147458021,1789125158154700609,0.0,24,0,0.0,False,False,False,False
RFC_DROP_NATIVE,BENIGN_DIVERSE_MODERATE,11,r11-t014-0956ed52,1789125156157914755,1789125158166295242,0.0,24,0,0.0,False,False,False,False
RFC_DROP_NATIVE,BENIGN_DIVERSE_MODERATE,11,r11-t015-c6d965a6,1789125156167577605,1789125158178123998,0.0,24,0,0.0,False,False,False,False
RFC_DROP_NATIVE,BENIGN_DIVERSE_MODERATE,11,r11-t016-dcf3f56c,1789125156177858254,1789125158187081006,0.0,24,0,0.0,False,False,False,False
RFC_DROP_NATIVE,BENIGN_DIVERSE_MODERATE,11,r11-t017-f5c90b31,1789125156187692406,1789125158195566952,0.0,24,0,0.0,False,False,False,False
RFC_DROP_NATIVE,BENIGN_DIVERSE_MODERATE,11,r11-t018-205d55ce,1789125156197758808,1789125158206190489,0.0,24,0,0.0,False,False,False,False
RFC_DROP_NATIVE,BENIGN_DIVERSE_MODERATE,11,r11-t019-cfa6a99a,1789125156207481385,1789125158217362910,0.0,24,0,0.0,False,False,False,False
RFC_DROP_NATIVE,BENIGN_DIVERSE_MODERATE,11,r11-t020-1ec43552,1789125156217694149,1789125158226245658,0.0,24,0,0.0,False,False,False,False
RFC_DROP_NATIVE,BENIGN_DIVERSE_MODERATE,11,r11-t021-26aa9399,1789125156227707013,1789125158237305752,0.0,24,0,0.0,False,False,False,False
RFC_DROP_NATIVE,BENIGN_DIVERSE_MODERATE,11,r11-t022-93377f04,1789125156237777165,1789125158248260175,0.0,24,0,0.0,False,False,False,False
RFC_DROP_NATIVE,BENIGN_DIVERSE_MODERATE,11,r11-t023-2b36fdea,1789125156247745586,1789125158257850265,0.0,24,0,0.0,False,False,False,False
RFC_DROP_NATIVE,BENIGN_DIVERSE_MODERATE,11,r11-t024-3175870e,1789125156257706319,1789125158266264766,0.0,24,0,0.0,False,False,False,False
RFC_DROP_NATIVE,BENIGN_DIVERSE_MODERATE,11,r11-t025-9eba5591,1789125156268029535,1789125158278112742,0.0,24,0,0.0,False,False,False,False
RFC_DROP_NATIVE,BENIGN_DIVERSE_MODERATE,11,r11-t026-c6b85942,1789125156277966733,1789125158286722362,0.0,24,0,0.0,False,False,False,False
RFC_DROP_NATIVE,BENIGN_DIVERSE_MODERATE,11,r11-t027-785d8cf6,1789125156287585514,1789125158297406750,0.0,24,0,0.0,False,False,False,False
RFC_DROP_NATIVE,BENIGN_DIVERSE_MODERATE,11,r11-t028-71f98eb3,1789125156297712205,1789125158328613056,0.0,24,0,0.0,False,False,False,False
RFC_DROP_NATIVE,BENIGN_DIVERSE_MODERATE,11,r11-t029-0622ae59,1789125156310513369,1789125158320446276,0.0,24,0,0.0,False,False,False,False
RFC_DROP_NATIVE,BENIGN_DIVERSE_MODERATE,11,r11-t030-3081d8a8,1789125156318129859,1789125158329272486,0.0,24,0,0.0,False,False,False,False
RFC_DROP_NATIVE,BENIGN_DIVERSE_MODERATE,11,r11-t031-d97fa30c,1789125156327776019,1789125158338150358,0.0,24,0,0.0,False,False,False,False
RFC_DROP_NATIVE,BENIGN_DIVERSE_MODERATE,11,r11-t032-2ce2b523,1789125156337735626,1789125158346259663,0.0,24,0,0.0,False,False,False,False
RFC_DROP_NATIVE,BENIGN_DIVERSE_MODERATE,11,r11-t033-25993307,1789125156347620974,1789125158358150583,0.0,24,0,0.0,False,False,False,False
RFC_DROP_NATIVE,BENIGN_DIVERSE_MODERATE,11,r11-t034-775e1253,1789125156357862335,1789125158366390497,0.0,24,0,0.0,False,False,False,False
RFC_DROP_NATIVE,BENIGN_DIVERSE_MODERATE,11,r11-t035-24afeb41,1789125156367706240,1789125158378235381,0.0,24,0,0.0,False,False,False,False
RFC_DROP_NATIVE,BENIGN_DIVERSE_MODERATE,11,r11-t036-4377484f,1789125156378227857,1789125158389025907,0.0,24,0,0.0,False,False,False,False
RFC_DROP_NATIVE,BENIGN_DIVERSE_MODERATE,11,r11-t037-bd93062b,1789125156388103735,1789125158409034008,0.0,24,0,0.0,False,False,False,False
RFC_DROP_NATIVE,BENIGN_DIVERSE_MODERATE,11,r11-t038-e03c75d6,1789125156398191419,1789125158409160492,0.0,25,0,0.0,False,False,False,False
RFC_DROP_NATIVE,BENIGN_DIVERSE_MODERATE,11,r11-t039-797817e2,1789125156407797076,1789125158418694889,0.0,25,0,0.0,False,False,False,False
RFC_DROP_NATIVE,BENIGN_DIVERSE_MODERATE,11,r11-t040-0174e6c3,1789125156417670233,1789125158426241619,0.0,25,0,0.0,False,False,False,False
RFC_DROP_NATIVE,BENIGN_DIVERSE_MODERATE,11,r11-t041-ba6df531,1789125156427674752,1789125158438276934,0.0,25,0,0.0,False,False,False,False
RFC_DROP_NATIVE,BENIGN_DIVERSE_MODERATE,11,r11-t042-20b7af0e,1789125156437815882,1789125158446296319,0.0,25,0,0.0,False,False,False,False
RFC_DROP_NATIVE,BENIGN_DIVERSE_MODERATE,11,r11-t043-d9240cf2,1789125156447664944,1789125158457821474,0.0,25,0,0.0,False,False,False,False
RFC_DROP_NATIVE,BENIGN_DIVERSE_MODERATE,11,r11-t044-f5822425,1789125156457911932,1789125158468398223,0.0,25,0,0.0,False,False,False,False
RFC_DROP_NATIVE,BENIGN_DIVERSE_MODERATE,11,r11-t045-e30c08be,1789125156467912044,1789125158478118549,0.0,25,0,0.0,False,False,False,False
RFC_DROP_NATIVE,BENIGN_DIVERSE_MODERATE,11,r11-t046-b9120aec,1789125156478373467,1789125158488711051,0.0,25,0,0.0,False,False,False,False
RFC_DROP_NATIVE,BENIGN_DIVERSE_MODERATE,11,r11-t047-9a20abeb,1789125156488141048,1789125158498665313,0.0,25,0,0.0,False,False,False,False
RFC_DROP_NATIVE,BENIGN_DIVERSE_MODERATE,11,r11-t048-539302e3,1789125156498050961,1789125158508182175,0.0,25,0,0.0,False,False,False,False
RFC_DROP_NATIVE,BENIGN_DIVERSE_MODERATE,11,r11-t049-47d61785,1789125156508141085,1789125158518727514,0.0,25,0,0.0,False,False,False,False
B1_RL2_TC,ATTACK_DIVERSE_HIGH,11,r11-t000-a9c9f5a5,1789125190350096960,1789125190624538407,0.0,400,0,0.0,False,False,False,False
B1_RL2_TC,ATTACK_DIVERSE_HIGH,11,r11-t001-dad46219,1789125190635642873,1789125190880505044,0.0,401,0,0.0,False,False,False,False
B1_RL2_TC,ATTACK_DIVERSE_HIGH,11,r11-t002-30421d26,1789125190891870436,1789125191259431162,0.0,402,0,0.0,False,False,False,False
B1_RL2_TC,ATTACK_DIVERSE_HIGH,11,r11-t003-3ef12354,1789125191270478302,1789125191606281687,0.0,403,0,0.0,False,False,False,False
B1_RL2_TC,ATTACK_DIVERSE_HIGH,11,r11-t004-55a144cb,1789125191617654610,1789125191965956896,0.0,404,0,0.0,False,False,False,False
B1_RL2_TC,ATTACK_DIVERSE_HIGH,11,r11-t005-aa7a2da0,1789125191977580204,1789125192285263697,0.0,405,0,0.0,False,False,False,False
B1_RL2_TC,ATTACK_DIVERSE_HIGH,11,r11-t006-9bf07a0a,1789125192296126909,1789125192654271383,0.0,406,0,0.0,False,False,False,False
B1_RL2_TC,ATTACK_DIVERSE_HIGH,11,r11-t007-d18b707e,1789125192664912729,1789125193009671696,0.0,406,0,0.0,False,False,False,False
B1_RL2_TC,ATTACK_DIVERSE_HIGH,11,r11-t008-4ede46ab,1789125193021155128,1789125193315801111,0.0,406,0,0.0,False,False,False,False
B1_RL2_TC,ATTACK_DIVERSE_HIGH,11,r11-t009-dd65356f,1789125193327548481,1789125193637786463,0.0,406,0,0.0,False,False,False,False
B1_RL2_TC,ATTACK_DIVERSE_HIGH,11,r11-t010-bbb9e1da,1789125193648600162,1789125193986212999,0.0,406,0,0.0,False,False,False,False
B1_RL2_TC,ATTACK_DIVERSE_HIGH,11,r11-t011-ee3b1740,1789125193997891467,1789125194346561706,0.0,406,0,0.0,False,False,False,False
B1_RL2_TC,ATTACK_DIVERSE_HIGH,11,r11-t012-68d91f84,1789125194358430221,1789125194679388148,0.0,406,0,0.0,False,False,False,False
B1_RL2_TC,ATTACK_DIVERSE_HIGH,11,r11-t013-c9ea44be,1789125194690496192,1789125194983936093,0.0,406,0,0.0,False,False,False,False
B1_RL2_TC,ATTACK_DIVERSE_HIGH,11,r11-t014-af3a174e,1789125194996216519,1789125195346314609,0.0,406,0,0.0,False,False,False,False
B1_RL2_TC,ATTACK_DIVERSE_HIGH,11,r11-t015-0ce8a4dd,1789125195358052848,1789125195707229786,0.0,406,0,0.0,False,False,False,False
B1_RL2_TC,ATTACK_DIVERSE_HIGH,11,r11-t016-aebd32b0,1789125195719755797,1789125196029693976,0.0,406,0,0.0,False,False,False,False
B1_RL2_TC,ATTACK_DIVERSE_HIGH,11,r11-t017-b914304a,1789125196039965018,1789125196384100564,0.0,406,0,0.0,False,False,False,False
B1_RL2_TC,ATTACK_DIVERSE_HIGH,11,r11-t018-ae3fcee7,1789125196395185922,1789125196709299595,0.0,406,0,0.0,False,False,False,False
B1_RL2_TC,ATTACK_DIVERSE_HIGH,11,r11-t019-b6b1122e,1789125196721484949,1789125197093402367,0.0,406,0,0.0,False,False,False,False
B1_RL2_TC,ATTACK_DIVERSE_HIGH,11,r11-t020-35fee174,1789125197105030853,1789125197452886212,0.0,406,0,0.0,False,False,False,False
B1_RL2_TC,ATTACK_DIVERSE_HIGH,11,r11-t021-8ee70f11,1789125199267891285,1789125201278572048,0.0,97,0,0.0,False,False,False,False
B1_RL2_TC,ATTACK_DIVERSE_HIGH,11,r11-t022-cf76b1c8,1789125201292146710,1789125201438995729,0.0,349,0,0.0,False,False,False,False
B1_RL2_TC,ATTACK_DIVERSE_HIGH,11,r11-t023-e87193f5,1789125201450508592,1789125201787840806,0.0,381,0,0.0,False,False,False,False
B1_RL2_TC,ATTACK_DIVERSE_HIGH,11,r11-t024-d593e918,1789125201799971281,1789125202128783577,0.0,402,0,0.0,False,False,False,False
B1_RL2_TC,ATTACK_DIVERSE_HIGH,11,r11-t025-dc2ca104,1789125202142567006,1789125202483208812,0.0,403,0,0.0,False,False,False,False
B1_RL2_TC,ATTACK_DIVERSE_HIGH,11,r11-t026-254df7fa,1789125202495455102,1789125202833148362,0.0,404,0,0.0,False,False,False,False
B1_RL2_TC,ATTACK_DIVERSE_HIGH,11,r11-t027-4fc98ed0,1789125202843821144,1789125203201148636,0.0,405,0,0.0,False,False,False,False
B1_RL2_TC,ATTACK_DIVERSE_HIGH,11,r11-t028-fdebc0c9,1789125203213626366,1789125203498996441,0.0,406,0,0.0,False,False,False,False
B1_RL2_TC,ATTACK_DIVERSE_HIGH,11,r11-t029-8c82d54d,1789125203511613602,1789125203877567946,0.0,406,0,0.0,False,False,False,False
B1_RL2_TC,ATTACK_DIVERSE_HIGH,11,r11-t030-ccc004c5,1789125203888609426,1789125204199529053,0.0,406,0,0.0,False,False,False,False
B1_RL2_TC,ATTACK_DIVERSE_HIGH,11,r11-t031-327d1c3a,1789125204211567709,1789125204613891564,0.0,406,0,0.0,False,False,False,False
B1_RL2_TC,ATTACK_DIVERSE_HIGH,11,r11-t032-c0d31111,1789125204626100257,1789125204923457882,0.0,406,0,0.0,False,False,False,False
B1_RL2_TC,ATTACK_DIVERSE_HIGH,11,r11-t033-aaffb955,1789125204934898855,1789125205286023568,0.0,406,0,0.0,False,False,False,False
B1_RL2_TC,ATTACK_DIVERSE_HIGH,11,r11-t034-acf092bb,1789125205299004893,1789125205593465361,0.0,406,0,0.0,False,False,False,False
B1_RL2_TC,ATTACK_DIVERSE_HIGH,11,r11-t035-32e85c9c,1789125205604542455,1789125205928276014,0.0,406,0,0.0,False,False,False,False
B1_RL2_TC,ATTACK_DIVERSE_HIGH,11,r11-t036-ab6453e5,1789125205939125257,1789125206282977182,0.0,406,0,0.0,False,False,False,False
B1_RL2_TC,ATTACK_DIVERSE_HIGH,11,r11-t037-d1f4f06c,1789125206294660647,1789125206624209678,0.0,406,0,0.0,False,False,False,False
B1_RL2_TC,ATTACK_DIVERSE_HIGH,11,r11-t038-af7e81d7,1789125206635413072,1789125206989883272,0.0,406,0,0.0,False,False,False,False
B1_RL2_TC,ATTACK_DIVERSE_HIGH,11,r11-t039-ce7a9a78,1789125207002481446,1789125207291309233,0.0,406,0,0.0,False,False,False,False
B1_RL2_TC,ATTACK_DIVERSE_HIGH,11,r11-t040-c453df4b,1789125207302446876,1789125207630619023,0.0,406,0,0.0,False,False,False,False
B1_RL2_TC,ATTACK_DIVERSE_HIGH,11,r11-t041-f9bbf024,1789125207643479441,1789125207971497199,0.0,406,0,0.0,False,False,False,False
B1_RL2_TC,ATTACK_DIVERSE_HIGH,11,r11-t042-1918d9b2,1789125207982381342,1789125208315951023,0.0,406,0,0.0,False,False,False,False
B1_RL2_TC,ATTACK_DIVERSE_HIGH,11,r11-t043-3b584640,1789125208328587973,1789125208637765099,0.0,406,0,0.0,False,False,False,False
B1_RL2_TC,ATTACK_DIVERSE_HIGH,11,r11-t044-9744d9da,1789125208648327409,1789125209019828460,0.0,406,0,0.0,False,False,False,False
B1_RL2_TC,ATTACK_DIVERSE_HIGH,11,r11-t045-00af6fc7,1789125209033368971,1789125209338709518,0.0,406,0,0.0,False,False,False,False
B1_RL2_TC,ATTACK_DIVERSE_HIGH,11,r11-t046-83a75bc0,1789125209352791280,1789125209690514665,0.0,406,0,0.0,False,False,False,False
B1_RL2_TC,ATTACK_DIVERSE_HIGH,11,r11-t047-f44c3b0d,1789125209703229838,1789125210032925571,0.0,406,0,0.0,False,False,False,False
B1_RL2_TC,ATTACK_DIVERSE_HIGH,11,r11-t048-54465792,1789125210044024803,1789125210382644030,0.0,406,0,0.0,False,False,False,False
B1_RL2_TC,ATTACK_DIVERSE_HIGH,11,r11-t049-b53707fa,1789125210393512641,1789125210762502568,0.0,406,0,0.0,False,False,False,False
RFC_DROP_NATIVE,ATTACK_DIVERSE_MODERATE,11,r11-t000-ac9b4c6d,1789125222947845684,1789125224969504283,0.0,24,0,0.0,False,False,False,False
RFC_DROP_NATIVE,ATTACK_DIVERSE_MODERATE,11,r11-t001-27922a58,1789125222953558183,1789125224965676777,0.0,24,0,0.0,False,False,False,False
RFC_DROP_NATIVE,ATTACK_DIVERSE_MODERATE,11,r11-t002-26318c8f,1789125222962803465,1789125224973241343,0.0,24,0,0.0,False,False,False,False
RFC_DROP_NATIVE,ATTACK_DIVERSE_MODERATE,11,r11-t003-7813d195,1789125222972047902,1789125224982608305,0.0,24,0,0.0,False,False,False,False
RFC_DROP_NATIVE,ATTACK_DIVERSE_MODERATE,11,r11-t004-7c498113,1789125222982242705,1789125225002578631,0.0,24,0,0.0,False,False,False,False
RFC_DROP_NATIVE,ATTACK_DIVERSE_MODERATE,11,r11-t005-6de2c87c,1789125222992071644,1789125225002247155,0.0,24,0,0.0,False,False,False,False
RFC_DROP_NATIVE,ATTACK_DIVERSE_MODERATE,11,r11-t006-2bda0b5b,1789125223001996265,1789125225010678222,0.0,24,0,0.0,False,False,False,False
RFC_DROP_NATIVE,ATTACK_DIVERSE_MODERATE,11,r11-t007-1234dfb3,1789125223012051058,1789125225022432170,0.0,24,0,0.0,False,False,False,False
RFC_DROP_NATIVE,ATTACK_DIVERSE_MODERATE,11,r11-t008-8cfbe143,1789125223022133872,1789125225032484932,0.0,24,0,0.0,False,False,False,False
RFC_DROP_NATIVE,ATTACK_DIVERSE_MODERATE,11,r11-t009-02174ff5,1789125223032090170,1789125225042146832,0.0,24,0,0.0,False,False,False,False
RFC_DROP_NATIVE,ATTACK_DIVERSE_MODERATE,11,r11-t010-eaf9a219,1789125223042071488,1789125225050476786,0.0,24,0,0.0,False,False,False,False
RFC_DROP_NATIVE,ATTACK_DIVERSE_MODERATE,11,r11-t011-fab05a5c,1789125223051982803,1789125225062570801,0.0,24,0,0.0,False,False,False,False
RFC_DROP_NATIVE,ATTACK_DIVERSE_MODERATE,11,r11-t012-c731a50f,1789125223062664363,1789125225072924165,0.0,24,0,0.0,False,False,False,False
RFC_DROP_NATIVE,ATTACK_DIVERSE_MODERATE,11,r11-t013-2e93dea9,1789125223072129124,1789125225082393185,0.0,24,0,0.0,False,False,False,False
RFC_DROP_NATIVE,ATTACK_DIVERSE_MODERATE,11,r11-t014-0956ed52,1789125223082640497,1789125225092752308,0.0,24,0,0.0,False,False,False,False
RFC_DROP_NATIVE,ATTACK_DIVERSE_MODERATE,11,r11-t015-c6d965a6,1789125223092098326,1789125225101476050,0.0,24,0,0.0,False,False,False,False
RFC_DROP_NATIVE,ATTACK_DIVERSE_MODERATE,11,r11-t016-dcf3f56c,1789125223102147027,1789125225121832610,0.0,24,0,0.0,False,False,False,False
RFC_DROP_NATIVE,ATTACK_DIVERSE_MODERATE,11,r11-t017-f5c90b31,1789125223112137811,1789125225122446280,0.0,24,0,0.0,False,False,False,False
RFC_DROP_NATIVE,ATTACK_DIVERSE_MODERATE,11,r11-t018-205d55ce,1789125223122461846,1789125225133364503,0.0,24,0,0.0,False,False,False,False
RFC_DROP_NATIVE,ATTACK_DIVERSE_MODERATE,11,r11-t019-cfa6a99a,1789125223132338301,1789125225142517152,0.0,24,0,0.0,False,False,False,False
RFC_DROP_NATIVE,ATTACK_DIVERSE_MODERATE,11,r11-t020-1ec43552,1789125223142605731,1789125225153665456,0.0,25,0,0.0,False,False,False,False
RFC_DROP_NATIVE,ATTACK_DIVERSE_MODERATE,11,r11-t021-26aa9399,1789125223153069871,1789125225162529680,0.0,25,0,0.0,False,False,False,False
RFC_DROP_NATIVE,ATTACK_DIVERSE_MODERATE,11,r11-t022-93377f04,1789125223162790944,1789125225173498036,0.0,25,0,0.0,False,False,False,False
RFC_DROP_NATIVE,ATTACK_DIVERSE_MODERATE,11,r11-t023-2b36fdea,1789125223172184203,1789125225182375478,0.0,25,0,0.0,False,False,False,False
RFC_DROP_NATIVE,ATTACK_DIVERSE_MODERATE,11,r11-t024-3175870e,1789125223182757707,1789125225193761318,0.0,25,0,0.0,False,False,False,False
RFC_DROP_NATIVE,ATTACK_DIVERSE_MODERATE,11,r11-t025-9eba5591,1789125223192592738,1789125225202541611,0.0,25,0,0.0,False,False,False,False
RFC_DROP_NATIVE,ATTACK_DIVERSE_MODERATE,11,r11-t026-c6b85942,1789125223202683799,1789125225213528284,0.0,25,0,0.0,False,False,False,False
RFC_DROP_NATIVE,ATTACK_DIVERSE_MODERATE,11,r11-t027-785d8cf6,1789125223212401684,1789125225222543564,0.0,25,0,0.0,False,False,False,False
RFC_DROP_NATIVE,ATTACK_DIVERSE_MODERATE,11,r11-t028-71f98eb3,1789125223222484781,1789125225250589030,0.0,25,0,0.0,False,False,False,False
RFC_DROP_NATIVE,ATTACK_DIVERSE_MODERATE,11,r11-t029-0622ae59,1789125223243448299,1789125225253661155,0.0,25,0,0.0,False,False,False,False
RFC_DROP_NATIVE,ATTACK_DIVERSE_MODERATE,11,r11-t030-3081d8a8,1789125223245588000,1789125225256977143,0.0,25,0,0.0,False,False,False,False
RFC_DROP_NATIVE,ATTACK_DIVERSE_MODERATE,11,r11-t031-d97fa30c,1789125223252763117,1789125225262315787,0.0,25,0,0.0,False,False,False,False
RFC_DROP_NATIVE,ATTACK_DIVERSE_MODERATE,11,r11-t032-2ce2b523,1789125223262323187,1789125225273555386,0.0,25,0,0.0,False,False,False,False
RFC_DROP_NATIVE,ATTACK_DIVERSE_MODERATE,11,r11-t033-25993307,1789125223272408528,1789125225282281204,0.0,25,0,0.0,False,False,False,False
RFC_DROP_NATIVE,ATTACK_DIVERSE_MODERATE,11,r11-t034-775e1253,1789125223282340178,1789125225302966879,0.0,25,0,0.0,False,False,False,False
RFC_DROP_NATIVE,ATTACK_DIVERSE_MODERATE,11,r11-t035-24afeb41,1789125223292163029,1789125225312675419,0.0,25,0,0.0,False,False,False,False
RFC_DROP_NATIVE,ATTACK_DIVERSE_MODERATE,11,r11-t036-4377484f,1789125223302290824,1789125225312801645,0.0,25,0,0.0,False,False,False,False
RFC_DROP_NATIVE,ATTACK_DIVERSE_MODERATE,11,r11-t037-bd93062b,1789125223312198765,1789125225322636223,0.0,25,0,0.0,False,False,False,False
RFC_DROP_NATIVE,ATTACK_DIVERSE_MODERATE,11,r11-t038-e03c75d6,1789125223322330027,1789125225342574827,0.0,25,0,0.0,False,False,False,False
RFC_DROP_NATIVE,ATTACK_DIVERSE_MODERATE,11,r11-t039-797817e2,1789125223332410218,1789125225352429136,0.0,25,0,0.0,False,False,False,False
RFC_DROP_NATIVE,ATTACK_DIVERSE_MODERATE,11,r11-t040-0174e6c3,1789125223342288732,1789125225362590376,0.0,25,0,0.0,False,False,False,False
RFC_DROP_NATIVE,ATTACK_DIVERSE_MODERATE,11,r11-t041-ba6df531,1789125223352598617,1789125225362388432,0.0,25,0,0.0,False,False,False,False
RFC_DROP_NATIVE,ATTACK_DIVERSE_MODERATE,11,r11-t042-20b7af0e,1789125223362297521,1789125225382711947,0.0,25,0,0.0,False,False,False,False
RFC_DROP_NATIVE,ATTACK_DIVERSE_MODERATE,11,r11-t043-d9240cf2,1789125223372393334,1789125225382507737,0.0,25,0,0.0,False,False,False,False
RFC_DROP_NATIVE,ATTACK_DIVERSE_MODERATE,11,r11-t044-f5822425,1789125223382453082,1789125225393378756,0.0,25,0,0.0,False,False,False,False
RFC_DROP_NATIVE,ATTACK_DIVERSE_MODERATE,11,r11-t045-e30c08be,1789125223392222798,1789125225400278669,0.0,25,0,0.0,False,False,False,False
RFC_DROP_NATIVE,ATTACK_DIVERSE_MODERATE,11,r11-t046-b9120aec,1789125223402496009,1789125225412839736,0.0,25,0,0.0,False,False,False,False
RFC_DROP_NATIVE,ATTACK_DIVERSE_MODERATE,11,r11-t047-9a20abeb,1789125223412245145,1789125225422368706,0.0,25,0,0.0,False,False,False,False
RFC_DROP_NATIVE,ATTACK_DIVERSE_MODERATE,11,r11-t048-539302e3,1789125223422330100,1789125225432158438,0.0,26,0,0.0,False,False,False,False
RFC_DROP_NATIVE,ATTACK_DIVERSE_MODERATE,11,r11-t049-47d61785,1789125223432283068,1789125225442354986,0.0,26,0,0.0,False,False,False,False
B5_LOCKED_TC,BENIGN_DIVERSE_MODERATE,11,r11-t000-ac9b4c6d,1789125256485209493,1789125256871641476,0.0,24,0,0.0,False,False,False,False
B5_LOCKED_TC,BENIGN_DIVERSE_MODERATE,11,r11-t001-27922a58,1789125256882995654,1789125257209730444,0.0,25,0,0.0,False,False,False,False
B5_LOCKED_TC,BENIGN_DIVERSE_MODERATE,11,r11-t002-26318c8f,1789125257220441601,1789125257552094182,0.0,26,0,0.0,False,False,False,False
B5_LOCKED_TC,BENIGN_DIVERSE_MODERATE,11,r11-t003-7813d195,1789125257562355533,1789125257901923025,0.0,27,0,0.0,False,False,False,False
B5_LOCKED_TC,BENIGN_DIVERSE_MODERATE,11,r11-t004-7c498113,1789125257912241120,1789125258241800961,0.0,28,0,0.0,False,False,False,False
B5_LOCKED_TC,BENIGN_DIVERSE_MODERATE,11,r11-t005-6de2c87c,1789125258253388117,1789125258599834087,0.0,29,0,0.0,False,False,False,False
B5_LOCKED_TC,BENIGN_DIVERSE_MODERATE,11,r11-t006-2bda0b5b,1789125258610767214,1789125258948772102,0.0,30,0,0.0,False,False,False,False
B5_LOCKED_TC,BENIGN_DIVERSE_MODERATE,11,r11-t007-1234dfb3,1789125258958705825,1789125259278637856,0.0,30,0,0.0,False,False,False,False
B5_LOCKED_TC,BENIGN_DIVERSE_MODERATE,11,r11-t008-8cfbe143,1789125259290452084,1789125259654346060,0.0,30,0,0.0,False,False,False,False
B5_LOCKED_TC,BENIGN_DIVERSE_MODERATE,11,r11-t009-02174ff5,1789125259664650558,1789125260021045074,0.0,30,0,0.0,False,False,False,False
B5_LOCKED_TC,BENIGN_DIVERSE_MODERATE,11,r11-t010-eaf9a219,1789125260030714524,1789125260378365163,0.0,30,0,0.0,False,False,False,False
B5_LOCKED_TC,BENIGN_DIVERSE_MODERATE,11,r11-t011-fab05a5c,1789125260389678414,1789125260721685547,0.0,30,0,0.0,False,False,False,False
B5_LOCKED_TC,BENIGN_DIVERSE_MODERATE,11,r11-t012-c731a50f,1789125260732695624,1789125261080170458,0.0,30,0,0.0,False,False,False,False
B5_LOCKED_TC,BENIGN_DIVERSE_MODERATE,11,r11-t013-2e93dea9,1789125262974281456,1789125264994442911,0.0,7,0,0.0,False,False,False,False
B5_LOCKED_TC,BENIGN_DIVERSE_MODERATE,11,r11-t014-0956ed52,1789125265005510395,1789125265334259948,0.0,21,0,0.0,False,False,False,False
B5_LOCKED_TC,BENIGN_DIVERSE_MODERATE,11,r11-t015-c6d965a6,1789125265345582169,1789125265688512800,0.0,25,0,0.0,False,False,False,False
B5_LOCKED_TC,BENIGN_DIVERSE_MODERATE,11,r11-t016-dcf3f56c,1789125265699509942,1789125266054843965,0.0,26,0,0.0,False,False,False,False
B5_LOCKED_TC,BENIGN_DIVERSE_MODERATE,11,r11-t017-f5c90b31,1789125266066625620,1789125266403816632,0.0,27,0,0.0,False,False,False,False
B5_LOCKED_TC,BENIGN_DIVERSE_MODERATE,11,r11-t018-205d55ce,1789125266413925310,1789125266768813590,0.0,28,0,0.0,False,False,False,False
B5_LOCKED_TC,BENIGN_DIVERSE_MODERATE,11,r11-t019-cfa6a99a,1789125266779981249,1789125267120704502,0.0,29,0,0.0,False,False,False,False
B5_LOCKED_TC,BENIGN_DIVERSE_MODERATE,11,r11-t020-1ec43552,1789125267131704572,1789125267484121465,0.0,30,0,0.0,False,False,False,False
B5_LOCKED_TC,BENIGN_DIVERSE_MODERATE,11,r11-t021-26aa9399,1789125267494268538,1789125267835890112,0.0,30,0,0.0,False,False,False,False
B5_LOCKED_TC,BENIGN_DIVERSE_MODERATE,11,r11-t022-93377f04,1789125267849042178,1789125268175411201,0.0,30,0,0.0,False,False,False,False
B5_LOCKED_TC,BENIGN_DIVERSE_MODERATE,11,r11-t023-2b36fdea,1789125268185608944,1789125268517864438,0.0,30,0,0.0,False,False,False,False
B5_LOCKED_TC,BENIGN_DIVERSE_MODERATE,11,r11-t024-3175870e,1789125268529944230,1789125268874087121,0.0,30,0,0.0,False,False,False,False
B5_LOCKED_TC,BENIGN_DIVERSE_MODERATE,11,r11-t025-9eba5591,1789125268884074070,1789125269245000550,0.0,30,0,0.0,False,False,False,False
B5_LOCKED_TC,BENIGN_DIVERSE_MODERATE,11,r11-t026-c6b85942,1789125269255993725,1789125269592995573,0.0,30,0,0.0,False,False,False,False
B5_LOCKED_TC,BENIGN_DIVERSE_MODERATE,11,r11-t027-785d8cf6,1789125269603962610,1789125269922834108,0.0,30,0,0.0,False,False,False,False
B5_LOCKED_TC,BENIGN_DIVERSE_MODERATE,11,r11-t028-71f98eb3,1789125269933104224,1789125270254793227,0.0,30,0,0.0,False,False,False,False
B5_LOCKED_TC,BENIGN_DIVERSE_MODERATE,11,r11-t029-0622ae59,1789125270264881044,1789125270605264746,0.0,30,0,0.0,False,False,False,False
B5_LOCKED_TC,BENIGN_DIVERSE_MODERATE,11,r11-t030-3081d8a8,1789125270617446538,1789125270949558231,0.0,30,0,0.0,False,False,False,False
B5_LOCKED_TC,BENIGN_DIVERSE_MODERATE,11,r11-t031-d97fa30c,1789125270960282488,1789125271311849589,0.0,30,0,0.0,False,False,False,False
B5_LOCKED_TC,BENIGN_DIVERSE_MODERATE,11,r11-t032-2ce2b523,1789125271321832480,1789125271627802431,0.0,30,0,0.0,False,False,False,False
B5_LOCKED_TC,BENIGN_DIVERSE_MODERATE,11,r11-t033-25993307,1789125271637899024,1789125271984506052,0.0,30,0,0.0,False,False,False,False
B5_LOCKED_TC,BENIGN_DIVERSE_MODERATE,11,r11-t034-775e1253,1789125271994947237,1789125272325790771,0.0,30,0,0.0,False,False,False,False
B5_LOCKED_TC,BENIGN_DIVERSE_MODERATE,11,r11-t035-24afeb41,1789125272337663920,1789125272662518794,0.0,30,0,0.0,False,False,False,False
B5_LOCKED_TC,BENIGN_DIVERSE_MODERATE,11,r11-t036-4377484f,1789125272672857884,1789125273033616126,0.0,30,0,0.0,False,False,False,False
B5_LOCKED_TC,BENIGN_DIVERSE_MODERATE,11,r11-t037-bd93062b,1789125273046542867,1789125273374518038,0.0,30,0,0.0,False,False,False,False
B5_LOCKED_TC,BENIGN_DIVERSE_MODERATE,11,r11-t038-e03c75d6,1789125273384511686,1789125273731967457,0.0,30,0,0.0,False,False,False,False
B5_LOCKED_TC,BENIGN_DIVERSE_MODERATE,11,r11-t039-797817e2,1789125273743173690,1789125274084820552,0.0,30,0,0.0,False,False,False,False
B5_LOCKED_TC,BENIGN_DIVERSE_MODERATE,11,r11-t040-0174e6c3,1789125274094946677,1789125274427598094,0.0,30,0,0.0,False,False,False,False
B5_LOCKED_TC,BENIGN_DIVERSE_MODERATE,11,r11-t041-ba6df531,1789125274437844337,1789125274789907284,0.0,30,0,0.0,False,False,False,False
B5_LOCKED_TC,BENIGN_DIVERSE_MODERATE,11,r11-t042-20b7af0e,1789125274800159000,1789125275146205924,0.0,30,0,0.0,False,False,False,False
B5_LOCKED_TC,BENIGN_DIVERSE_MODERATE,11,r11-t043-d9240cf2,1789125275156011987,1789125275495476185,0.0,30,0,0.0,False,False,False,False
B5_LOCKED_TC,BENIGN_DIVERSE_MODERATE,11,r11-t044-f5822425,1789125275505822338,1789125275866447821,0.0,30,0,0.0,False,False,False,False
B5_LOCKED_TC,BENIGN_DIVERSE_MODERATE,11,r11-t045-e30c08be,1789125275878316330,1789125276216526940,0.0,30,0,0.0,False,False,False,False
B5_LOCKED_TC,BENIGN_DIVERSE_MODERATE,11,r11-t046-b9120aec,1789125276228110286,1789125276581427213,0.0,30,0,0.0,False,False,False,False
B5_LOCKED_TC,BENIGN_DIVERSE_MODERATE,11,r11-t047-9a20abeb,1789125276591814625,1789125276938012637,0.0,30,0,0.0,False,False,False,False
B5_LOCKED_TC,BENIGN_DIVERSE_MODERATE,11,r11-t048-539302e3,1789125276949493821,1789125277271760780,0.0,30,0,0.0,False,False,False,False
B5_LOCKED_TC,BENIGN_DIVERSE_MODERATE,11,r11-t049-47d61785,1789125277284199516,1789125277625665712,0.0,30,0,0.0,False,False,False,False
RFC_DROP_NATIVE,BENIGN_DIVERSE_HIGH,11,r11-t000-a9c9f5a5,1789125289583790385,1789125291595428790,0.0,400,0,0.0,False,False,False,False
RFC_DROP_NATIVE,BENIGN_DIVERSE_HIGH,11,r11-t001-dad46219,1789125289591539137,1789125291611511258,0.0,400,0,0.0,False,False,False,False
RFC_DROP_NATIVE,BENIGN_DIVERSE_HIGH,11,r11-t002-30421d26,1789125289600953295,1789125291608863971,0.0,400,0,0.0,False,False,False,False
RFC_DROP_NATIVE,BENIGN_DIVERSE_HIGH,11,r11-t003-3ef12354,1789125289610813988,1789125291623300257,0.0,400,0,0.0,False,False,False,False
RFC_DROP_NATIVE,BENIGN_DIVERSE_HIGH,11,r11-t004-55a144cb,1789125289621101552,1789125291633210320,0.0,400,0,0.0,False,False,False,False
RFC_DROP_NATIVE,BENIGN_DIVERSE_HIGH,11,r11-t005-aa7a2da0,1789125289631375658,1789125291642205332,0.0,400,0,0.0,False,False,False,False
RFC_DROP_NATIVE,BENIGN_DIVERSE_HIGH,11,r11-t006-9bf07a0a,1789125289641208589,1789125291651996184,0.0,400,0,0.0,False,False,False,False
RFC_DROP_NATIVE,BENIGN_DIVERSE_HIGH,11,r11-t007-d18b707e,1789125289651242439,1789125291663310797,0.0,400,0,0.0,False,False,False,False
RFC_DROP_NATIVE,BENIGN_DIVERSE_HIGH,11,r11-t008-4ede46ab,1789125289661441732,1789125291672420108,0.0,400,0,0.0,False,False,False,False
RFC_DROP_NATIVE,BENIGN_DIVERSE_HIGH,11,r11-t009-dd65356f,1789125289670723574,1789125291683170974,0.0,400,0,0.0,False,False,False,False
RFC_DROP_NATIVE,BENIGN_DIVERSE_HIGH,11,r11-t010-bbb9e1da,1789125289681093668,1789125291693298581,0.0,400,0,0.0,False,False,False,False
RFC_DROP_NATIVE,BENIGN_DIVERSE_HIGH,11,r11-t011-ee3b1740,1789125289691232166,1789125291701398382,0.0,400,0,0.0,False,False,False,False
RFC_DROP_NATIVE,BENIGN_DIVERSE_HIGH,11,r11-t012-68d91f84,1789125289701007882,1789125291712281022,0.0,400,0,0.0,False,False,False,False
RFC_DROP_NATIVE,BENIGN_DIVERSE_HIGH,11,r11-t013-c9ea44be,1789125289711124170,1789125291721315708,0.0,400,0,0.0,False,False,False,False
RFC_DROP_NATIVE,BENIGN_DIVERSE_HIGH,11,r11-t014-af3a174e,1789125289721623380,1789125291731478079,0.0,400,0,0.0,False,False,False,False
RFC_DROP_NATIVE,BENIGN_DIVERSE_HIGH,11,r11-t015-0ce8a4dd,1789125289731050713,1789125291741271764,0.0,400,0,0.0,False,False,False,False
RFC_DROP_NATIVE,BENIGN_DIVERSE_HIGH,11,r11-t016-aebd32b0,1789125289740916300,1789125291752170463,0.0,400,0,0.0,False,False,False,False
RFC_DROP_NATIVE,BENIGN_DIVERSE_HIGH,11,r11-t017-b914304a,1789125289751064210,1789125291761953002,0.0,400,0,0.0,False,False,False,False
RFC_DROP_NATIVE,BENIGN_DIVERSE_HIGH,11,r11-t018-ae3fcee7,1789125289761061923,1789125291773088042,0.0,400,0,0.0,False,False,False,False
RFC_DROP_NATIVE,BENIGN_DIVERSE_HIGH,11,r11-t019-b6b1122e,1789125289770687349,1789125291781120681,0.0,400,0,0.0,False,False,False,False
RFC_DROP_NATIVE,BENIGN_DIVERSE_HIGH,11,r11-t020-35fee174,1789125289781374583,1789125291791801455,0.0,400,0,0.0,False,False,False,False
RFC_DROP_NATIVE,BENIGN_DIVERSE_HIGH,11,r11-t021-8ee70f11,1789125289791117174,1789125291801262165,0.0,400,0,0.0,False,False,False,False
RFC_DROP_NATIVE,BENIGN_DIVERSE_HIGH,11,r11-t022-cf76b1c8,1789125289801054471,1789125291812737645,0.0,400,0,0.0,False,False,False,False
RFC_DROP_NATIVE,BENIGN_DIVERSE_HIGH,11,r11-t023-e87193f5,1789125289811135751,1789125291833460161,0.0,400,0,0.0,False,False,False,False
RFC_DROP_NATIVE,BENIGN_DIVERSE_HIGH,11,r11-t024-d593e918,1789125289821711282,1789125291835557588,0.0,400,0,0.0,False,False,False,False
RFC_DROP_NATIVE,BENIGN_DIVERSE_HIGH,11,r11-t025-dc2ca104,1789125289830978068,1789125291841158595,0.0,400,0,0.0,False,False,False,False
RFC_DROP_NATIVE,BENIGN_DIVERSE_HIGH,11,r11-t026-254df7fa,1789125289842373455,1789125291853300408,0.0,400,0,0.0,False,False,False,False
RFC_DROP_NATIVE,BENIGN_DIVERSE_HIGH,11,r11-t027-4fc98ed0,1789125289851293552,1789125291863835806,0.0,400,0,0.0,False,False,False,False
RFC_DROP_NATIVE,BENIGN_DIVERSE_HIGH,11,r11-t028-fdebc0c9,1789125289861174292,1789125291895407902,0.0,400,0,0.0,False,False,False,False
RFC_DROP_NATIVE,BENIGN_DIVERSE_HIGH,11,r11-t029-8c82d54d,1789125289885456282,1789125291897252170,0.0,400,0,0.0,False,False,False,False
RFC_DROP_NATIVE,BENIGN_DIVERSE_HIGH,11,r11-t030-ccc004c5,1789125289887281200,1789125291899926095,0.0,400,0,0.0,False,False,False,False
RFC_DROP_NATIVE,BENIGN_DIVERSE_HIGH,11,r11-t031-327d1c3a,1789125289891102782,1789125291901002674,0.0,400,0,0.0,False,False,False,False
RFC_DROP_NATIVE,BENIGN_DIVERSE_HIGH,11,r11-t032-c0d31111,1789125289901315341,1789125291912112304,0.0,400,0,0.0,False,False,False,False
RFC_DROP_NATIVE,BENIGN_DIVERSE_HIGH,11,r11-t033-aaffb955,1789125289911218479,1789125291921428866,0.0,400,0,0.0,False,False,False,False
RFC_DROP_NATIVE,BENIGN_DIVERSE_HIGH,11,r11-t034-acf092bb,1789125289921536437,1789125291931995625,0.0,400,0,0.0,False,False,False,False
RFC_DROP_NATIVE,BENIGN_DIVERSE_HIGH,11,r11-t035-32e85c9c,1789125289931085827,1789125291941345626,0.0,400,0,0.0,False,False,False,False
RFC_DROP_NATIVE,BENIGN_DIVERSE_HIGH,11,r11-t036-ab6453e5,1789125289940880364,1789125291950591811,0.0,400,0,0.0,False,False,False,False
RFC_DROP_NATIVE,BENIGN_DIVERSE_HIGH,11,r11-t037-d1f4f06c,1789125289950693721,1789125291971543964,0.0,400,0,0.0,False,False,False,False
RFC_DROP_NATIVE,BENIGN_DIVERSE_HIGH,11,r11-t038-af7e81d7,1789125289961141643,1789125291981557652,0.0,401,0,0.0,False,False,False,False
RFC_DROP_NATIVE,BENIGN_DIVERSE_HIGH,11,r11-t039-ce7a9a78,1789125289970787397,1789125291981304684,0.0,401,0,0.0,False,False,False,False
RFC_DROP_NATIVE,BENIGN_DIVERSE_HIGH,11,r11-t040-c453df4b,1789125289980550221,1789125291992449454,0.0,401,0,0.0,False,False,False,False
RFC_DROP_NATIVE,BENIGN_DIVERSE_HIGH,11,r11-t041-f9bbf024,1789125289991128762,1789125292001064448,0.0,401,0,0.0,False,False,False,False
RFC_DROP_NATIVE,BENIGN_DIVERSE_HIGH,11,r11-t042-1918d9b2,1789125290000770940,1789125292012771266,0.0,401,0,0.0,False,False,False,False
RFC_DROP_NATIVE,BENIGN_DIVERSE_HIGH,11,r11-t043-3b584640,1789125290010798580,1789125292024034113,0.0,401,0,0.0,False,False,False,False
RFC_DROP_NATIVE,BENIGN_DIVERSE_HIGH,11,r11-t044-9744d9da,1789125290021002670,1789125292041852502,0.0,401,0,0.0,False,False,False,False
RFC_DROP_NATIVE,BENIGN_DIVERSE_HIGH,11,r11-t045-00af6fc7,1789125290031067106,1789125292041562599,0.0,401,0,0.0,False,False,False,False
RFC_DROP_NATIVE,BENIGN_DIVERSE_HIGH,11,r11-t046-83a75bc0,1789125290040790875,1789125292062076546,0.0,401,0,0.0,False,False,False,False
RFC_DROP_NATIVE,BENIGN_DIVERSE_HIGH,11,r11-t047-f44c3b0d,1789125290050796212,1789125292061157340,0.0,401,0,0.0,False,False,False,False
RFC_DROP_NATIVE,BENIGN_DIVERSE_HIGH,11,r11-t048-54465792,1789125290061279140,1789125292071976311,0.0,401,0,0.0,False,False,False,False
RFC_DROP_NATIVE,BENIGN_DIVERSE_HIGH,11,r11-t049-b53707fa,1789125290070899014,1789125292080995129,0.0,401,0,0.0,False,False,False,False
B5_LOCKED_TC,ATTACK_DIVERSE_MODERATE,11,r11-t000-ac9b4c6d,1789125324686036144,1789125324835264425,0.0,24,0,0.0,False,False,False,False
B5_LOCKED_TC,ATTACK_DIVERSE_MODERATE,11,r11-t001-27922a58,1789125325617628188,1789125325896530655,0.0,16,0,0.0,False,False,False,False
B5_LOCKED_TC,ATTACK_DIVERSE_MODERATE,11,r11-t002-26318c8f,1789125326976651952,1789125327267102935,0.0,4,0,0.0,False,False,False,False
B5_LOCKED_TC,ATTACK_DIVERSE_MODERATE,11,r11-t003-7813d195,1789125327277890615,1789125327592937696,0.0,9,0,0.0,False,False,False,False
B5_LOCKED_TC,ATTACK_DIVERSE_MODERATE,11,r11-t004-7c498113,1789125327603387177,1789125327911598614,0.0,13,0,0.0,False,False,False,False
B5_LOCKED_TC,ATTACK_DIVERSE_MODERATE,11,r11-t005-6de2c87c,1789125327922781157,1789125328255395841,0.0,14,0,0.0,False,False,False,False
B5_LOCKED_TC,ATTACK_DIVERSE_MODERATE,11,r11-t006-2bda0b5b,1789125328266029484,1789125328569115912,0.0,19,0,0.0,False,False,False,False
B5_LOCKED_TC,ATTACK_DIVERSE_MODERATE,11,r11-t007-1234dfb3,1789125328580186163,1789125328912777519,0.0,24,0,0.0,False,False,False,False
B5_LOCKED_TC,ATTACK_DIVERSE_MODERATE,11,r11-t008-8cfbe143,1789125328922868026,1789125329234987488,0.0,29,0,0.0,False,False,False,False
B5_LOCKED_TC,ATTACK_DIVERSE_MODERATE,11,r11-t009-02174ff5,1789125329245438479,1789125329589719817,0.0,31,0,0.0,False,False,False,False
B5_LOCKED_TC,ATTACK_DIVERSE_MODERATE,11,r11-t010-eaf9a219,1789125329600033680,1789125329904260499,0.0,30,0,0.0,False,False,False,False
B5_LOCKED_TC,ATTACK_DIVERSE_MODERATE,11,r11-t011-fab05a5c,1789125329913967569,1789125330246204105,0.0,30,0,0.0,False,False,False,False
B5_LOCKED_TC,ATTACK_DIVERSE_MODERATE,11,r11-t012-c731a50f,1789125330257915998,1789125330578134555,0.0,30,0,0.0,False,False,False,False
B5_LOCKED_TC,ATTACK_DIVERSE_MODERATE,11,r11-t013-2e93dea9,1789125330590173311,1789125330888042742,0.0,30,0,0.0,False,False,False,False
B5_LOCKED_TC,ATTACK_DIVERSE_MODERATE,11,r11-t014-0956ed52,1789125330898274440,1789125331250211370,0.0,30,0,0.0,False,False,False,False
B5_LOCKED_TC,ATTACK_DIVERSE_MODERATE,11,r11-t015-c6d965a6,1789125331261212679,1789125331575708028,0.0,30,0,0.0,False,False,False,False
B5_LOCKED_TC,ATTACK_DIVERSE_MODERATE,11,r11-t016-dcf3f56c,1789125331586507984,1789125331906899842,0.0,30,0,0.0,False,False,False,False
B5_LOCKED_TC,ATTACK_DIVERSE_MODERATE,11,r11-t017-f5c90b31,1789125331917289635,1789125332262386105,0.0,30,0,0.0,False,False,False,False
B5_LOCKED_TC,ATTACK_DIVERSE_MODERATE,11,r11-t018-205d55ce,1789125332273330182,1789125332591269088,0.0,30,0,0.0,False,False,False,False
B5_LOCKED_TC,ATTACK_DIVERSE_MODERATE,11,r11-t019-cfa6a99a,1789125332602114756,1789125332912567972,0.0,30,0,0.0,False,False,False,False
B5_LOCKED_TC,ATTACK_DIVERSE_MODERATE,11,r11-t020-1ec43552,1789125332922790602,1789125333242021952,0.0,30,0,0.0,False,False,False,False
B5_LOCKED_TC,ATTACK_DIVERSE_MODERATE,11,r11-t021-26aa9399,1789125333251770766,1789125333587674027,0.0,30,0,0.0,False,False,False,False
B5_LOCKED_TC,ATTACK_DIVERSE_MODERATE,11,r11-t022-93377f04,1789125333597569131,1789125333922888520,0.0,30,0,0.0,False,False,False,False
B5_LOCKED_TC,ATTACK_DIVERSE_MODERATE,11,r11-t023-2b36fdea,1789125333933151194,1789125334248588983,0.0,30,0,0.0,False,False,False,False
B5_LOCKED_TC,ATTACK_DIVERSE_MODERATE,11,r11-t024-3175870e,1789125334258858362,1789125334571102299,0.0,30,0,0.0,False,False,False,False
B5_LOCKED_TC,ATTACK_DIVERSE_MODERATE,11,r11-t025-9eba5591,1789125334582001136,1789125334918291198,0.0,31,0,0.0,False,False,False,False
B5_LOCKED_TC,ATTACK_DIVERSE_MODERATE,11,r11-t026-c6b85942,1789125334928292494,1789125335252158972,0.0,30,0,0.0,False,False,False,False
B5_LOCKED_TC,ATTACK_DIVERSE_MODERATE,11,r11-t027-785d8cf6,1789125335263079036,1789125335566945460,0.0,30,0,0.0,False,False,False,False
B5_LOCKED_TC,ATTACK_DIVERSE_MODERATE,11,r11-t028-71f98eb3,1789125335577792843,1789125335911406039,0.0,31,0,0.0,False,False,False,False
B5_LOCKED_TC,ATTACK_DIVERSE_MODERATE,11,r11-t029-0622ae59,1789125335921948790,1789125336259622829,0.0,30,0,0.0,False,False,False,False
B5_LOCKED_TC,ATTACK_DIVERSE_MODERATE,11,r11-t030-3081d8a8,1789125336269823580,1789125336622995850,0.0,30,0,0.0,False,False,False,False
B5_LOCKED_TC,ATTACK_DIVERSE_MODERATE,11,r11-t031-d97fa30c,1789125336632923146,1789125336974167184,0.0,30,0,0.0,False,False,False,False
B5_LOCKED_TC,ATTACK_DIVERSE_MODERATE,11,r11-t032-2ce2b523,1789125336984983014,1789125337274418253,0.0,30,0,0.0,False,False,False,False
B5_LOCKED_TC,ATTACK_DIVERSE_MODERATE,11,r11-t033-25993307,1789125337285929639,1789125337612296535,0.0,30,0,0.0,False,False,False,False
B5_LOCKED_TC,ATTACK_DIVERSE_MODERATE,11,r11-t034-775e1253,1789125337622284401,1789125337951219514,0.0,30,0,0.0,False,False,False,False
B5_LOCKED_TC,ATTACK_DIVERSE_MODERATE,11,r11-t035-24afeb41,1789125337961100235,1789125338263048548,0.0,30,0,0.0,False,False,False,False
B5_LOCKED_TC,ATTACK_DIVERSE_MODERATE,11,r11-t036-4377484f,1789125338273409594,1789125338606780608,0.0,30,0,0.0,False,False,False,False
B5_LOCKED_TC,ATTACK_DIVERSE_MODERATE,11,r11-t037-bd93062b,1789125338617315474,1789125338972688979,0.0,30,0,0.0,False,False,False,False
B5_LOCKED_TC,ATTACK_DIVERSE_MODERATE,11,r11-t038-e03c75d6,1789125338982721920,1789125339299157669,0.0,30,0,0.0,False,False,False,False
B5_LOCKED_TC,ATTACK_DIVERSE_MODERATE,11,r11-t039-797817e2,1789125339309823718,1789125339645426017,0.0,30,0,0.0,False,False,False,False
B5_LOCKED_TC,ATTACK_DIVERSE_MODERATE,11,r11-t040-0174e6c3,1789125339655692689,1789125339950860943,0.0,30,0,0.0,False,False,False,False
B5_LOCKED_TC,ATTACK_DIVERSE_MODERATE,11,r11-t041-ba6df531,1789125339962396838,1789125340291335895,0.0,30,0,0.0,False,False,False,False
B5_LOCKED_TC,ATTACK_DIVERSE_MODERATE,11,r11-t042-20b7af0e,1789125340302360007,1789125340629832357,0.0,30,0,0.0,False,False,False,False
B5_LOCKED_TC,ATTACK_DIVERSE_MODERATE,11,r11-t043-d9240cf2,1789125340641822098,1789125340948233920,0.0,30,0,0.0,False,False,False,False
B5_LOCKED_TC,ATTACK_DIVERSE_MODERATE,11,r11-t044-f5822425,1789125340959087875,1789125341263123517,0.0,30,0,0.0,False,False,False,False
B5_LOCKED_TC,ATTACK_DIVERSE_MODERATE,11,r11-t045-e30c08be,1789125341274297595,1789125341605446151,0.0,32,0,0.0,False,False,False,False
B5_LOCKED_TC,ATTACK_DIVERSE_MODERATE,11,r11-t046-b9120aec,1789125341617973970,1789125341922550601,0.0,31,0,0.0,False,False,False,False
B5_LOCKED_TC,ATTACK_DIVERSE_MODERATE,11,r11-t047-9a20abeb,1789125341932976911,1789125342266944036,0.0,31,0,0.0,False,False,False,False
B5_LOCKED_TC,ATTACK_DIVERSE_MODERATE,11,r11-t048-539302e3,1789125342277499278,1789125342561870859,0.0,31,0,0.0,False,False,False,False
B5_LOCKED_TC,ATTACK_DIVERSE_MODERATE,11,r11-t049-47d61785,1789125342571782849,1789125342925125495,0.0,31,0,0.0,False,False,False,False
B0_OFF,ATTACK_DIVERSE_MODERATE,11,r11-t000-ac9b4c6d,1789125359325149745,1789125359511097797,0.0,9,0,0.0,False,False,False,False
B0_OFF,ATTACK_DIVERSE_MODERATE,11,r11-t001-27922a58,1789125359523239565,1789125359789855541,0.0,12,0,0.0,False,False,False,False
B0_OFF,ATTACK_DIVERSE_MODERATE,11,r11-t002-26318c8f,1789125359799905798,1789125360107785549,0.0,13,0,0.0,False,False,False,False
B0_OFF,ATTACK_DIVERSE_MODERATE,11,r11-t003-7813d195,1789125360117708531,1789125360435910080,0.0,18,0,0.0,False,False,False,False
B0_OFF,ATTACK_DIVERSE_MODERATE,11,r11-t004-7c498113,1789125360445983090,1789125360769565528,0.0,23,0,0.0,False,False,False,False
B0_OFF,ATTACK_DIVERSE_MODERATE,11,r11-t005-6de2c87c,1789125360781757811,1789125361101505505,0.0,28,0,0.0,False,False,False,False
B0_OFF,ATTACK_DIVERSE_MODERATE,11,r11-t006-2bda0b5b,1789125361112108757,1789125361415148695,0.0,30,0,0.0,False,False,False,False
B0_OFF,ATTACK_DIVERSE_MODERATE,11,r11-t007-1234dfb3,1789125361425175339,1789125361735836082,0.0,31,0,0.0,False,False,False,False
B0_OFF,ATTACK_DIVERSE_MODERATE,11,r11-t008-8cfbe143,1789125361747242695,1789125362069339694,0.0,31,0,0.0,False,False,False,False
B0_OFF,ATTACK_DIVERSE_MODERATE,11,r11-t009-02174ff5,1789125362082344443,1789125362398580956,0.0,31,0,0.0,False,False,False,False
B0_OFF,ATTACK_DIVERSE_MODERATE,11,r11-t010-eaf9a219,1789125362409560117,1789125362724929829,0.0,31,0,0.0,False,False,False,False
B0_OFF,ATTACK_DIVERSE_MODERATE,11,r11-t011-fab05a5c,1789125362735922395,1789125363061489429,0.0,31,0,0.0,False,False,False,False
B0_OFF,ATTACK_DIVERSE_MODERATE,11,r11-t012-c731a50f,1789125363073550062,1789125363391305694,0.0,31,0,0.0,False,False,False,False
B0_OFF,ATTACK_DIVERSE_MODERATE,11,r11-t013-2e93dea9,1789125363402005237,1789125363700667652,0.0,31,0,0.0,False,False,False,False
B0_OFF,ATTACK_DIVERSE_MODERATE,11,r11-t014-0956ed52,1789125363711552883,1789125364077577667,0.0,31,0,0.0,False,False,False,False
B0_OFF,ATTACK_DIVERSE_MODERATE,11,r11-t015-c6d965a6,1789125364087386430,1789125364403405439,0.0,30,0,0.0,False,False,False,False
B0_OFF,ATTACK_DIVERSE_MODERATE,11,r11-t016-dcf3f56c,1789125364415199009,1789125364748356733,0.0,30,0,0.0,False,False,False,False
B0_OFF,ATTACK_DIVERSE_MODERATE,11,r11-t017-f5c90b31,1789125364758571425,1789125365093114689,0.0,30,0,0.0,False,False,False,False
B0_OFF,ATTACK_DIVERSE_MODERATE,11,r11-t018-205d55ce,1789125365105221768,1789125365414751289,0.0,30,0,0.0,False,False,False,False
B0_OFF,ATTACK_DIVERSE_MODERATE,11,r11-t019-cfa6a99a,1789125365425783316,1789125365751844263,0.0,30,0,0.0,False,False,False,False
B0_OFF,ATTACK_DIVERSE_MODERATE,11,r11-t020-1ec43552,1789125365762800767,1789125366109515304,0.0,30,0,0.0,False,False,False,False
B0_OFF,ATTACK_DIVERSE_MODERATE,11,r11-t021-26aa9399,1789125366119914835,1789125366427662893,0.0,30,0,0.0,False,False,False,False
B0_OFF,ATTACK_DIVERSE_MODERATE,11,r11-t022-93377f04,1789125366438795269,1789125366750204904,0.0,30,0,0.0,False,False,False,False
B0_OFF,ATTACK_DIVERSE_MODERATE,11,r11-t023-2b36fdea,1789125366760688171,1789125367093130516,0.0,30,0,0.0,False,False,False,False
B0_OFF,ATTACK_DIVERSE_MODERATE,11,r11-t024-3175870e,1789125367103825526,1789125367383201483,0.0,30,0,0.0,False,False,False,False
B0_OFF,ATTACK_DIVERSE_MODERATE,11,r11-t025-9eba5591,1789125367393053672,1789125367745282994,0.0,31,0,0.0,False,False,False,False
B0_OFF,ATTACK_DIVERSE_MODERATE,11,r11-t026-c6b85942,1789125367755568394,1789125368056450677,0.0,30,0,0.0,False,False,False,False
B0_OFF,ATTACK_DIVERSE_MODERATE,11,r11-t027-785d8cf6,1789125368067537646,1789125368383211049,0.0,31,0,0.0,False,False,False,False
B0_OFF,ATTACK_DIVERSE_MODERATE,11,r11-t028-71f98eb3,1789125368393602934,1789125368731183966,0.0,31,0,0.0,False,False,False,False
B0_OFF,ATTACK_DIVERSE_MODERATE,11,r11-t029-0622ae59,1789125368742107334,1789125369082995167,0.0,30,0,0.0,False,False,False,False
B0_OFF,ATTACK_DIVERSE_MODERATE,11,r11-t030-3081d8a8,1789125369093025200,1789125369414917998,0.0,30,0,0.0,False,False,False,False
B0_OFF,ATTACK_DIVERSE_MODERATE,11,r11-t031-d97fa30c,1789125369425487627,1789125369759391295,0.0,30,0,0.0,False,False,False,False
B0_OFF,ATTACK_DIVERSE_MODERATE,11,r11-t032-2ce2b523,1789125369769640544,1789125370099852335,0.0,30,0,0.0,False,False,False,False
B0_OFF,ATTACK_DIVERSE_MODERATE,11,r11-t033-25993307,1789125370110842381,1789125370427909678,0.0,30,0,0.0,False,False,False,False
B0_OFF,ATTACK_DIVERSE_MODERATE,11,r11-t034-775e1253,1789125370438432291,1789125370746387059,0.0,30,0,0.0,False,False,False,False
B0_OFF,ATTACK_DIVERSE_MODERATE,11,r11-t035-24afeb41,1789125370756525574,1789125371112237319,0.0,30,0,0.0,False,False,False,False
B0_OFF,ATTACK_DIVERSE_MODERATE,11,r11-t036-4377484f,1789125371123652005,1789125371422682961,0.0,30,0,0.0,False,False,False,False
B0_OFF,ATTACK_DIVERSE_MODERATE,11,r11-t037-bd93062b,1789125371432831706,1789125371731030651,0.0,30,0,0.0,False,False,False,False
B0_OFF,ATTACK_DIVERSE_MODERATE,11,r11-t038-e03c75d6,1789125371742332630,1789125372072230328,0.0,31,0,0.0,False,False,False,False
B0_OFF,ATTACK_DIVERSE_MODERATE,11,r11-t039-797817e2,1789125372082620061,1789125372385877519,0.0,31,0,0.0,False,False,False,False
B0_OFF,ATTACK_DIVERSE_MODERATE,11,r11-t040-0174e6c3,1789125372396858461,1789125372695123002,0.0,31,0,0.0,False,False,False,False
B0_OFF,ATTACK_DIVERSE_MODERATE,11,r11-t041-ba6df531,1789125372705783472,1789125373031319817,0.0,31,0,0.0,False,False,False,False
B0_OFF,ATTACK_DIVERSE_MODERATE,11,r11-t042-20b7af0e,1789125373042210859,1789125373365619220,0.0,31,0,0.0,False,False,False,False
B0_OFF,ATTACK_DIVERSE_MODERATE,11,r11-t043-d9240cf2,1789125373375806158,1789125373702245742,0.0,31,0,0.0,False,False,False,False
B0_OFF,ATTACK_DIVERSE_MODERATE,11,r11-t044-f5822425,1789125373713393914,1789125374035589919,0.0,31,0,0.0,False,False,False,False
B0_OFF,ATTACK_DIVERSE_MODERATE,11,r11-t045-e30c08be,1789125374047269805,1789125374395486874,0.0,31,0,0.0,False,False,False,False
B0_OFF,ATTACK_DIVERSE_MODERATE,11,r11-t046-b9120aec,1789125374408297849,1789125374723832127,0.0,30,0,0.0,False,False,False,False
B0_OFF,ATTACK_DIVERSE_MODERATE,11,r11-t047-9a20abeb,1789125374735042516,1789125375097362121,0.0,30,0,0.0,False,False,False,False
B0_OFF,ATTACK_DIVERSE_MODERATE,11,r11-t048-539302e3,1789125375108759540,1789125375457843624,0.0,30,0,0.0,False,False,False,False
B0_OFF,ATTACK_DIVERSE_MODERATE,11,r11-t049-47d61785,1789125375468023241,1789125375776653773,0.0,30,0,0.0,False,False,False,False
B5_LOCKED_TC,ATTACK_DIVERSE_MODERATE,12,r12-t000-03404590,1789125386607079982,1789125386785388885,0.0,24,0,0.0,False,False,False,False
B5_LOCKED_TC,ATTACK_DIVERSE_MODERATE,12,r12-t001-327952fe,1789125386797094510,1789125387067412348,0.0,25,0,0.0,False,False,False,False
B5_LOCKED_TC,ATTACK_DIVERSE_MODERATE,12,r12-t002-f563d2f9,1789125387077884123,1789125387391186950,0.0,26,0,0.0,False,False,False,False
B5_LOCKED_TC,ATTACK_DIVERSE_MODERATE,12,r12-t003-de3f381c,1789125387401611516,1789125387723408067,0.0,27,0,0.0,False,False,False,False
B5_LOCKED_TC,ATTACK_DIVERSE_MODERATE,12,r12-t004-12bce271,1789125387735386654,1789125388060696772,0.0,28,0,0.0,False,False,False,False
B5_LOCKED_TC,ATTACK_DIVERSE_MODERATE,12,r12-t005-b66255ef,1789125388070822600,1789125388389784164,0.0,29,0,0.0,False,False,False,False
B5_LOCKED_TC,ATTACK_DIVERSE_MODERATE,12,r12-t006-4b2e58cd,1789125389192417214,1789125389480343579,0.0,21,0,0.0,False,False,False,False
B5_LOCKED_TC,ATTACK_DIVERSE_MODERATE,12,r12-t007-00b3f496,1789125390573699752,1789125390900852242,0.0,5,0,0.0,False,False,False,False
B5_LOCKED_TC,ATTACK_DIVERSE_MODERATE,12,r12-t008-0466e31f,1789125390911082592,1789125391236178381,0.0,7,0,0.0,False,False,False,False
B5_LOCKED_TC,ATTACK_DIVERSE_MODERATE,12,r12-t009-dafe9a03,1789125391247480181,1789125391594405913,0.0,12,0,0.0,False,False,False,False
B5_LOCKED_TC,ATTACK_DIVERSE_MODERATE,12,r12-t010-da8bb86d,1789125391606443418,1789125391916617619,0.0,14,0,0.0,False,False,False,False
B5_LOCKED_TC,ATTACK_DIVERSE_MODERATE,12,r12-t011-42668213,1789125391927162758,1789125392279432911,0.0,18,0,0.0,False,False,False,False
B5_LOCKED_TC,ATTACK_DIVERSE_MODERATE,12,r12-t012-a10f7a94,1789125392292209234,1789125392590197790,0.0,23,0,0.0,False,False,False,False
B5_LOCKED_TC,ATTACK_DIVERSE_MODERATE,12,r12-t013-3676c75f,1789125392601584000,1789125392933319433,0.0,28,0,0.0,False,False,False,False
B5_LOCKED_TC,ATTACK_DIVERSE_MODERATE,12,r12-t014-0d27472a,1789125392943526082,1789125393235684250,0.0,30,0,0.0,False,False,False,False
B5_LOCKED_TC,ATTACK_DIVERSE_MODERATE,12,r12-t015-f88e123c,1789125393246771345,1789125393594379057,0.0,30,0,0.0,False,False,False,False
B5_LOCKED_TC,ATTACK_DIVERSE_MODERATE,12,r12-t016-57a02c29,1789125393606146054,1789125393926104292,0.0,30,0,0.0,False,False,False,False
B5_LOCKED_TC,ATTACK_DIVERSE_MODERATE,12,r12-t017-82bf2adc,1789125393937531574,1789125394233674075,0.0,30,0,0.0,False,False,False,False
B5_LOCKED_TC,ATTACK_DIVERSE_MODERATE,12,r12-t018-64ea9d0a,1789125394243760720,1789125394542128458,0.0,31,0,0.0,False,False,False,False
B5_LOCKED_TC,ATTACK_DIVERSE_MODERATE,12,r12-t019-29bfc96c,1789125394552070171,1789125394896605074,0.0,31,0,0.0,False,False,False,False
B5_LOCKED_TC,ATTACK_DIVERSE_MODERATE,12,r12-t020-0210ad80,1789125394906713768,1789125395239021395,0.0,31,0,0.0,False,False,False,False
B5_LOCKED_TC,ATTACK_DIVERSE_MODERATE,12,r12-t021-70a65749,1789125395250221597,1789125395565061223,0.0,30,0,0.0,False,False,False,False
B5_LOCKED_TC,ATTACK_DIVERSE_MODERATE,12,r12-t022-6d7faf30,1789125395575259830,1789125395903379647,0.0,31,0,0.0,False,False,False,False
B5_LOCKED_TC,ATTACK_DIVERSE_MODERATE,12,r12-t023-5589f118,1789125395914175192,1789125396224397631,0.0,30,0,0.0,False,False,False,False
B5_LOCKED_TC,ATTACK_DIVERSE_MODERATE,12,r12-t024-83740b20,1789125396236000604,1789125396588199081,0.0,30,0,0.0,False,False,False,False
B5_LOCKED_TC,ATTACK_DIVERSE_MODERATE,12,r12-t025-875d7b69,1789125396599446645,1789125396945763110,0.0,30,0,0.0,False,False,False,False
B5_LOCKED_TC,ATTACK_DIVERSE_MODERATE,12,r12-t026-4b0073fe,1789125396955879919,1789125397296547222,0.0,30,0,0.0,False,False,False,False
B5_LOCKED_TC,ATTACK_DIVERSE_MODERATE,12,r12-t027-e6826128,1789125397308195292,1789125397615847512,0.0,30,0,0.0,False,False,False,False
B5_LOCKED_TC,ATTACK_DIVERSE_MODERATE,12,r12-t028-382a12e9,1789125397626790900,1789125397981991332,0.0,30,0,0.0,False,False,False,False
B5_LOCKED_TC,ATTACK_DIVERSE_MODERATE,12,r12-t029-7ecf1f2b,1789125397992653563,1789125398299601194,0.0,30,0,0.0,False,False,False,False
B5_LOCKED_TC,ATTACK_DIVERSE_MODERATE,12,r12-t030-7784accb,1789125398309766779,1789125398640152073,0.0,30,0,0.0,False,False,False,False
B5_LOCKED_TC,ATTACK_DIVERSE_MODERATE,12,r12-t031-9fdffc90,1789125398650973280,1789125398969405288,0.0,30,0,0.0,False,False,False,False
B5_LOCKED_TC,ATTACK_DIVERSE_MODERATE,12,r12-t032-5aea0107,1789125398982886535,1789125399287843336,0.0,30,0,0.0,False,False,False,False
B5_LOCKED_TC,ATTACK_DIVERSE_MODERATE,12,r12-t033-cb7b578b,1789125399297965898,1789125399616349883,0.0,30,0,0.0,False,False,False,False
B5_LOCKED_TC,ATTACK_DIVERSE_MODERATE,12,r12-t034-fc8c8125,1789125399627272231,1789125399959892810,0.0,30,0,0.0,False,False,False,False
B5_LOCKED_TC,ATTACK_DIVERSE_MODERATE,12,r12-t035-e2f75a8d,1789125399971170944,1789125400299309159,0.0,30,0,0.0,False,False,False,False
B5_LOCKED_TC,ATTACK_DIVERSE_MODERATE,12,r12-t036-c3c5abd1,1789125400310339817,1789125400652207224,0.0,30,0,0.0,False,False,False,False
B5_LOCKED_TC,ATTACK_DIVERSE_MODERATE,12,r12-t037-a047272a,1789125400664042290,1789125400985771467,0.0,30,0,0.0,False,False,False,False
B5_LOCKED_TC,ATTACK_DIVERSE_MODERATE,12,r12-t038-9303832c,1789125400996898361,1789125401339283453,0.0,30,0,0.0,False,False,False,False
B5_LOCKED_TC,ATTACK_DIVERSE_MODERATE,12,r12-t039-e9d1c3d0,1789125401350396290,1789125401682623250,0.0,30,0,0.0,False,False,False,False
B5_LOCKED_TC,ATTACK_DIVERSE_MODERATE,12,r12-t040-840ff063,1789125401695007609,1789125402014386962,0.0,30,0,0.0,False,False,False,False
B5_LOCKED_TC,ATTACK_DIVERSE_MODERATE,12,r12-t041-a432258f,1789125402026220143,1789125402394798888,0.0,30,0,0.0,False,False,False,False
B5_LOCKED_TC,ATTACK_DIVERSE_MODERATE,12,r12-t042-4e549f17,1789125402405384603,1789125402718681173,0.0,30,0,0.0,False,False,False,False
B5_LOCKED_TC,ATTACK_DIVERSE_MODERATE,12,r12-t043-26ecc1f2,1789125402732775016,1789125403019989913,0.0,30,0,0.0,False,False,False,False
B5_LOCKED_TC,ATTACK_DIVERSE_MODERATE,12,r12-t044-bd8c5cf0,1789125403030451985,1789125403364118963,0.0,30,0,0.0,False,False,False,False
B5_LOCKED_TC,ATTACK_DIVERSE_MODERATE,12,r12-t045-01383414,1789125403374797288,1789125403667919222,0.0,30,0,0.0,False,False,False,False
B5_LOCKED_TC,ATTACK_DIVERSE_MODERATE,12,r12-t046-ab96be9c,1789125403678143966,1789125403987027002,0.0,30,0,0.0,False,False,False,False
B5_LOCKED_TC,ATTACK_DIVERSE_MODERATE,12,r12-t047-a62e6c7e,1789125403997071737,1789125404319669277,0.0,31,0,0.0,False,False,False,False
B5_LOCKED_TC,ATTACK_DIVERSE_MODERATE,12,r12-t048-84de3073,1789125404329657069,1789125404660619508,0.0,31,0,0.0,False,False,False,False
B5_LOCKED_TC,ATTACK_DIVERSE_MODERATE,12,r12-t049-34b49d69,1789125404671536660,1789125404971115977,0.0,31,0,0.0,False,False,False,False
RFC_DROP_NATIVE,BENIGN_DIVERSE_MODERATE,12,r12-t000-03404590,1789125415595521063,1789125417617017047,0.0,24,0,0.0,False,False,False,False
RFC_DROP_NATIVE,BENIGN_DIVERSE_MODERATE,12,r12-t001-327952fe,1789125415600952973,1789125417622595170,0.0,24,0,0.0,False,False,False,False
RFC_DROP_NATIVE,BENIGN_DIVERSE_MODERATE,12,r12-t002-f563d2f9,1789125415610214749,1789125417630571511,0.0,24,0,0.0,False,False,False,False
RFC_DROP_NATIVE,BENIGN_DIVERSE_MODERATE,12,r12-t003-de3f381c,1789125415619994952,1789125417630391520,0.0,24,0,0.0,False,False,False,False
RFC_DROP_NATIVE,BENIGN_DIVERSE_MODERATE,12,r12-t004-12bce271,1789125415630183027,1789125417640546664,0.0,24,0,0.0,False,False,False,False
RFC_DROP_NATIVE,BENIGN_DIVERSE_MODERATE,12,r12-t005-b66255ef,1789125415639905273,1789125417650297042,0.0,24,0,0.0,False,False,False,False
RFC_DROP_NATIVE,BENIGN_DIVERSE_MODERATE,12,r12-t006-4b2e58cd,1789125415650186307,1789125417660786765,0.0,24,0,0.0,False,False,False,False
RFC_DROP_NATIVE,BENIGN_DIVERSE_MODERATE,12,r12-t007-00b3f496,1789125415660129660,1789125417670145171,0.0,24,0,0.0,False,False,False,False
RFC_DROP_NATIVE,BENIGN_DIVERSE_MODERATE,12,r12-t008-0466e31f,1789125415670439110,1789125417680441166,0.0,24,0,0.0,False,False,False,False
RFC_DROP_NATIVE,BENIGN_DIVERSE_MODERATE,12,r12-t009-dafe9a03,1789125415680253467,1789125417690255617,0.0,24,0,0.0,False,False,False,False
RFC_DROP_NATIVE,BENIGN_DIVERSE_MODERATE,12,r12-t010-da8bb86d,1789125415690424794,1789125417700326834,0.0,24,0,0.0,False,False,False,False
RFC_DROP_NATIVE,BENIGN_DIVERSE_MODERATE,12,r12-t011-42668213,1789125415700243291,1789125417709911992,0.0,24,0,0.0,False,False,False,False
RFC_DROP_NATIVE,BENIGN_DIVERSE_MODERATE,12,r12-t012-a10f7a94,1789125415710737155,1789125417721159127,0.0,24,0,0.0,False,False,False,False
RFC_DROP_NATIVE,BENIGN_DIVERSE_MODERATE,12,r12-t013-3676c75f,1789125415720784286,1789125417731573579,0.0,24,0,0.0,False,False,False,False
RFC_DROP_NATIVE,BENIGN_DIVERSE_MODERATE,12,r12-t014-0d27472a,1789125415731037848,1789125417741375046,0.0,24,0,0.0,False,False,False,False
RFC_DROP_NATIVE,BENIGN_DIVERSE_MODERATE,12,r12-t015-f88e123c,1789125415741120639,1789125417753446583,0.0,24,0,0.0,False,False,False,False
RFC_DROP_NATIVE,BENIGN_DIVERSE_MODERATE,12,r12-t016-57a02c29,1789125415750376769,1789125417760367252,0.0,24,0,0.0,False,False,False,False
RFC_DROP_NATIVE,BENIGN_DIVERSE_MODERATE,12,r12-t017-82bf2adc,1789125415760230644,1789125417770232041,0.0,24,0,0.0,False,False,False,False
RFC_DROP_NATIVE,BENIGN_DIVERSE_MODERATE,12,r12-t018-64ea9d0a,1789125415770369794,1789125417780952187,0.0,24,0,0.0,False,False,False,False
RFC_DROP_NATIVE,BENIGN_DIVERSE_MODERATE,12,r12-t019-29bfc96c,1789125415780570290,1789125417791385740,0.0,24,0,0.0,False,False,False,False
RFC_DROP_NATIVE,BENIGN_DIVERSE_MODERATE,12,r12-t020-0210ad80,1789125415790371004,1789125417801080510,0.0,24,0,0.0,False,False,False,False
RFC_DROP_NATIVE,BENIGN_DIVERSE_MODERATE,12,r12-t021-70a65749,1789125415800386146,1789125417810696530,0.0,24,0,0.0,False,False,False,False
RFC_DROP_NATIVE,BENIGN_DIVERSE_MODERATE,12,r12-t022-6d7faf30,1789125415810266270,1789125417821191615,0.0,24,0,0.0,False,False,False,False
RFC_DROP_NATIVE,BENIGN_DIVERSE_MODERATE,12,r12-t023-5589f118,1789125415820134728,1789125417830220804,0.0,24,0,0.0,False,False,False,False
RFC_DROP_NATIVE,BENIGN_DIVERSE_MODERATE,12,r12-t024-83740b20,1789125415830201806,1789125417840935870,0.0,24,0,0.0,False,False,False,False
RFC_DROP_NATIVE,BENIGN_DIVERSE_MODERATE,12,r12-t025-875d7b69,1789125415840474092,1789125417850530155,0.0,24,0,0.0,False,False,False,False
RFC_DROP_NATIVE,BENIGN_DIVERSE_MODERATE,12,r12-t026-4b0073fe,1789125415850268785,1789125417860437942,0.0,24,0,0.0,False,False,False,False
RFC_DROP_NATIVE,BENIGN_DIVERSE_MODERATE,12,r12-t027-e6826128,1789125415860147121,1789125417870422786,0.0,24,0,0.0,False,False,False,False
RFC_DROP_NATIVE,BENIGN_DIVERSE_MODERATE,12,r12-t028-382a12e9,1789125415870145139,1789125417912436909,0.0,24,0,0.0,False,False,False,False
RFC_DROP_NATIVE,BENIGN_DIVERSE_MODERATE,12,r12-t029-7ecf1f2b,1789125415902535528,1789125417922668172,0.0,24,0,0.0,False,False,False,False
RFC_DROP_NATIVE,BENIGN_DIVERSE_MODERATE,12,r12-t030-7784accb,1789125415904266565,1789125417924485488,0.0,24,0,0.0,False,False,False,False
RFC_DROP_NATIVE,BENIGN_DIVERSE_MODERATE,12,r12-t031-9fdffc90,1789125415906162164,1789125417916985517,0.0,24,0,0.0,False,False,False,False
RFC_DROP_NATIVE,BENIGN_DIVERSE_MODERATE,12,r12-t032-5aea0107,1789125415914633315,1789125417925377352,0.0,24,0,0.0,False,False,False,False
RFC_DROP_NATIVE,BENIGN_DIVERSE_MODERATE,12,r12-t033-cb7b578b,1789125415920022885,1789125417930398377,0.0,24,0,0.0,False,False,False,False
RFC_DROP_NATIVE,BENIGN_DIVERSE_MODERATE,12,r12-t034-fc8c8125,1789125415930096362,1789125417940964219,0.0,24,0,0.0,False,False,False,False
RFC_DROP_NATIVE,BENIGN_DIVERSE_MODERATE,12,r12-t035-e2f75a8d,1789125415939920222,1789125417950377195,0.0,24,0,0.0,False,False,False,False
RFC_DROP_NATIVE,BENIGN_DIVERSE_MODERATE,12,r12-t036-c3c5abd1,1789125415950086752,1789125417960137828,0.0,24,0,0.0,False,False,False,False
RFC_DROP_NATIVE,BENIGN_DIVERSE_MODERATE,12,r12-t037-a047272a,1789125415960000277,1789125417968944968,0.0,24,0,0.0,False,False,False,False
RFC_DROP_NATIVE,BENIGN_DIVERSE_MODERATE,12,r12-t038-9303832c,1789125415970162291,1789125417979798437,0.0,24,0,0.0,False,False,False,False
RFC_DROP_NATIVE,BENIGN_DIVERSE_MODERATE,12,r12-t039-e9d1c3d0,1789125415980191640,1789125417990002226,0.0,24,0,0.0,False,False,False,False
RFC_DROP_NATIVE,BENIGN_DIVERSE_MODERATE,12,r12-t040-840ff063,1789125415990505229,1789125418000881381,0.0,25,0,0.0,False,False,False,False
RFC_DROP_NATIVE,BENIGN_DIVERSE_MODERATE,12,r12-t041-a432258f,1789125416000053881,1789125418010248912,0.0,25,0,0.0,False,False,False,False
RFC_DROP_NATIVE,BENIGN_DIVERSE_MODERATE,12,r12-t042-4e549f17,1789125416010307631,1789125418020978655,0.0,25,0,0.0,False,False,False,False
RFC_DROP_NATIVE,BENIGN_DIVERSE_MODERATE,12,r12-t043-26ecc1f2,1789125416020163481,1789125418030349856,0.0,25,0,0.0,False,False,False,False
RFC_DROP_NATIVE,BENIGN_DIVERSE_MODERATE,12,r12-t044-bd8c5cf0,1789125416030319662,1789125418040343076,0.0,25,0,0.0,False,False,False,False
RFC_DROP_NATIVE,BENIGN_DIVERSE_MODERATE,12,r12-t045-01383414,1789125416040509807,1789125418049968502,0.0,25,0,0.0,False,False,False,False
RFC_DROP_NATIVE,BENIGN_DIVERSE_MODERATE,12,r12-t046-ab96be9c,1789125416050574439,1789125418061293448,0.0,25,0,0.0,False,False,False,False
RFC_DROP_NATIVE,BENIGN_DIVERSE_MODERATE,12,r12-t047-a62e6c7e,1789125416060054594,1789125418070002078,0.0,25,0,0.0,False,False,False,False
RFC_DROP_NATIVE,BENIGN_DIVERSE_MODERATE,12,r12-t048-84de3073,1789125416070344285,1789125418080888102,0.0,25,0,0.0,False,False,False,False
RFC_DROP_NATIVE,BENIGN_DIVERSE_MODERATE,12,r12-t049-34b49d69,1789125416080121289,1789125418090392344,0.0,25,0,0.0,False,False,False,False
B1_RL2_TC,ATTACK_DIVERSE_MODERATE,12,r12-t000-03404590,1789125448858086915,1789125449091316639,0.0,24,0,0.0,False,False,False,False
B1_RL2_TC,ATTACK_DIVERSE_MODERATE,12,r12-t001-327952fe,1789125449102100810,1789125449334641958,0.0,25,0,0.0,False,False,False,False
B1_RL2_TC,ATTACK_DIVERSE_MODERATE,12,r12-t002-f563d2f9,1789125449345248642,1789125449641987588,0.0,26,0,0.0,False,False,False,False
B1_RL2_TC,ATTACK_DIVERSE_MODERATE,12,r12-t003-de3f381c,1789125449651723407,1789125449950894167,0.0,27,0,0.0,False,False,False,False
B1_RL2_TC,ATTACK_DIVERSE_MODERATE,12,r12-t004-12bce271,1789125449961640864,1789125450318404350,0.0,28,0,0.0,False,False,False,False
B1_RL2_TC,ATTACK_DIVERSE_MODERATE,12,r12-t005-b66255ef,1789125450328346939,1789125450635495592,0.0,29,0,0.0,False,False,False,False
B1_RL2_TC,ATTACK_DIVERSE_MODERATE,12,r12-t006-4b2e58cd,1789125450645561338,1789125450985160805,0.0,30,0,0.0,False,False,False,False
B1_RL2_TC,ATTACK_DIVERSE_MODERATE,12,r12-t007-00b3f496,1789125450994932499,1789125451318881910,0.0,31,0,0.0,False,False,False,False
B1_RL2_TC,ATTACK_DIVERSE_MODERATE,12,r12-t008-0466e31f,1789125451329319203,1789125451646134092,0.0,30,0,0.0,False,False,False,False
B1_RL2_TC,ATTACK_DIVERSE_MODERATE,12,r12-t009-dafe9a03,1789125451655734041,1789125452007397189,0.0,30,0,0.0,False,False,False,False
B1_RL2_TC,ATTACK_DIVERSE_MODERATE,12,r12-t010-da8bb86d,1789125452017560672,1789125452284387674,0.0,30,0,0.0,False,False,False,False
B1_RL2_TC,ATTACK_DIVERSE_MODERATE,12,r12-t011-42668213,1789125454135330115,1789125456155869490,0.0,8,0,0.0,False,False,False,False
B1_RL2_TC,ATTACK_DIVERSE_MODERATE,12,r12-t012-a10f7a94,1789125456167011970,1789125456271808265,0.0,20,0,0.0,False,False,False,False
B1_RL2_TC,ATTACK_DIVERSE_MODERATE,12,r12-t013-3676c75f,1789125456282918253,1789125456591338175,0.0,23,0,0.0,False,False,False,False
B1_RL2_TC,ATTACK_DIVERSE_MODERATE,12,r12-t014-0d27472a,1789125456601482900,1789125456944604183,0.0,26,0,0.0,False,False,False,False
B1_RL2_TC,ATTACK_DIVERSE_MODERATE,12,r12-t015-f88e123c,1789125456958562459,1789125457353692997,0.0,27,0,0.0,False,False,False,False
B1_RL2_TC,ATTACK_DIVERSE_MODERATE,12,r12-t016-57a02c29,1789125457364437658,1789125457659777300,0.0,28,0,0.0,False,False,False,False
B1_RL2_TC,ATTACK_DIVERSE_MODERATE,12,r12-t017-82bf2adc,1789125457669865827,1789125457982842989,0.0,29,0,0.0,False,False,False,False
B1_RL2_TC,ATTACK_DIVERSE_MODERATE,12,r12-t018-64ea9d0a,1789125457993632420,1789125458289425603,0.0,30,0,0.0,False,False,False,False
B1_RL2_TC,ATTACK_DIVERSE_MODERATE,12,r12-t019-29bfc96c,1789125458299139831,1789125458623772611,0.0,30,0,0.0,False,False,False,False
B1_RL2_TC,ATTACK_DIVERSE_MODERATE,12,r12-t020-0210ad80,1789125458633959837,1789125458926491427,0.0,30,0,0.0,False,False,False,False
B1_RL2_TC,ATTACK_DIVERSE_MODERATE,12,r12-t021-70a65749,1789125458936341471,1789125459246068184,0.0,30,0,0.0,False,False,False,False
B1_RL2_TC,ATTACK_DIVERSE_MODERATE,12,r12-t022-6d7faf30,1789125459256170407,1789125459582174203,0.0,31,0,0.0,False,False,False,False
B1_RL2_TC,ATTACK_DIVERSE_MODERATE,12,r12-t023-5589f118,1789125459593259825,1789125459947810239,0.0,31,0,0.0,False,False,False,False
B1_RL2_TC,ATTACK_DIVERSE_MODERATE,12,r12-t024-83740b20,1789125459958542906,1789125460283272307,0.0,30,0,0.0,False,False,False,False
B1_RL2_TC,ATTACK_DIVERSE_MODERATE,12,r12-t025-875d7b69,1789125460293613957,1789125460632517637,0.0,30,0,0.0,False,False,False,False
B1_RL2_TC,ATTACK_DIVERSE_MODERATE,12,r12-t026-4b0073fe,1789125460643881504,1789125460946534489,0.0,30,0,0.0,False,False,False,False
B1_RL2_TC,ATTACK_DIVERSE_MODERATE,12,r12-t027-e6826128,1789125460956927897,1789125461251618676,0.0,30,0,0.0,False,False,False,False
B1_RL2_TC,ATTACK_DIVERSE_MODERATE,12,r12-t028-382a12e9,1789125461262749161,1789125461632386038,0.0,30,0,0.0,False,False,False,False
B1_RL2_TC,ATTACK_DIVERSE_MODERATE,12,r12-t029-7ecf1f2b,1789125461642246661,1789125461987737942,0.0,30,0,0.0,False,False,False,False
B1_RL2_TC,ATTACK_DIVERSE_MODERATE,12,r12-t030-7784accb,1789125461997811264,1789125462334916076,0.0,30,0,0.0,False,False,False,False
B1_RL2_TC,ATTACK_DIVERSE_MODERATE,12,r12-t031-9fdffc90,1789125462346240840,1789125462659757307,0.0,30,0,0.0,False,False,False,False
B1_RL2_TC,ATTACK_DIVERSE_MODERATE,12,r12-t032-5aea0107,1789125462669870340,1789125462975747872,0.0,30,0,0.0,False,False,False,False
B1_RL2_TC,ATTACK_DIVERSE_MODERATE,12,r12-t033-cb7b578b,1789125462985691891,1789125463326072925,0.0,30,0,0.0,False,False,False,False
B1_RL2_TC,ATTACK_DIVERSE_MODERATE,12,r12-t034-fc8c8125,1789125463338278347,1789125463639914762,0.0,30,0,0.0,False,False,False,False
B1_RL2_TC,ATTACK_DIVERSE_MODERATE,12,r12-t035-e2f75a8d,1789125463650016714,1789125464007493114,0.0,30,0,0.0,False,False,False,False
B1_RL2_TC,ATTACK_DIVERSE_MODERATE,12,r12-t036-c3c5abd1,1789125464018058540,1789125464321778330,0.0,30,0,0.0,False,False,False,False
B1_RL2_TC,ATTACK_DIVERSE_MODERATE,12,r12-t037-a047272a,1789125464335164408,1789125464659832608,0.0,30,0,0.0,False,False,False,False
B1_RL2_TC,ATTACK_DIVERSE_MODERATE,12,r12-t038-9303832c,1789125464669817941,1789125464995665576,0.0,30,0,0.0,False,False,False,False
B1_RL2_TC,ATTACK_DIVERSE_MODERATE,12,r12-t039-e9d1c3d0,1789125465005885368,1789125465333051311,0.0,30,0,0.0,False,False,False,False
B1_RL2_TC,ATTACK_DIVERSE_MODERATE,12,r12-t040-840ff063,1789125465345727906,1789125465659935000,0.0,30,0,0.0,False,False,False,False
B1_RL2_TC,ATTACK_DIVERSE_MODERATE,12,r12-t041-a432258f,1789125465669924465,1789125465975136271,0.0,30,0,0.0,False,False,False,False
B1_RL2_TC,ATTACK_DIVERSE_MODERATE,12,r12-t042-4e549f17,1789125465985681978,1789125466322847901,0.0,30,0,0.0,False,False,False,False
B1_RL2_TC,ATTACK_DIVERSE_MODERATE,12,r12-t043-26ecc1f2,1789125466332810793,1789125466624968728,0.0,30,0,0.0,False,False,False,False
B1_RL2_TC,ATTACK_DIVERSE_MODERATE,12,r12-t044-bd8c5cf0,1789125466635511899,1789125466956452595,0.0,30,0,0.0,False,False,False,False
B1_RL2_TC,ATTACK_DIVERSE_MODERATE,12,r12-t045-01383414,1789125466966609101,1789125467300245923,0.0,30,0,0.0,False,False,False,False
B1_RL2_TC,ATTACK_DIVERSE_MODERATE,12,r12-t046-ab96be9c,1789125467310466750,1789125467623263048,0.0,30,0,0.0,False,False,False,False
B1_RL2_TC,ATTACK_DIVERSE_MODERATE,12,r12-t047-a62e6c7e,1789125467633600587,1789125467892316239,0.0,30,0,0.0,False,False,False,False
B1_RL2_TC,ATTACK_DIVERSE_MODERATE,12,r12-t048-84de3073,1789125467903550583,1789125468249712076,0.0,31,0,0.0,False,False,False,False
B1_RL2_TC,ATTACK_DIVERSE_MODERATE,12,r12-t049-34b49d69,1789125468259701822,1789125468537359691,0.0,31,0,0.0,False,False,False,False
B1_RL2_TC,BENIGN_DIVERSE_MODERATE,12,r12-t000-03404590,1789125479484677150,1789125480649037681,0.0,24,0,0.0,False,False,False,False
B1_RL2_TC,BENIGN_DIVERSE_MODERATE,12,r12-t001-327952fe,1789125480659612021,1789125481013674696,0.0,27,0,0.0,False,False,False,False
B1_RL2_TC,BENIGN_DIVERSE_MODERATE,12,r12-t002-f563d2f9,1789125481026456799,1789125481400363381,0.0,28,0,0.0,False,False,False,False
B1_RL2_TC,BENIGN_DIVERSE_MODERATE,12,r12-t003-de3f381c,1789125481410543588,1789125481746569189,0.0,29,0,0.0,False,False,False,False
B1_RL2_TC,BENIGN_DIVERSE_MODERATE,12,r12-t004-12bce271,1789125481756520982,1789125482155192459,0.0,30,0,0.0,False,False,False,False
B1_RL2_TC,BENIGN_DIVERSE_MODERATE,12,r12-t005-b66255ef,1789125482164979949,1789125482553202200,0.0,30,0,0.0,False,False,False,False
B1_RL2_TC,BENIGN_DIVERSE_MODERATE,12,r12-t006-4b2e58cd,1789125482565237681,1789125482947900533,0.0,30,0,0.0,False,False,False,False
B1_RL2_TC,BENIGN_DIVERSE_MODERATE,12,r12-t007-00b3f496,1789125482958045426,1789125483316197765,0.0,30,0,0.0,False,False,False,False
B1_RL2_TC,BENIGN_DIVERSE_MODERATE,12,r12-t008-0466e31f,1789125483326272311,1789125483702284300,0.0,30,0,0.0,False,False,False,False
B1_RL2_TC,BENIGN_DIVERSE_MODERATE,12,r12-t009-dafe9a03,1789125483712069620,1789125484091377155,0.0,29,0,0.0,False,False,False,False
B1_RL2_TC,BENIGN_DIVERSE_MODERATE,12,r12-t010-da8bb86d,1789125485985048475,1789125488004334549,0.0,8,0,0.0,False,False,False,False
B1_RL2_TC,BENIGN_DIVERSE_MODERATE,12,r12-t011-42668213,1789125488016978508,1789125488390479721,0.0,19,0,0.0,False,False,False,False
B1_RL2_TC,BENIGN_DIVERSE_MODERATE,12,r12-t012-a10f7a94,1789125488400398558,1789125488793779847,0.0,25,0,0.0,False,False,False,False
B1_RL2_TC,BENIGN_DIVERSE_MODERATE,12,r12-t013-3676c75f,1789125488804446885,1789125489197418840,0.0,26,0,0.0,False,False,False,False
B1_RL2_TC,BENIGN_DIVERSE_MODERATE,12,r12-t014-0d27472a,1789125489209037304,1789125489604206655,0.0,27,0,0.0,False,False,False,False
B1_RL2_TC,BENIGN_DIVERSE_MODERATE,12,r12-t015-f88e123c,1789125489615654337,1789125489999851058,0.0,28,0,0.0,False,False,False,False
B1_RL2_TC,BENIGN_DIVERSE_MODERATE,12,r12-t016-57a02c29,1789125490009949300,1789125490359228134,0.0,29,0,0.0,False,False,False,False
B1_RL2_TC,BENIGN_DIVERSE_MODERATE,12,r12-t017-82bf2adc,1789125490369803315,1789125490742732008,0.0,29,0,0.0,False,False,False,False
B1_RL2_TC,BENIGN_DIVERSE_MODERATE,12,r12-t018-64ea9d0a,1789125490752615571,1789125491163031884,0.0,29,0,0.0,False,False,False,False
B1_RL2_TC,BENIGN_DIVERSE_MODERATE,12,r12-t019-29bfc96c,1789125491172765339,1789125491575976390,0.0,29,0,0.0,False,False,False,False
B1_RL2_TC,BENIGN_DIVERSE_MODERATE,12,r12-t020-0210ad80,1789125491585909893,1789125491938853100,0.0,29,0,0.0,False,False,False,False
B1_RL2_TC,BENIGN_DIVERSE_MODERATE,12,r12-t021-70a65749,1789125491950255374,1789125492339984763,0.0,29,0,0.0,False,False,False,False
B1_RL2_TC,BENIGN_DIVERSE_MODERATE,12,r12-t022-6d7faf30,1789125492350892254,1789125492732228470,0.0,29,0,0.0,False,False,False,False
B1_RL2_TC,BENIGN_DIVERSE_MODERATE,12,r12-t023-5589f118,1789125492743579009,1789125493139926926,0.0,29,0,0.0,False,False,False,False
B1_RL2_TC,BENIGN_DIVERSE_MODERATE,12,r12-t024-83740b20,1789125493150080678,1789125493528308196,0.0,29,0,0.0,False,False,False,False
B1_RL2_TC,BENIGN_DIVERSE_MODERATE,12,r12-t025-875d7b69,1789125493538808136,1789125493913092500,0.0,29,0,0.0,False,False,False,False
B1_RL2_TC,BENIGN_DIVERSE_MODERATE,12,r12-t026-4b0073fe,1789125493923181207,1789125494294693147,0.0,29,0,0.0,False,False,False,False
B1_RL2_TC,BENIGN_DIVERSE_MODERATE,12,r12-t027-e6826128,1789125494306146399,1789125494670761408,0.0,29,0,0.0,False,False,False,False
B1_RL2_TC,BENIGN_DIVERSE_MODERATE,12,r12-t028-382a12e9,1789125494680670839,1789125495076510851,0.0,29,0,0.0,False,False,False,False
B1_RL2_TC,BENIGN_DIVERSE_MODERATE,12,r12-t029-7ecf1f2b,1789125495086586624,1789125495461438746,0.0,30,0,0.0,False,False,False,False
B1_RL2_TC,BENIGN_DIVERSE_MODERATE,12,r12-t030-7784accb,1789125495472964975,1789125495836483835,0.0,30,0,0.0,False,False,False,False
B1_RL2_TC,BENIGN_DIVERSE_MODERATE,12,r12-t031-9fdffc90,1789125495847825688,1789125496270059660,0.0,30,0,0.0,False,False,False,False
B1_RL2_TC,BENIGN_DIVERSE_MODERATE,12,r12-t032-5aea0107,1789125496281413312,1789125496675208482,0.0,29,0,0.0,False,False,False,False
B1_RL2_TC,BENIGN_DIVERSE_MODERATE,12,r12-t033-cb7b578b,1789125496685293694,1789125497086246380,0.0,29,0,0.0,False,False,False,False
B1_RL2_TC,BENIGN_DIVERSE_MODERATE,12,r12-t034-fc8c8125,1789125497097512379,1789125497454928803,0.0,29,0,0.0,False,False,False,False
B1_RL2_TC,BENIGN_DIVERSE_MODERATE,12,r12-t035-e2f75a8d,1789125497465072746,1789125497863344915,0.0,29,0,0.0,False,False,False,False
B1_RL2_TC,BENIGN_DIVERSE_MODERATE,12,r12-t036-c3c5abd1,1789125497873995325,1789125498247265078,0.0,29,0,0.0,False,False,False,False
B1_RL2_TC,BENIGN_DIVERSE_MODERATE,12,r12-t037-a047272a,1789125498257911552,1789125498631309444,0.0,29,0,0.0,False,False,False,False
B1_RL2_TC,BENIGN_DIVERSE_MODERATE,12,r12-t038-9303832c,1789125498641560730,1789125498996384873,0.0,29,0,0.0,False,False,False,False
B1_RL2_TC,BENIGN_DIVERSE_MODERATE,12,r12-t039-e9d1c3d0,1789125499007059824,1789125499411408936,0.0,30,0,0.0,False,False,False,False
B1_RL2_TC,BENIGN_DIVERSE_MODERATE,12,r12-t040-840ff063,1789125499421480192,1789125499781553059,0.0,29,0,0.0,False,False,False,False
B1_RL2_TC,BENIGN_DIVERSE_MODERATE,12,r12-t041-a432258f,1789125499791771749,1789125500151941845,0.0,30,0,0.0,False,False,False,False
B1_RL2_TC,BENIGN_DIVERSE_MODERATE,12,r12-t042-4e549f17,1789125500161891800,1789125500553406056,0.0,30,0,0.0,False,False,False,False
B1_RL2_TC,BENIGN_DIVERSE_MODERATE,12,r12-t043-26ecc1f2,1789125500565990161,1789125500976240867,0.0,30,0,0.0,False,False,False,False
B1_RL2_TC,BENIGN_DIVERSE_MODERATE,12,r12-t044-bd8c5cf0,1789125500986113358,1789125501352791646,0.0,29,0,0.0,False,False,False,False
B1_RL2_TC,BENIGN_DIVERSE_MODERATE,12,r12-t045-01383414,1789125501362725584,1789125501751998723,0.0,29,0,0.0,False,False,False,False
B1_RL2_TC,BENIGN_DIVERSE_MODERATE,12,r12-t046-ab96be9c,1789125501762098361,1789125502137916370,0.0,29,0,0.0,False,False,False,False
B1_RL2_TC,BENIGN_DIVERSE_MODERATE,12,r12-t047-a62e6c7e,1789125502148998872,1789125502494256633,0.0,29,0,0.0,False,False,False,False
B1_RL2_TC,BENIGN_DIVERSE_MODERATE,12,r12-t048-84de3073,1789125502504142988,1789125502874345841,0.0,29,0,0.0,False,False,False,False
B1_RL2_TC,BENIGN_DIVERSE_MODERATE,12,r12-t049-34b49d69,1789125502884270599,1789125503261330561,0.0,30,0,0.0,False,False,False,False
B5_LOCKED_TC,ATTACK_DIVERSE_HIGH,12,r12-t000-a20cbc4c,1789125515647624931,1789125515912711015,0.0,400,0,0.0,False,False,False,False
B5_LOCKED_TC,ATTACK_DIVERSE_HIGH,12,r12-t001-30760ed1,1789125516727198620,1789125517017026308,0.0,281,0,0.0,False,False,False,False
B5_LOCKED_TC,ATTACK_DIVERSE_HIGH,12,r12-t002-dbb08d4b,1789125518106282829,1789125518388656799,0.0,54,0,0.0,False,False,False,False
B5_LOCKED_TC,ATTACK_DIVERSE_HIGH,12,r12-t003-a61ca808,1789125518400361125,1789125518760332142,0.0,80,0,0.0,False,False,False,False
B5_LOCKED_TC,ATTACK_DIVERSE_HIGH,12,r12-t004-0c6962e5,1789125518771235335,1789125519107471922,0.0,155,0,0.0,False,False,False,False
B5_LOCKED_TC,ATTACK_DIVERSE_HIGH,12,r12-t005-f37f9691,1789125519119092583,1789125519414075316,0.0,187,0,0.0,False,False,False,False
B5_LOCKED_TC,ATTACK_DIVERSE_HIGH,12,r12-t006-abb31e76,1789125519425003345,1789125519785040084,0.0,238,0,0.0,False,False,False,False
B5_LOCKED_TC,ATTACK_DIVERSE_HIGH,12,r12-t007-bc662c00,1789125519797275381,1789125520128872221,0.0,314,0,0.0,False,False,False,False
B5_LOCKED_TC,ATTACK_DIVERSE_HIGH,12,r12-t008-c9b450bc,1789125520140070788,1789125520476576968,0.0,383,0,0.0,False,False,False,False
B5_LOCKED_TC,ATTACK_DIVERSE_HIGH,12,r12-t009-a5e6dc7e,1789125520487984693,1789125520878164539,0.0,406,0,0.0,False,False,False,False
B5_LOCKED_TC,ATTACK_DIVERSE_HIGH,12,r12-t010-3f516234,1789125520889189168,1789125521189710608,0.0,406,0,0.0,False,False,False,False
B5_LOCKED_TC,ATTACK_DIVERSE_HIGH,12,r12-t011-c97fedee,1789125521201920409,1789125521570393396,0.0,406,0,0.0,False,False,False,False
B5_LOCKED_TC,ATTACK_DIVERSE_HIGH,12,r12-t012-dc065edc,1789125521582238230,1789125521915776427,0.0,406,0,0.0,False,False,False,False
B5_LOCKED_TC,ATTACK_DIVERSE_HIGH,12,r12-t013-51912795,1789125521928025606,1789125522218317128,0.0,406,0,0.0,False,False,False,False
B5_LOCKED_TC,ATTACK_DIVERSE_HIGH,12,r12-t014-8b65fd8b,1789125522230045815,1789125522604313121,0.0,406,0,0.0,False,False,False,False
B5_LOCKED_TC,ATTACK_DIVERSE_HIGH,12,r12-t015-4bee8991,1789125522616112181,1789125522973706551,0.0,406,0,0.0,False,False,False,False
B5_LOCKED_TC,ATTACK_DIVERSE_HIGH,12,r12-t016-cf1d87a6,1789125522985959657,1789125523271191117,0.0,406,0,0.0,False,False,False,False
B5_LOCKED_TC,ATTACK_DIVERSE_HIGH,12,r12-t017-2baf208d,1789125523283675728,1789125523645623580,0.0,406,0,0.0,False,False,False,False
B5_LOCKED_TC,ATTACK_DIVERSE_HIGH,12,r12-t018-59acc021,1789125523657674049,1789125523953551578,0.0,406,0,0.0,False,False,False,False
B5_LOCKED_TC,ATTACK_DIVERSE_HIGH,12,r12-t019-923c07e0,1789125523965519219,1789125524313780414,0.0,406,0,0.0,False,False,False,False
B5_LOCKED_TC,ATTACK_DIVERSE_HIGH,12,r12-t020-7082915d,1789125524325788337,1789125524698694232,0.0,406,0,0.0,False,False,False,False
B5_LOCKED_TC,ATTACK_DIVERSE_HIGH,12,r12-t021-c684056d,1789125524709967833,1789125525004822839,0.0,406,0,0.0,False,False,False,False
B5_LOCKED_TC,ATTACK_DIVERSE_HIGH,12,r12-t022-fdb1c0ff,1789125525016172004,1789125525333256955,0.0,406,0,0.0,False,False,False,False
B5_LOCKED_TC,ATTACK_DIVERSE_HIGH,12,r12-t023-abb23d0c,1789125525344580178,1789125525714632838,0.0,406,0,0.0,False,False,False,False
B5_LOCKED_TC,ATTACK_DIVERSE_HIGH,12,r12-t024-53342e80,1789125525725808423,1789125526068818893,0.0,406,0,0.0,False,False,False,False
B5_LOCKED_TC,ATTACK_DIVERSE_HIGH,12,r12-t025-8a461fe6,1789125526080633990,1789125526429141783,0.0,406,0,0.0,False,False,False,False
B5_LOCKED_TC,ATTACK_DIVERSE_HIGH,12,r12-t026-6883cb01,1789125526440257463,1789125526769491843,0.0,406,0,0.0,False,False,False,False
B5_LOCKED_TC,ATTACK_DIVERSE_HIGH,12,r12-t027-52269275,1789125526781195058,1789125527080719481,0.0,406,0,0.0,False,False,False,False
B5_LOCKED_TC,ATTACK_DIVERSE_HIGH,12,r12-t028-fa46e864,1789125527092681557,1789125527424778606,0.0,406,0,0.0,False,False,False,False
B5_LOCKED_TC,ATTACK_DIVERSE_HIGH,12,r12-t029-87fe2ae9,1789125527438041216,1789125527769190740,0.0,406,0,0.0,False,False,False,False
B5_LOCKED_TC,ATTACK_DIVERSE_HIGH,12,r12-t030-3baf5ac8,1789125527780335288,1789125528124189323,0.0,406,0,0.0,False,False,False,False
B5_LOCKED_TC,ATTACK_DIVERSE_HIGH,12,r12-t031-9778d5b8,1789125528135928196,1789125528474920364,0.0,406,0,0.0,False,False,False,False
B5_LOCKED_TC,ATTACK_DIVERSE_HIGH,12,r12-t032-309bea52,1789125528485853974,1789125528805186231,0.0,406,0,0.0,False,False,False,False
B5_LOCKED_TC,ATTACK_DIVERSE_HIGH,12,r12-t033-2a634598,1789125528817020856,1789125529132910175,0.0,406,0,0.0,False,False,False,False
B5_LOCKED_TC,ATTACK_DIVERSE_HIGH,12,r12-t034-3dca0b97,1789125529144530184,1789125529838412730,0.0,406,0,0.0,False,False,False,False
B5_LOCKED_TC,ATTACK_DIVERSE_HIGH,12,r12-t035-0e598c1a,1789125529850088114,1789125530255684839,0.0,406,0,0.0,False,False,False,False
B5_LOCKED_TC,ATTACK_DIVERSE_HIGH,12,r12-t036-101e5ce9,1789125530267426161,1789125530615732588,0.0,406,0,0.0,False,False,False,False
B5_LOCKED_TC,ATTACK_DIVERSE_HIGH,12,r12-t037-f7dc4e59,1789125530627844136,1789125531000597790,0.0,406,0,0.0,False,False,False,False
B5_LOCKED_TC,ATTACK_DIVERSE_HIGH,12,r12-t038-62706ca1,1789125531012246147,1789125531322820250,0.0,406,0,0.0,False,False,False,False
B5_LOCKED_TC,ATTACK_DIVERSE_HIGH,12,r12-t039-948aef4d,1789125531334770159,1789125531642051091,0.0,406,0,0.0,False,False,False,False
B5_LOCKED_TC,ATTACK_DIVERSE_HIGH,12,r12-t040-429c357c,1789125531654362859,1789125532021512831,0.0,406,0,0.0,False,False,False,False
B5_LOCKED_TC,ATTACK_DIVERSE_HIGH,12,r12-t041-5360327c,1789125532038478587,1789125532348742992,0.0,406,0,0.0,False,False,False,False
B5_LOCKED_TC,ATTACK_DIVERSE_HIGH,12,r12-t042-79b1e5c5,1789125532359430229,1789125532664734696,0.0,406,0,0.0,False,False,False,False
B5_LOCKED_TC,ATTACK_DIVERSE_HIGH,12,r12-t043-08bd9ef6,1789125532675577204,1789125533012747938,0.0,406,0,0.0,False,False,False,False
B5_LOCKED_TC,ATTACK_DIVERSE_HIGH,12,r12-t044-d8f7f6e0,1789125533024363052,1789125533367643080,0.0,406,0,0.0,False,False,False,False
B5_LOCKED_TC,ATTACK_DIVERSE_HIGH,12,r12-t045-e3cdb21b,1789125533379023976,1789125533709980904,0.0,406,0,0.0,False,False,False,False
B5_LOCKED_TC,ATTACK_DIVERSE_HIGH,12,r12-t046-aa8ef1f2,1789125533722259521,1789125534057652326,0.0,406,0,0.0,False,False,False,False
B5_LOCKED_TC,ATTACK_DIVERSE_HIGH,12,r12-t047-b2727cd1,1789125534069806203,1789125534406944159,0.0,406,0,0.0,False,False,False,False
B5_LOCKED_TC,ATTACK_DIVERSE_HIGH,12,r12-t048-c272bcc0,1789125534418426385,1789125535073678510,0.0,406,0,0.0,False,False,False,False
B5_LOCKED_TC,ATTACK_DIVERSE_HIGH,12,r12-t049-7aeedc01,1789125535084689867,1789125535784834852,0.0,406,0,0.0,False,False,False,False
RFC_DROP_NATIVE,ATTACK_DIVERSE_MODERATE,12,r12-t000-03404590,1789125549723383239,1789125551734849524,0.0,8,0,0.0,False,False,False,False
RFC_DROP_NATIVE,ATTACK_DIVERSE_MODERATE,12,r12-t001-327952fe,1789125549729331126,1789125551741518408,0.0,8,0,0.0,False,False,False,False
RFC_DROP_NATIVE,ATTACK_DIVERSE_MODERATE,12,r12-t002-f563d2f9,1789125549738280204,1789125551747004835,0.0,8,0,0.0,False,False,False,False
RFC_DROP_NATIVE,ATTACK_DIVERSE_MODERATE,12,r12-t003-de3f381c,1789125549748657296,1789125551758961526,0.0,8,0,0.0,False,False,False,False
RFC_DROP_NATIVE,ATTACK_DIVERSE_MODERATE,12,r12-t004-12bce271,1789125549758969505,1789125551778170679,0.0,8,0,0.0,False,False,False,False
RFC_DROP_NATIVE,ATTACK_DIVERSE_MODERATE,12,r12-t005-b66255ef,1789125549768370503,1789125551777893008,0.0,7,0,0.0,False,False,False,False
RFC_DROP_NATIVE,ATTACK_DIVERSE_MODERATE,12,r12-t006-4b2e58cd,1789125549778340065,1789125551787541078,0.0,7,0,0.0,False,False,False,False
RFC_DROP_NATIVE,ATTACK_DIVERSE_MODERATE,12,r12-t007-00b3f496,1789125549788205358,1789125551798329291,0.0,7,0,0.0,False,False,False,False
RFC_DROP_NATIVE,ATTACK_DIVERSE_MODERATE,12,r12-t008-0466e31f,1789125549797883081,1789125551807144539,0.0,7,0,0.0,False,False,False,False
RFC_DROP_NATIVE,ATTACK_DIVERSE_MODERATE,12,r12-t009-dafe9a03,1789125549807926215,1789125551816980083,0.0,7,0,0.0,False,False,False,False
RFC_DROP_NATIVE,ATTACK_DIVERSE_MODERATE,12,r12-t010-da8bb86d,1789125549818451681,1789125551826789464,0.0,7,0,0.0,False,False,False,False
RFC_DROP_NATIVE,ATTACK_DIVERSE_MODERATE,12,r12-t011-42668213,1789125549828189662,1789125551838242667,0.0,7,0,0.0,False,False,False,False
RFC_DROP_NATIVE,ATTACK_DIVERSE_MODERATE,12,r12-t012-a10f7a94,1789125549838454930,1789125551847038743,0.0,7,0,0.0,False,False,False,False
RFC_DROP_NATIVE,ATTACK_DIVERSE_MODERATE,12,r12-t013-3676c75f,1789125549848257133,1789125551858155815,0.0,7,0,0.0,False,False,False,False
RFC_DROP_NATIVE,ATTACK_DIVERSE_MODERATE,12,r12-t014-0d27472a,1789125549858143866,1789125551866807296,0.0,6,0,0.0,False,False,False,False
RFC_DROP_NATIVE,ATTACK_DIVERSE_MODERATE,12,r12-t015-f88e123c,1789125549868041081,1789125551877972063,0.0,6,0,0.0,False,False,False,False
RFC_DROP_NATIVE,ATTACK_DIVERSE_MODERATE,12,r12-t016-57a02c29,1789125549879833530,1789125551890614616,0.0,6,0,0.0,False,False,False,False
RFC_DROP_NATIVE,ATTACK_DIVERSE_MODERATE,12,r12-t017-82bf2adc,1789125549888374227,1789125551898410233,0.0,6,0,0.0,False,False,False,False
RFC_DROP_NATIVE,ATTACK_DIVERSE_MODERATE,12,r12-t018-64ea9d0a,1789125549897907261,1789125551906693660,0.0,6,0,0.0,False,False,False,False
RFC_DROP_NATIVE,ATTACK_DIVERSE_MODERATE,12,r12-t019-29bfc96c,1789125549908138719,1789125551918016529,0.0,6,0,0.0,False,False,False,False
RFC_DROP_NATIVE,ATTACK_DIVERSE_MODERATE,12,r12-t020-0210ad80,1789125549918588723,1789125551929254868,0.0,6,0,0.0,False,False,False,False
RFC_DROP_NATIVE,ATTACK_DIVERSE_MODERATE,12,r12-t021-70a65749,1789125549928137152,1789125551938047734,0.0,6,0,0.0,False,False,False,False
RFC_DROP_NATIVE,ATTACK_DIVERSE_MODERATE,12,r12-t022-6d7faf30,1789125549938267364,1789125551946842299,0.0,5,0,0.0,False,False,False,False
RFC_DROP_NATIVE,ATTACK_DIVERSE_MODERATE,12,r12-t023-5589f118,1789125549948155229,1789125551958931498,0.0,5,0,0.0,False,False,False,False
RFC_DROP_NATIVE,ATTACK_DIVERSE_MODERATE,12,r12-t024-83740b20,1789125549958194395,1789125551967283114,0.0,5,0,0.0,False,False,False,False
RFC_DROP_NATIVE,ATTACK_DIVERSE_MODERATE,12,r12-t025-875d7b69,1789125549968505849,1789125551978982348,0.0,5,0,0.0,False,False,False,False
RFC_DROP_NATIVE,ATTACK_DIVERSE_MODERATE,12,r12-t026-4b0073fe,1789125549978269329,1789125551986706847,0.0,5,0,0.0,False,False,False,False
RFC_DROP_NATIVE,ATTACK_DIVERSE_MODERATE,12,r12-t027-e6826128,1789125549987978881,1789125552001000872,0.0,5,0,0.0,False,False,False,False
RFC_DROP_NATIVE,ATTACK_DIVERSE_MODERATE,12,r12-t028-382a12e9,1789125549998726482,1789125552047457518,0.0,5,0,0.0,False,False,False,False
RFC_DROP_NATIVE,ATTACK_DIVERSE_MODERATE,12,r12-t029-7ecf1f2b,1789125550027827562,1789125552038915595,0.0,5,0,0.0,False,False,False,False
RFC_DROP_NATIVE,ATTACK_DIVERSE_MODERATE,12,r12-t030-7784accb,1789125550029556951,1789125552049195030,0.0,5,0,0.0,False,False,False,False
RFC_DROP_NATIVE,ATTACK_DIVERSE_MODERATE,12,r12-t031-9fdffc90,1789125550030997810,1789125552042523031,0.0,5,0,0.0,False,False,False,False
RFC_DROP_NATIVE,ATTACK_DIVERSE_MODERATE,12,r12-t032-5aea0107,1789125550038597735,1789125552049442855,0.0,5,0,0.0,False,False,False,False
RFC_DROP_NATIVE,ATTACK_DIVERSE_MODERATE,12,r12-t033-cb7b578b,1789125550049102991,1789125552058704075,0.0,5,0,0.0,False,False,False,False
RFC_DROP_NATIVE,ATTACK_DIVERSE_MODERATE,12,r12-t034-fc8c8125,1789125550058898395,1789125552070055845,0.0,5,0,0.0,False,False,False,False
RFC_DROP_NATIVE,ATTACK_DIVERSE_MODERATE,12,r12-t035-e2f75a8d,1789125550068324327,1789125552078946744,0.0,5,0,0.0,False,False,False,False
RFC_DROP_NATIVE,ATTACK_DIVERSE_MODERATE,12,r12-t036-c3c5abd1,1789125550078945939,1789125552088623902,0.0,5,0,0.0,False,False,False,False
RFC_DROP_NATIVE,ATTACK_DIVERSE_MODERATE,12,r12-t037-a047272a,1789125550088451205,1789125552099022810,0.0,5,0,0.0,False,False,False,False
RFC_DROP_NATIVE,ATTACK_DIVERSE_MODERATE,12,r12-t038-9303832c,1789125550098493489,1789125552109900936,0.0,5,0,0.0,False,False,False,False
RFC_DROP_NATIVE,ATTACK_DIVERSE_MODERATE,12,r12-t039-e9d1c3d0,1789125550108373326,1789125552119018221,0.0,5,0,0.0,False,False,False,False
RFC_DROP_NATIVE,ATTACK_DIVERSE_MODERATE,12,r12-t040-840ff063,1789125550119124895,1789125552128856881,0.0,5,0,0.0,False,False,False,False
RFC_DROP_NATIVE,ATTACK_DIVERSE_MODERATE,12,r12-t041-a432258f,1789125550128088140,1789125552138754191,0.0,5,0,0.0,False,False,False,False
RFC_DROP_NATIVE,ATTACK_DIVERSE_MODERATE,12,r12-t042-4e549f17,1789125550138283896,1789125552149704849,0.0,5,0,0.0,False,False,False,False
RFC_DROP_NATIVE,ATTACK_DIVERSE_MODERATE,12,r12-t043-26ecc1f2,1789125550148300302,1789125552158555704,0.0,5,0,0.0,False,False,False,False
RFC_DROP_NATIVE,ATTACK_DIVERSE_MODERATE,12,r12-t044-bd8c5cf0,1789125550158301124,1789125552169597126,0.0,5,0,0.0,False,False,False,False
RFC_DROP_NATIVE,ATTACK_DIVERSE_MODERATE,12,r12-t045-01383414,1789125550168324802,1789125552178891780,0.0,5,0,0.0,False,False,False,False
RFC_DROP_NATIVE,ATTACK_DIVERSE_MODERATE,12,r12-t046-ab96be9c,1789125550178041815,1789125552187011532,0.0,5,0,0.0,False,False,False,False
RFC_DROP_NATIVE,ATTACK_DIVERSE_MODERATE,12,r12-t047-a62e6c7e,1789125550188173161,1789125552198742405,0.0,5,0,0.0,False,False,False,False
RFC_DROP_NATIVE,ATTACK_DIVERSE_MODERATE,12,r12-t048-84de3073,1789125550198470258,1789125552207004299,0.0,5,0,0.0,False,False,False,False
RFC_DROP_NATIVE,ATTACK_DIVERSE_MODERATE,12,r12-t049-34b49d69,1789125550208255178,1789125552219878149,0.0,5,0,0.0,False,False,False,False
RFC_DROP_NATIVE,ATTACK_DIVERSE_HIGH,12,r12-t000-a20cbc4c,1789125584300731492,1789125586313163133,0.0,400,0,0.0,False,False,False,False
RFC_DROP_NATIVE,ATTACK_DIVERSE_HIGH,12,r12-t001-30760ed1,1789125584308530876,1789125586319932279,0.0,400,0,0.0,False,False,False,False
RFC_DROP_NATIVE,ATTACK_DIVERSE_HIGH,12,r12-t002-dbb08d4b,1789125584318040401,1789125586328423087,0.0,400,0,0.0,False,False,False,False
RFC_DROP_NATIVE,ATTACK_DIVERSE_HIGH,12,r12-t003-a61ca808,1789125584327695672,1789125586336720354,0.0,400,0,0.0,False,False,False,False
RFC_DROP_NATIVE,ATTACK_DIVERSE_HIGH,12,r12-t004-0c6962e5,1789125584337717152,1789125586348535662,0.0,400,0,0.0,False,False,False,False
RFC_DROP_NATIVE,ATTACK_DIVERSE_HIGH,12,r12-t005-f37f9691,1789125584347754121,1789125586359283607,0.0,400,0,0.0,False,False,False,False
RFC_DROP_NATIVE,ATTACK_DIVERSE_HIGH,12,r12-t006-abb31e76,1789125584357780796,1789125586368593733,0.0,400,0,0.0,False,False,False,False
RFC_DROP_NATIVE,ATTACK_DIVERSE_HIGH,12,r12-t007-bc662c00,1789125584367747208,1789125586377573922,0.0,400,0,0.0,False,False,False,False
RFC_DROP_NATIVE,ATTACK_DIVERSE_HIGH,12,r12-t008-c9b450bc,1789125584378032126,1789125586387777702,0.0,400,0,0.0,False,False,False,False
RFC_DROP_NATIVE,ATTACK_DIVERSE_HIGH,12,r12-t009-a5e6dc7e,1789125584387984463,1789125586396874356,0.0,400,0,0.0,False,False,False,False
RFC_DROP_NATIVE,ATTACK_DIVERSE_HIGH,12,r12-t010-3f516234,1789125584397858591,1789125586409618929,0.0,400,0,0.0,False,False,False,False
RFC_DROP_NATIVE,ATTACK_DIVERSE_HIGH,12,r12-t011-c97fedee,1789125584407821885,1789125586417414252,0.0,400,0,0.0,False,False,False,False
RFC_DROP_NATIVE,ATTACK_DIVERSE_HIGH,12,r12-t012-dc065edc,1789125584417605901,1789125586428295477,0.0,400,0,0.0,False,False,False,False
RFC_DROP_NATIVE,ATTACK_DIVERSE_HIGH,12,r12-t013-51912795,1789125584428039871,1789125586437341690,0.0,400,0,0.0,False,False,False,False
RFC_DROP_NATIVE,ATTACK_DIVERSE_HIGH,12,r12-t014-8b65fd8b,1789125584437754840,1789125586448300181,0.0,400,0,0.0,False,False,False,False
RFC_DROP_NATIVE,ATTACK_DIVERSE_HIGH,12,r12-t015-4bee8991,1789125584447590901,1789125586457685400,0.0,400,0,0.0,False,False,False,False
RFC_DROP_NATIVE,ATTACK_DIVERSE_HIGH,12,r12-t016-cf1d87a6,1789125584457887627,1789125586468482558,0.0,400,0,0.0,False,False,False,False
RFC_DROP_NATIVE,ATTACK_DIVERSE_HIGH,12,r12-t017-2baf208d,1789125584467789336,1789125586476853123,0.0,400,0,0.0,False,False,False,False
RFC_DROP_NATIVE,ATTACK_DIVERSE_HIGH,12,r12-t018-59acc021,1789125584477665257,1789125586488032830,0.0,400,0,0.0,False,False,False,False
RFC_DROP_NATIVE,ATTACK_DIVERSE_HIGH,12,r12-t019-923c07e0,1789125584487911355,1789125586499275635,0.0,400,0,0.0,False,False,False,False
RFC_DROP_NATIVE,ATTACK_DIVERSE_HIGH,12,r12-t020-7082915d,1789125584498205341,1789125586518855945,0.0,400,0,0.0,False,False,False,False
RFC_DROP_NATIVE,ATTACK_DIVERSE_HIGH,12,r12-t021-c684056d,1789125584507776451,1789125586516775252,0.0,401,0,0.0,False,False,False,False
RFC_DROP_NATIVE,ATTACK_DIVERSE_HIGH,12,r12-t022-fdb1c0ff,1789125584517544881,1789125586528362635,0.0,401,0,0.0,False,False,False,False
RFC_DROP_NATIVE,ATTACK_DIVERSE_HIGH,12,r12-t023-abb23d0c,1789125584527633520,1789125586536767394,0.0,401,0,0.0,False,False,False,False
RFC_DROP_NATIVE,ATTACK_DIVERSE_HIGH,12,r12-t024-53342e80,1789125584537867998,1789125586548870887,0.0,401,0,0.0,False,False,False,False
RFC_DROP_NATIVE,ATTACK_DIVERSE_HIGH,12,r12-t025-8a461fe6,1789125584547938218,1789125586569268626,0.0,401,0,0.0,False,False,False,False
RFC_DROP_NATIVE,ATTACK_DIVERSE_HIGH,12,r12-t026-6883cb01,1789125584558053115,1789125586568928110,0.0,401,0,0.0,False,False,False,False
RFC_DROP_NATIVE,ATTACK_DIVERSE_HIGH,12,r12-t027-52269275,1789125584568446944,1789125586579486104,0.0,401,0,0.0,False,False,False,False
RFC_DROP_NATIVE,ATTACK_DIVERSE_HIGH,12,r12-t028-fa46e864,1789125584578047807,1789125586606796562,0.0,401,0,0.0,False,False,False,False
RFC_DROP_NATIVE,ATTACK_DIVERSE_HIGH,12,r12-t029-87fe2ae9,1789125584597578055,1789125586618658437,0.0,401,0,0.0,False,False,False,False
RFC_DROP_NATIVE,ATTACK_DIVERSE_HIGH,12,r12-t030-3baf5ac8,1789125584599581671,1789125586609476772,0.0,401,0,0.0,False,False,False,False
RFC_DROP_NATIVE,ATTACK_DIVERSE_HIGH,12,r12-t031-9778d5b8,1789125584607759922,1789125586617807949,0.0,401,0,0.0,False,False,False,False
RFC_DROP_NATIVE,ATTACK_DIVERSE_HIGH,12,r12-t032-309bea52,1789125584617779795,1789125586629129246,0.0,401,0,0.0,False,False,False,False
RFC_DROP_NATIVE,ATTACK_DIVERSE_HIGH,12,r12-t033-2a634598,1789125584628291033,1789125586638849126,0.0,401,0,0.0,False,False,False,False
RFC_DROP_NATIVE,ATTACK_DIVERSE_HIGH,12,r12-t034-3dca0b97,1789125584638065036,1789125586648674419,0.0,401,0,0.0,False,False,False,False
RFC_DROP_NATIVE,ATTACK_DIVERSE_HIGH,12,r12-t035-0e598c1a,1789125584648973181,1789125586660636889,0.0,401,0,0.0,False,False,False,False
RFC_DROP_NATIVE,ATTACK_DIVERSE_HIGH,12,r12-t036-101e5ce9,1789125584657468617,1789125586669410973,0.0,401,0,0.0,False,False,False,False
RFC_DROP_NATIVE,ATTACK_DIVERSE_HIGH,12,r12-t037-f7dc4e59,1789125584667723971,1789125586678975943,0.0,401,0,0.0,False,False,False,False
RFC_DROP_NATIVE,ATTACK_DIVERSE_HIGH,12,r12-t038-62706ca1,1789125584677489474,1789125586688819278,0.0,401,0,0.0,False,False,False,False
RFC_DROP_NATIVE,ATTACK_DIVERSE_HIGH,12,r12-t039-948aef4d,1789125584687521060,1789125586699473334,0.0,401,0,0.0,False,False,False,False
RFC_DROP_NATIVE,ATTACK_DIVERSE_HIGH,12,r12-t040-429c357c,1789125584698205058,1789125586708937990,0.0,401,0,0.0,False,False,False,False
RFC_DROP_NATIVE,ATTACK_DIVERSE_HIGH,12,r12-t041-5360327c,1789125584708018262,1789125586720600373,0.0,401,0,0.0,False,False,False,False
RFC_DROP_NATIVE,ATTACK_DIVERSE_HIGH,12,r12-t042-79b1e5c5,1789125584718113888,1789125586739422288,0.0,401,0,0.0,False,False,False,False
RFC_DROP_NATIVE,ATTACK_DIVERSE_HIGH,12,r12-t043-08bd9ef6,1789125584727920952,1789125586739727101,0.0,401,0,0.0,False,False,False,False
RFC_DROP_NATIVE,ATTACK_DIVERSE_HIGH,12,r12-t044-d8f7f6e0,1789125584737479687,1789125586748642586,0.0,401,0,0.0,False,False,False,False
RFC_DROP_NATIVE,ATTACK_DIVERSE_HIGH,12,r12-t045-e3cdb21b,1789125584748201753,1789125586760212968,0.0,401,0,0.0,False,False,False,False
RFC_DROP_NATIVE,ATTACK_DIVERSE_HIGH,12,r12-t046-aa8ef1f2,1789125584758082869,1789125586769258898,0.0,402,0,0.0,False,False,False,False
RFC_DROP_NATIVE,ATTACK_DIVERSE_HIGH,12,r12-t047-b2727cd1,1789125584768027178,1789125586789962110,0.0,402,0,0.0,False,False,False,False
RFC_DROP_NATIVE,ATTACK_DIVERSE_HIGH,12,r12-t048-c272bcc0,1789125584777716831,1789125586788385154,0.0,402,0,0.0,False,False,False,False
RFC_DROP_NATIVE,ATTACK_DIVERSE_HIGH,12,r12-t049-7aeedc01,1789125584787789128,1789125586798763491,0.0,402,0,0.0,False,False,False,False
B0_OFF,ATTACK_DIVERSE_HIGH,12,r12-t000-a20cbc4c,1789125620574917400,1789125620776399269,0.0,400,0,0.0,False,False,False,False
B0_OFF,ATTACK_DIVERSE_HIGH,12,r12-t001-30760ed1,1789125620787977797,1789125621093897189,0.0,401,0,0.0,False,False,False,False
B0_OFF,ATTACK_DIVERSE_HIGH,12,r12-t002-dbb08d4b,1789125621106843486,1789125621421165875,0.0,402,0,0.0,False,False,False,False
B0_OFF,ATTACK_DIVERSE_HIGH,12,r12-t003-a61ca808,1789125621433329241,1789125621787105664,0.0,403,0,0.0,False,False,False,False
B0_OFF,ATTACK_DIVERSE_HIGH,12,r12-t004-0c6962e5,1789125621798804956,1789125622144514894,0.0,404,0,0.0,False,False,False,False
B0_OFF,ATTACK_DIVERSE_HIGH,12,r12-t005-f37f9691,1789125622156019587,1789125622512257066,0.0,405,0,0.0,False,False,False,False
B0_OFF,ATTACK_DIVERSE_HIGH,12,r12-t006-abb31e76,1789125622525091097,1789125622850442112,0.0,406,0,0.0,False,False,False,False
B0_OFF,ATTACK_DIVERSE_HIGH,12,r12-t007-bc662c00,1789125622861772505,1789125623190457489,0.0,406,0,0.0,False,False,False,False
B0_OFF,ATTACK_DIVERSE_HIGH,12,r12-t008-c9b450bc,1789125623201890517,1789125623530562188,0.0,406,0,0.0,False,False,False,False
B0_OFF,ATTACK_DIVERSE_HIGH,12,r12-t009-a5e6dc7e,1789125623542037421,1789125623856557997,0.0,406,0,0.0,False,False,False,False
B0_OFF,ATTACK_DIVERSE_HIGH,12,r12-t010-3f516234,1789125623868879891,1789125624215544669,0.0,406,0,0.0,False,False,False,False
B0_OFF,ATTACK_DIVERSE_HIGH,12,r12-t011-c97fedee,1789125624227382559,1789125624547065450,0.0,406,0,0.0,False,False,False,False
B0_OFF,ATTACK_DIVERSE_HIGH,12,r12-t012-dc065edc,1789125624558192054,1789125624925216285,0.0,406,0,0.0,False,False,False,False
B0_OFF,ATTACK_DIVERSE_HIGH,12,r12-t013-51912795,1789125624937938783,1789125625268140252,0.0,406,0,0.0,False,False,False,False
B0_OFF,ATTACK_DIVERSE_HIGH,12,r12-t014-8b65fd8b,1789125625281025284,1789125625600241580,0.0,406,0,0.0,False,False,False,False
B0_OFF,ATTACK_DIVERSE_HIGH,12,r12-t015-4bee8991,1789125625612192766,1789125625963400724,0.0,405,0,0.0,False,False,False,False
B0_OFF,ATTACK_DIVERSE_HIGH,12,r12-t016-cf1d87a6,1789125625975825069,1789125626323063835,0.0,406,0,0.0,False,False,False,False
B0_OFF,ATTACK_DIVERSE_HIGH,12,r12-t017-2baf208d,1789125626334713118,1789125626650483371,0.0,406,0,0.0,False,False,False,False
B0_OFF,ATTACK_DIVERSE_HIGH,12,r12-t018-59acc021,1789125626662202715,1789125626981789285,0.0,406,0,0.0,False,False,False,False
B0_OFF,ATTACK_DIVERSE_HIGH,12,r12-t019-923c07e0,1789125626994843416,1789125627322771470,0.0,406,0,0.0,False,False,False,False
B0_OFF,ATTACK_DIVERSE_HIGH,12,r12-t020-7082915d,1789125627334315054,1789125627681676775,0.0,406,0,0.0,False,False,False,False
B0_OFF,ATTACK_DIVERSE_HIGH,12,r12-t021-c684056d,1789125627693991859,1789125628001845862,0.0,406,0,0.0,False,False,False,False
B0_OFF,ATTACK_DIVERSE_HIGH,12,r12-t022-fdb1c0ff,1789125628013763284,1789125628363209532,0.0,406,0,0.0,False,False,False,False
B0_OFF,ATTACK_DIVERSE_HIGH,12,r12-t023-abb23d0c,1789125628374989276,1789125628710111601,0.0,406,0,0.0,False,False,False,False
B0_OFF,ATTACK_DIVERSE_HIGH,12,r12-t024-53342e80,1789125628722146258,1789125629081882055,0.0,406,0,0.0,False,False,False,False
B0_OFF,ATTACK_DIVERSE_HIGH,12,r12-t025-8a461fe6,1789125629095346976,1789125629440510875,0.0,406,0,0.0,False,False,False,False
B0_OFF,ATTACK_DIVERSE_HIGH,12,r12-t026-6883cb01,1789125629453199890,1789125629766743246,0.0,406,0,0.0,False,False,False,False
B0_OFF,ATTACK_DIVERSE_HIGH,12,r12-t027-52269275,1789125629778925057,1789125630135246041,0.0,406,0,0.0,False,False,False,False
B0_OFF,ATTACK_DIVERSE_HIGH,12,r12-t028-fa46e864,1789125630147926052,1789125630466456948,0.0,406,0,0.0,False,False,False,False
B0_OFF,ATTACK_DIVERSE_HIGH,12,r12-t029-87fe2ae9,1789125630478178448,1789125630806305801,0.0,406,0,0.0,False,False,False,False
B0_OFF,ATTACK_DIVERSE_HIGH,12,r12-t030-3baf5ac8,1789125630817703639,1789125631140516883,0.0,406,0,0.0,False,False,False,False
B0_OFF,ATTACK_DIVERSE_HIGH,12,r12-t031-9778d5b8,1789125631153525715,1789125631506834706,0.0,406,0,0.0,False,False,False,False
B0_OFF,ATTACK_DIVERSE_HIGH,12,r12-t032-309bea52,1789125631518445161,1789125631835509404,0.0,406,0,0.0,False,False,False,False
B0_OFF,ATTACK_DIVERSE_HIGH,12,r12-t033-2a634598,1789125631846338703,1789125632186780247,0.0,406,0,0.0,False,False,False,False
B0_OFF,ATTACK_DIVERSE_HIGH,12,r12-t034-3dca0b97,1789125632199402411,1789125632522515460,0.0,406,0,0.0,False,False,False,False
B0_OFF,ATTACK_DIVERSE_HIGH,12,r12-t035-0e598c1a,1789125632534152352,1789125632842851168,0.0,406,0,0.0,False,False,False,False
B0_OFF,ATTACK_DIVERSE_HIGH,12,r12-t036-101e5ce9,1789125632854364726,1789125633187399812,0.0,406,0,0.0,False,False,False,False
B0_OFF,ATTACK_DIVERSE_HIGH,12,r12-t037-f7dc4e59,1789125633198540264,1789125633540589894,0.0,406,0,0.0,False,False,False,False
B0_OFF,ATTACK_DIVERSE_HIGH,12,r12-t038-62706ca1,1789125633552063435,1789125633870489376,0.0,406,0,0.0,False,False,False,False
B0_OFF,ATTACK_DIVERSE_HIGH,12,r12-t039-948aef4d,1789125633881945821,1789125634223907153,0.0,406,0,0.0,False,False,False,False
B0_OFF,ATTACK_DIVERSE_HIGH,12,r12-t040-429c357c,1789125634235000451,1789125634561525269,0.0,406,0,0.0,False,False,False,False
B0_OFF,ATTACK_DIVERSE_HIGH,12,r12-t041-5360327c,1789125634572849738,1789125634919949435,0.0,406,0,0.0,False,False,False,False
B0_OFF,ATTACK_DIVERSE_HIGH,12,r12-t042-79b1e5c5,1789125634931119289,1789125635262903553,0.0,406,0,0.0,False,False,False,False
B0_OFF,ATTACK_DIVERSE_HIGH,12,r12-t043-08bd9ef6,1789125635274914019,1789125635615195908,0.0,406,0,0.0,False,False,False,False
B0_OFF,ATTACK_DIVERSE_HIGH,12,r12-t044-d8f7f6e0,1789125635626513991,1789125635967061055,0.0,406,0,0.0,False,False,False,False
B0_OFF,ATTACK_DIVERSE_HIGH,12,r12-t045-e3cdb21b,1789125635978168537,1789125636320791350,0.0,406,0,0.0,False,False,False,False
B0_OFF,ATTACK_DIVERSE_HIGH,12,r12-t046-aa8ef1f2,1789125636332239342,1789125636646900229,0.0,407,0,0.0,False,False,False,False
B0_OFF,ATTACK_DIVERSE_HIGH,12,r12-t047-b2727cd1,1789125636658391337,1789125636970386195,0.0,406,0,0.0,False,False,False,False
B0_OFF,ATTACK_DIVERSE_HIGH,12,r12-t048-c272bcc0,1789125636981732549,1789125637334991203,0.0,406,0,0.0,False,False,False,False
B0_OFF,ATTACK_DIVERSE_HIGH,12,r12-t049-7aeedc01,1789125637346232823,1789125637639861372,0.0,406,0,0.0,False,False,False,False
B0_OFF,ATTACK_DIVERSE_MODERATE,12,r12-t000-03404590,1789125651677644164,1789125651824728504,0.0,24,0,0.0,False,False,False,False
B0_OFF,ATTACK_DIVERSE_MODERATE,12,r12-t001-327952fe,1789125651834668777,1789125652127378984,0.0,25,0,0.0,False,False,False,False
B0_OFF,ATTACK_DIVERSE_MODERATE,12,r12-t002-f563d2f9,1789125652137758516,1789125652479963097,0.0,26,0,0.0,False,False,False,False
B0_OFF,ATTACK_DIVERSE_MODERATE,12,r12-t003-de3f381c,1789125652491144101,1789125652794280519,0.0,27,0,0.0,False,False,False,False
B0_OFF,ATTACK_DIVERSE_MODERATE,12,r12-t004-12bce271,1789125652804666653,1789125653151169799,0.0,28,0,0.0,False,False,False,False
B0_OFF,ATTACK_DIVERSE_MODERATE,12,r12-t005-b66255ef,1789125653161690217,1789125653464494975,0.0,29,0,0.0,False,False,False,False
B0_OFF,ATTACK_DIVERSE_MODERATE,12,r12-t006-4b2e58cd,1789125653477884153,1789125653796337376,0.0,30,0,0.0,False,False,False,False
B0_OFF,ATTACK_DIVERSE_MODERATE,12,r12-t007-00b3f496,1789125653807032630,1789125654126647086,0.0,31,0,0.0,False,False,False,False
B0_OFF,ATTACK_DIVERSE_MODERATE,12,r12-t008-0466e31f,1789125654136831979,1789125654428894049,0.0,30,0,0.0,False,False,False,False
B0_OFF,ATTACK_DIVERSE_MODERATE,12,r12-t009-dafe9a03,1789125654439123358,1789125654770867590,0.0,31,0,0.0,False,False,False,False
B0_OFF,ATTACK_DIVERSE_MODERATE,12,r12-t010-da8bb86d,1789125654780909709,1789125655071057921,0.0,31,0,0.0,False,False,False,False
B0_OFF,ATTACK_DIVERSE_MODERATE,12,r12-t011-42668213,1789125655081956207,1789125655415807710,0.0,31,0,0.0,False,False,False,False
B0_OFF,ATTACK_DIVERSE_MODERATE,12,r12-t012-a10f7a94,1789125655426543610,1789125655731113417,0.0,31,0,0.0,False,False,False,False
B0_OFF,ATTACK_DIVERSE_MODERATE,12,r12-t013-3676c75f,1789125655741358663,1789125656056181355,0.0,31,0,0.0,False,False,False,False
B0_OFF,ATTACK_DIVERSE_MODERATE,12,r12-t014-0d27472a,1789125656066438200,1789125656393063534,0.0,31,0,0.0,False,False,False,False
B0_OFF,ATTACK_DIVERSE_MODERATE,12,r12-t015-f88e123c,1789125656403411852,1789125656745163500,0.0,31,0,0.0,False,False,False,False
B0_OFF,ATTACK_DIVERSE_MODERATE,12,r12-t016-57a02c29,1789125656755919108,1789125657090735415,0.0,31,0,0.0,False,False,False,False
B0_OFF,ATTACK_DIVERSE_MODERATE,12,r12-t017-82bf2adc,1789125657103371969,1789125657418493315,0.0,30,0,0.0,False,False,False,False
B0_OFF,ATTACK_DIVERSE_MODERATE,12,r12-t018-64ea9d0a,1789125657429352372,1789125657749187684,0.0,30,0,0.0,False,False,False,False
B0_OFF,ATTACK_DIVERSE_MODERATE,12,r12-t019-29bfc96c,1789125657761099716,1789125658064813388,0.0,30,0,0.0,False,False,False,False
B0_OFF,ATTACK_DIVERSE_MODERATE,12,r12-t020-0210ad80,1789125658075569505,1789125658408917407,0.0,30,0,0.0,False,False,False,False
B0_OFF,ATTACK_DIVERSE_MODERATE,12,r12-t021-70a65749,1789125658419481463,1789125658735089474,0.0,30,0,0.0,False,False,False,False
B0_OFF,ATTACK_DIVERSE_MODERATE,12,r12-t022-6d7faf30,1789125658745977878,1789125659085072969,0.0,30,0,0.0,False,False,False,False
B0_OFF,ATTACK_DIVERSE_MODERATE,12,r12-t023-5589f118,1789125659096113428,1789125659417503385,0.0,30,0,0.0,False,False,False,False
B0_OFF,ATTACK_DIVERSE_MODERATE,12,r12-t024-83740b20,1789125659428502716,1789125659754498744,0.0,30,0,0.0,False,False,False,False
B0_OFF,ATTACK_DIVERSE_MODERATE,12,r12-t025-875d7b69,1789125659767586471,1789125660075991571,0.0,30,0,0.0,False,False,False,False
B0_OFF,ATTACK_DIVERSE_MODERATE,12,r12-t026-4b0073fe,1789125660086603877,1789125660398963261,0.0,30,0,0.0,False,False,False,False
B0_OFF,ATTACK_DIVERSE_MODERATE,12,r12-t027-e6826128,1789125660409158375,1789125660744510822,0.0,30,0,0.0,False,False,False,False
B0_OFF,ATTACK_DIVERSE_MODERATE,12,r12-t028-382a12e9,1789125660755988710,1789125661086800014,0.0,30,0,0.0,False,False,False,False
B0_OFF,ATTACK_DIVERSE_MODERATE,12,r12-t029-7ecf1f2b,1789125661098105891,1789125661421351899,0.0,30,0,0.0,False,False,False,False
B0_OFF,ATTACK_DIVERSE_MODERATE,12,r12-t030-7784accb,1789125661433029623,1789125661760482590,0.0,30,0,0.0,False,False,False,False
B0_OFF,ATTACK_DIVERSE_MODERATE,12,r12-t031-9fdffc90,1789125661771335862,1789125662066830961,0.0,30,0,0.0,False,False,False,False
B0_OFF,ATTACK_DIVERSE_MODERATE,12,r12-t032-5aea0107,1789125662076908965,1789125662426044866,0.0,30,0,0.0,False,False,False,False
B0_OFF,ATTACK_DIVERSE_MODERATE,12,r12-t033-cb7b578b,1789125662436044079,1789125662747799738,0.0,30,0,0.0,False,False,False,False
B0_OFF,ATTACK_DIVERSE_MODERATE,12,r12-t034-fc8c8125,1789125662758844694,1789125663075668960,0.0,30,0,0.0,False,False,False,False
B0_OFF,ATTACK_DIVERSE_MODERATE,12,r12-t035-e2f75a8d,1789125663085793808,1789125663421801509,0.0,30,0,0.0,False,False,False,False
B0_OFF,ATTACK_DIVERSE_MODERATE,12,r12-t036-c3c5abd1,1789125663434947323,1789125663710205936,0.0,30,0,0.0,False,False,False,False
B0_OFF,ATTACK_DIVERSE_MODERATE,12,r12-t037-a047272a,1789125663720205242,1789125664071276453,0.0,31,0,0.0,False,False,False,False
B0_OFF,ATTACK_DIVERSE_MODERATE,12,r12-t038-9303832c,1789125664081425847,1789125664407988124,0.0,30,0,0.0,False,False,False,False
B0_OFF,ATTACK_DIVERSE_MODERATE,12,r12-t039-e9d1c3d0,1789125664419285944,1789125664753593116,0.0,30,0,0.0,False,False,False,False
B0_OFF,ATTACK_DIVERSE_MODERATE,12,r12-t040-840ff063,1789125664765804112,1789125665097157868,0.0,30,0,0.0,False,False,False,False
B0_OFF,ATTACK_DIVERSE_MODERATE,12,r12-t041-a432258f,1789125665106767434,1789125665424858641,0.0,30,0,0.0,False,False,False,False
B0_OFF,ATTACK_DIVERSE_MODERATE,12,r12-t042-4e549f17,1789125665437357914,1789125665773852042,0.0,30,0,0.0,False,False,False,False
B0_OFF,ATTACK_DIVERSE_MODERATE,12,r12-t043-26ecc1f2,1789125665783803756,1789125666106195168,0.0,30,0,0.0,False,False,False,False
B0_OFF,ATTACK_DIVERSE_MODERATE,12,r12-t044-bd8c5cf0,1789125666116230499,1789125666428630136,0.0,30,0,0.0,False,False,False,False
B0_OFF,ATTACK_DIVERSE_MODERATE,12,r12-t045-01383414,1789125666438610671,1789125666747770329,0.0,30,0,0.0,False,False,False,False
B0_OFF,ATTACK_DIVERSE_MODERATE,12,r12-t046-ab96be9c,1789125666758355760,1789125667082933986,0.0,30,0,0.0,False,False,False,False
B0_OFF,ATTACK_DIVERSE_MODERATE,12,r12-t047-a62e6c7e,1789125667093993825,1789125667414998979,0.0,30,0,0.0,False,False,False,False
B0_OFF,ATTACK_DIVERSE_MODERATE,12,r12-t048-84de3073,1789125667425703318,1789125667742877438,0.0,30,0,0.0,False,False,False,False
B0_OFF,ATTACK_DIVERSE_MODERATE,12,r12-t049-34b49d69,1789125667753108218,1789125668101152049,0.0,31,0,0.0,False,False,False,False
B0_OFF,BENIGN_DIVERSE_HIGH,12,r12-t000-a20cbc4c,1789125681762103105,1789125682503879746,0.0,400,0,0.0,False,False,False,False
B0_OFF,BENIGN_DIVERSE_HIGH,12,r12-t001-30760ed1,1789125682515963324,1789125682847895425,0.0,402,0,0.0,False,False,False,False
B0_OFF,BENIGN_DIVERSE_HIGH,12,r12-t002-dbb08d4b,1789125682860167695,1789125683183286790,0.0,403,0,0.0,False,False,False,False
B0_OFF,BENIGN_DIVERSE_HIGH,12,r12-t003-a61ca808,1789125683194853307,1789125683543490907,0.0,404,0,0.0,False,False,False,False
B0_OFF,BENIGN_DIVERSE_HIGH,12,r12-t004-0c6962e5,1789125683555616510,1789125683896187153,0.0,405,0,0.0,False,False,False,False
B0_OFF,BENIGN_DIVERSE_HIGH,12,r12-t005-f37f9691,1789125683907697474,1789125684251383902,0.0,406,0,0.0,False,False,False,False
B0_OFF,BENIGN_DIVERSE_HIGH,12,r12-t006-abb31e76,1789125684262639095,1789125684594611288,0.0,406,0,0.0,False,False,False,False
B0_OFF,BENIGN_DIVERSE_HIGH,12,r12-t007-bc662c00,1789125684605509488,1789125684976491688,0.0,406,0,0.0,False,False,False,False
B0_OFF,BENIGN_DIVERSE_HIGH,12,r12-t008-c9b450bc,1789125684987242942,1789125685327312860,0.0,406,0,0.0,False,False,False,False
B0_OFF,BENIGN_DIVERSE_HIGH,12,r12-t009-a5e6dc7e,1789125685338662180,1789125685685403647,0.0,406,0,0.0,False,False,False,False
B0_OFF,BENIGN_DIVERSE_HIGH,12,r12-t010-3f516234,1789125685697529201,1789125686031361335,0.0,406,0,0.0,False,False,False,False
B0_OFF,BENIGN_DIVERSE_HIGH,12,r12-t011-c97fedee,1789125686044005541,1789125686401140986,0.0,406,0,0.0,False,False,False,False
B0_OFF,BENIGN_DIVERSE_HIGH,12,r12-t012-dc065edc,1789125686413175902,1789125686757558299,0.0,406,0,0.0,False,False,False,False
B0_OFF,BENIGN_DIVERSE_HIGH,12,r12-t013-51912795,1789125686769597081,1789125687107394324,0.0,406,0,0.0,False,False,False,False
B0_OFF,BENIGN_DIVERSE_HIGH,12,r12-t014-8b65fd8b,1789125687119611177,1789125687436511808,0.0,406,0,0.0,False,False,False,False
B0_OFF,BENIGN_DIVERSE_HIGH,12,r12-t015-4bee8991,1789125687448141724,1789125687788519493,0.0,406,0,0.0,False,False,False,False
B0_OFF,BENIGN_DIVERSE_HIGH,12,r12-t016-cf1d87a6,1789125687802335877,1789125688147377082,0.0,406,0,0.0,False,False,False,False
B0_OFF,BENIGN_DIVERSE_HIGH,12,r12-t017-2baf208d,1789125688160091272,1789125688507312249,0.0,406,0,0.0,False,False,False,False
B0_OFF,BENIGN_DIVERSE_HIGH,12,r12-t018-59acc021,1789125688519619930,1789125688857504228,0.0,406,0,0.0,False,False,False,False
B0_OFF,BENIGN_DIVERSE_HIGH,12,r12-t019-923c07e0,1789125688868843268,1789125689227110523,0.0,406,0,0.0,False,False,False,False
B0_OFF,BENIGN_DIVERSE_HIGH,12,r12-t020-7082915d,1789125689238533885,1789125689567736915,0.0,406,0,0.0,False,False,False,False
B0_OFF,BENIGN_DIVERSE_HIGH,12,r12-t021-c684056d,1789125689579441719,1789125689909680733,0.0,406,0,0.0,False,False,False,False
B0_OFF,BENIGN_DIVERSE_HIGH,12,r12-t022-fdb1c0ff,1789125689921362429,1789125690256480488,0.0,406,0,0.0,False,False,False,False
B0_OFF,BENIGN_DIVERSE_HIGH,12,r12-t023-abb23d0c,1789125690267416981,1789125690604091184,0.0,406,0,0.0,False,False,False,False
B0_OFF,BENIGN_DIVERSE_HIGH,12,r12-t024-53342e80,1789125690615988679,1789125690977456977,0.0,406,0,0.0,False,False,False,False
B0_OFF,BENIGN_DIVERSE_HIGH,12,r12-t025-8a461fe6,1789125690990316887,1789125691341625586,0.0,406,0,0.0,False,False,False,False
B0_OFF,BENIGN_DIVERSE_HIGH,12,r12-t026-6883cb01,1789125691352734492,1789125691687812371,0.0,406,0,0.0,False,False,False,False
B0_OFF,BENIGN_DIVERSE_HIGH,12,r12-t027-52269275,1789125691700003284,1789125692044897455,0.0,406,0,0.0,False,False,False,False
B0_OFF,BENIGN_DIVERSE_HIGH,12,r12-t028-fa46e864,1789125692057224645,1789125692391048036,0.0,406,0,0.0,False,False,False,False
B0_OFF,BENIGN_DIVERSE_HIGH,12,r12-t029-87fe2ae9,1789125692402616844,1789125692751301428,0.0,406,0,0.0,False,False,False,False
B0_OFF,BENIGN_DIVERSE_HIGH,12,r12-t030-3baf5ac8,1789125692762568779,1789125693090823045,0.0,406,0,0.0,False,False,False,False
B0_OFF,BENIGN_DIVERSE_HIGH,12,r12-t031-9778d5b8,1789125693102985667,1789125693451107025,0.0,406,0,0.0,False,False,False,False
B0_OFF,BENIGN_DIVERSE_HIGH,12,r12-t032-309bea52,1789125693462275672,1789125693787311393,0.0,406,0,0.0,False,False,False,False
B0_OFF,BENIGN_DIVERSE_HIGH,12,r12-t033-2a634598,1789125693798660183,1789125694128736704,0.0,406,0,0.0,False,False,False,False
B0_OFF,BENIGN_DIVERSE_HIGH,12,r12-t034-3dca0b97,1789125694141484789,1789125694475893737,0.0,406,0,0.0,False,False,False,False
B0_OFF,BENIGN_DIVERSE_HIGH,12,r12-t035-0e598c1a,1789125694486824727,1789125694830647622,0.0,406,0,0.0,False,False,False,False
B0_OFF,BENIGN_DIVERSE_HIGH,12,r12-t036-101e5ce9,1789125694842046609,1789125695214293364,0.0,406,0,0.0,False,False,False,False
B0_OFF,BENIGN_DIVERSE_HIGH,12,r12-t037-f7dc4e59,1789125695226462834,1789125695556203089,0.0,406,0,0.0,False,False,False,False
B0_OFF,BENIGN_DIVERSE_HIGH,12,r12-t038-62706ca1,1789125695567644109,1789125695907166852,0.0,406,0,0.0,False,False,False,False
B0_OFF,BENIGN_DIVERSE_HIGH,12,r12-t039-948aef4d,1789125695918784917,1789125696281504292,0.0,406,0,0.0,False,False,False,False
B0_OFF,BENIGN_DIVERSE_HIGH,12,r12-t040-429c357c,1789125696292686545,1789125696643312728,0.0,406,0,0.0,False,False,False,False
B0_OFF,BENIGN_DIVERSE_HIGH,12,r12-t041-5360327c,1789125696655113468,1789125696971186067,0.0,406,0,0.0,False,False,False,False
B0_OFF,BENIGN_DIVERSE_HIGH,12,r12-t042-79b1e5c5,1789125696982589275,1789125697328031764,0.0,406,0,0.0,False,False,False,False
B0_OFF,BENIGN_DIVERSE_HIGH,12,r12-t043-08bd9ef6,1789125697340835393,1789125697676086225,0.0,406,0,0.0,False,False,False,False
B0_OFF,BENIGN_DIVERSE_HIGH,12,r12-t044-d8f7f6e0,1789125697687633267,1789125698023158629,0.0,406,0,0.0,False,False,False,False
B0_OFF,BENIGN_DIVERSE_HIGH,12,r12-t045-e3cdb21b,1789125698035016697,1789125698386473131,0.0,406,0,0.0,False,False,False,False
B0_OFF,BENIGN_DIVERSE_HIGH,12,r12-t046-aa8ef1f2,1789125698403027664,1789125698747729035,0.0,405,0,0.0,False,False,False,False
B0_OFF,BENIGN_DIVERSE_HIGH,12,r12-t047-b2727cd1,1789125698760852510,1789125699091173161,0.0,406,0,0.0,False,False,False,False
B0_OFF,BENIGN_DIVERSE_HIGH,12,r12-t048-c272bcc0,1789125699102444453,1789125699431915244,0.0,406,0,0.0,False,False,False,False
B0_OFF,BENIGN_DIVERSE_HIGH,12,r12-t049-7aeedc01,1789125699443453184,1789125699787417848,0.0,406,0,0.0,False,False,False,False
B1_RL2_TC,BENIGN_DIVERSE_HIGH,12,r12-t000-a20cbc4c,1789125714866974089,1789125715678550558,0.0,400,0,0.0,False,False,False,False
B1_RL2_TC,BENIGN_DIVERSE_HIGH,12,r12-t001-30760ed1,1789125715690191604,1789125716092030670,0.0,402,0,0.0,False,False,False,False
B1_RL2_TC,BENIGN_DIVERSE_HIGH,12,r12-t002-dbb08d4b,1789125716104610415,1789125716500960369,0.0,403,0,0.0,False,False,False,False
B1_RL2_TC,BENIGN_DIVERSE_HIGH,12,r12-t003-a61ca808,1789125716512775007,1789125716934393254,0.0,403,0,0.0,False,False,False,False
B1_RL2_TC,BENIGN_DIVERSE_HIGH,12,r12-t004-0c6962e5,1789125716945209691,1789125717348202983,0.0,405,0,0.0,False,False,False,False
B1_RL2_TC,BENIGN_DIVERSE_HIGH,12,r12-t005-f37f9691,1789125717359568432,1789125717744870179,0.0,405,0,0.0,False,False,False,False
B1_RL2_TC,BENIGN_DIVERSE_HIGH,12,r12-t006-abb31e76,1789125717755722414,1789125718169730827,0.0,405,0,0.0,False,False,False,False
B1_RL2_TC,BENIGN_DIVERSE_HIGH,12,r12-t007-bc662c00,1789125718181694885,1789125718582475704,0.0,405,0,0.0,False,False,False,False
B1_RL2_TC,BENIGN_DIVERSE_HIGH,12,r12-t008-c9b450bc,1789125718596059452,1789125719007732779,0.0,405,0,0.0,False,False,False,False
B1_RL2_TC,BENIGN_DIVERSE_HIGH,12,r12-t009-a5e6dc7e,1789125719018884981,1789125719407122230,0.0,405,0,0.0,False,False,False,False
B1_RL2_TC,BENIGN_DIVERSE_HIGH,12,r12-t010-3f516234,1789125719418376512,1789125719828017526,0.0,405,0,0.0,False,False,False,False
B1_RL2_TC,BENIGN_DIVERSE_HIGH,12,r12-t011-c97fedee,1789125719840166545,1789125720255254001,0.0,405,0,0.0,False,False,False,False
B1_RL2_TC,BENIGN_DIVERSE_HIGH,12,r12-t012-dc065edc,1789125720267208508,1789125720655928807,0.0,405,0,0.0,False,False,False,False
B1_RL2_TC,BENIGN_DIVERSE_HIGH,12,r12-t013-51912795,1789125720667261474,1789125721047864789,0.0,405,0,0.0,False,False,False,False
B1_RL2_TC,BENIGN_DIVERSE_HIGH,12,r12-t014-8b65fd8b,1789125721059616636,1789125721476281168,0.0,405,0,0.0,False,False,False,False
B1_RL2_TC,BENIGN_DIVERSE_HIGH,12,r12-t015-4bee8991,1789125721487803384,1789125721861424106,0.0,405,0,0.0,False,False,False,False
B1_RL2_TC,BENIGN_DIVERSE_HIGH,12,r12-t016-cf1d87a6,1789125721873564979,1789125722283790561,0.0,405,0,0.0,False,False,False,False
B1_RL2_TC,BENIGN_DIVERSE_HIGH,12,r12-t017-2baf208d,1789125722294810152,1789125722698189402,0.0,405,0,0.0,False,False,False,False
B1_RL2_TC,BENIGN_DIVERSE_HIGH,12,r12-t018-59acc021,1789125722709124054,1789125723078271927,0.0,405,0,0.0,False,False,False,False
B1_RL2_TC,BENIGN_DIVERSE_HIGH,12,r12-t019-923c07e0,1789125723090069662,1789125723479956662,0.0,405,0,0.0,False,False,False,False
B1_RL2_TC,BENIGN_DIVERSE_HIGH,12,r12-t020-7082915d,1789125723492530386,1789125723897097876,0.0,405,0,0.0,False,False,False,False
B1_RL2_TC,BENIGN_DIVERSE_HIGH,12,r12-t021-c684056d,1789125723909456017,1789125724318100682,0.0,405,0,0.0,False,False,False,False
B1_RL2_TC,BENIGN_DIVERSE_HIGH,12,r12-t022-fdb1c0ff,1789125724329395513,1789125724731554495,0.0,405,0,0.0,False,False,False,False
B1_RL2_TC,BENIGN_DIVERSE_HIGH,12,r12-t023-abb23d0c,1789125724742662120,1789125725135947702,0.0,405,0,0.0,False,False,False,False
B1_RL2_TC,BENIGN_DIVERSE_HIGH,12,r12-t024-53342e80,1789125725146710222,1789125725539915920,0.0,405,0,0.0,False,False,False,False
B1_RL2_TC,BENIGN_DIVERSE_HIGH,12,r12-t025-8a461fe6,1789125725552385975,1789125725963687287,0.0,405,0,0.0,False,False,False,False
B1_RL2_TC,BENIGN_DIVERSE_HIGH,12,r12-t026-6883cb01,1789125725975523645,1789125726355861996,0.0,405,0,0.0,False,False,False,False
B1_RL2_TC,BENIGN_DIVERSE_HIGH,12,r12-t027-52269275,1789125726367305269,1789125726758616482,0.0,405,0,0.0,False,False,False,False
B1_RL2_TC,BENIGN_DIVERSE_HIGH,12,r12-t028-fa46e864,1789125726769937348,1789125727186980810,0.0,405,0,0.0,False,False,False,False
B1_RL2_TC,BENIGN_DIVERSE_HIGH,12,r12-t029-87fe2ae9,1789125727198436079,1789125727606480264,0.0,405,0,0.0,False,False,False,False
B1_RL2_TC,BENIGN_DIVERSE_HIGH,12,r12-t030-3baf5ac8,1789125727617799537,1789125728034644676,0.0,405,0,0.0,False,False,False,False
B1_RL2_TC,BENIGN_DIVERSE_HIGH,12,r12-t031-9778d5b8,1789125728045386411,1789125728442390907,0.0,405,0,0.0,False,False,False,False
B1_RL2_TC,BENIGN_DIVERSE_HIGH,12,r12-t032-309bea52,1789125728453620766,1789125728827576854,0.0,405,0,0.0,False,False,False,False
B1_RL2_TC,BENIGN_DIVERSE_HIGH,12,r12-t033-2a634598,1789125728839079736,1789125729235317931,0.0,405,0,0.0,False,False,False,False
B1_RL2_TC,BENIGN_DIVERSE_HIGH,12,r12-t034-3dca0b97,1789125729246955121,1789125729628833669,0.0,405,0,0.0,False,False,False,False
B1_RL2_TC,BENIGN_DIVERSE_HIGH,12,r12-t035-0e598c1a,1789125729639624515,1789125730052265955,0.0,405,0,0.0,False,False,False,False
B1_RL2_TC,BENIGN_DIVERSE_HIGH,12,r12-t036-101e5ce9,1789125730063973346,1789125730462191499,0.0,405,0,0.0,False,False,False,False
B1_RL2_TC,BENIGN_DIVERSE_HIGH,12,r12-t037-f7dc4e59,1789125730473753429,1789125730893785528,0.0,405,0,0.0,False,False,False,False
B1_RL2_TC,BENIGN_DIVERSE_HIGH,12,r12-t038-62706ca1,1789125730904687158,1789125731305763575,0.0,405,0,0.0,False,False,False,False
B1_RL2_TC,BENIGN_DIVERSE_HIGH,12,r12-t039-948aef4d,1789125731318196499,1789125731715719769,0.0,405,0,0.0,False,False,False,False
B1_RL2_TC,BENIGN_DIVERSE_HIGH,12,r12-t040-429c357c,1789125731726714937,1789125732115384862,0.0,405,0,0.0,False,False,False,False
B1_RL2_TC,BENIGN_DIVERSE_HIGH,12,r12-t041-5360327c,1789125732126892337,1789125732537778572,0.0,405,0,0.0,False,False,False,False
B1_RL2_TC,BENIGN_DIVERSE_HIGH,12,r12-t042-79b1e5c5,1789125732548820604,1789125732950603995,0.0,405,0,0.0,False,False,False,False
B1_RL2_TC,BENIGN_DIVERSE_HIGH,12,r12-t043-08bd9ef6,1789125732961601507,1789125733351806942,0.0,405,0,0.0,False,False,False,False
B1_RL2_TC,BENIGN_DIVERSE_HIGH,12,r12-t044-d8f7f6e0,1789125733363608813,1789125733779667012,0.0,405,0,0.0,False,False,False,False
B1_RL2_TC,BENIGN_DIVERSE_HIGH,12,r12-t045-e3cdb21b,1789125733791431499,1789125734160395286,0.0,405,0,0.0,False,False,False,False
B1_RL2_TC,BENIGN_DIVERSE_HIGH,12,r12-t046-aa8ef1f2,1789125734171127986,1789125734540088656,0.0,405,0,0.0,False,False,False,False
B1_RL2_TC,BENIGN_DIVERSE_HIGH,12,r12-t047-b2727cd1,1789125734551124867,1789125734932633352,0.0,405,0,0.0,False,False,False,False
B1_RL2_TC,BENIGN_DIVERSE_HIGH,12,r12-t048-c272bcc0,1789125734946544416,1789125735309382462,0.0,405,0,0.0,False,False,False,False
B1_RL2_TC,BENIGN_DIVERSE_HIGH,12,r12-t049-7aeedc01,1789125735320345014,1789125735734420837,0.0,405,0,0.0,False,False,False,False
B1_RL2_TC,ATTACK_DIVERSE_HIGH,12,r12-t000-a20cbc4c,1789125750917258480,1789125751199919424,0.0,400,0,0.0,False,False,False,False
B1_RL2_TC,ATTACK_DIVERSE_HIGH,12,r12-t001-30760ed1,1789125751212374392,1789125751434956020,0.0,401,0,0.0,False,False,False,False
B1_RL2_TC,ATTACK_DIVERSE_HIGH,12,r12-t002-dbb08d4b,1789125751446222130,1789125751850977237,0.0,402,0,0.0,False,False,False,False
B1_RL2_TC,ATTACK_DIVERSE_HIGH,12,r12-t003-a61ca808,1789125751861625008,1789125752140766234,0.0,403,0,0.0,False,False,False,False
B1_RL2_TC,ATTACK_DIVERSE_HIGH,12,r12-t004-0c6962e5,1789125752151996391,1789125752517812796,0.0,404,0,0.0,False,False,False,False
B1_RL2_TC,ATTACK_DIVERSE_HIGH,12,r12-t005-f37f9691,1789125752528817313,1789125752856449613,0.0,405,0,0.0,False,False,False,False
B1_RL2_TC,ATTACK_DIVERSE_HIGH,12,r12-t006-abb31e76,1789125752867554853,1789125753210212931,0.0,406,0,0.0,False,False,False,False
B1_RL2_TC,ATTACK_DIVERSE_HIGH,12,r12-t007-bc662c00,1789125753221549060,1789125753572133651,0.0,406,0,0.0,False,False,False,False
B1_RL2_TC,ATTACK_DIVERSE_HIGH,12,r12-t008-c9b450bc,1789125753583926589,1789125753933457544,0.0,406,0,0.0,False,False,False,False
B1_RL2_TC,ATTACK_DIVERSE_HIGH,12,r12-t009-a5e6dc7e,1789125753945522355,1789125754271198560,0.0,406,0,0.0,False,False,False,False
B1_RL2_TC,ATTACK_DIVERSE_HIGH,12,r12-t010-3f516234,1789125754284389126,1789125754616432725,0.0,405,0,0.0,False,False,False,False
B1_RL2_TC,ATTACK_DIVERSE_HIGH,12,r12-t011-c97fedee,1789125754627575195,1789125754945383407,0.0,406,0,0.0,False,False,False,False
B1_RL2_TC,ATTACK_DIVERSE_HIGH,12,r12-t012-dc065edc,1789125754957217797,1789125755271517359,0.0,406,0,0.0,False,False,False,False
B1_RL2_TC,ATTACK_DIVERSE_HIGH,12,r12-t013-51912795,1789125755282879841,1789125755596226301,0.0,406,0,0.0,False,False,False,False
B1_RL2_TC,ATTACK_DIVERSE_HIGH,12,r12-t014-8b65fd8b,1789125755607429260,1789125755921775432,0.0,406,0,0.0,False,False,False,False
B1_RL2_TC,ATTACK_DIVERSE_HIGH,12,r12-t015-4bee8991,1789125755932503200,1789125756288243808,0.0,406,0,0.0,False,False,False,False
B1_RL2_TC,ATTACK_DIVERSE_HIGH,12,r12-t016-cf1d87a6,1789125756299535202,1789125756654431963,0.0,407,0,0.0,False,False,False,False
B1_RL2_TC,ATTACK_DIVERSE_HIGH,12,r12-t017-2baf208d,1789125756666710691,1789125756969926959,0.0,406,0,0.0,False,False,False,False
B1_RL2_TC,ATTACK_DIVERSE_HIGH,12,r12-t018-59acc021,1789125756981000594,1789125757319143746,0.0,406,0,0.0,False,False,False,False
B1_RL2_TC,ATTACK_DIVERSE_HIGH,12,r12-t019-923c07e0,1789125757331449670,1789125757646785800,0.0,406,0,0.0,False,False,False,False
B1_RL2_TC,ATTACK_DIVERSE_HIGH,12,r12-t020-7082915d,1789125757657631920,1789125758015631820,0.0,406,0,0.0,False,False,False,False
B1_RL2_TC,ATTACK_DIVERSE_HIGH,12,r12-t021-c684056d,1789125758026637932,1789125758305799415,0.0,406,0,0.0,False,False,False,False
B1_RL2_TC,ATTACK_DIVERSE_HIGH,12,r12-t022-fdb1c0ff,1789125758316997872,1789125758656446088,0.0,406,0,0.0,False,False,False,False
B1_RL2_TC,ATTACK_DIVERSE_HIGH,12,r12-t023-abb23d0c,1789125758667593622,1789125758978076368,0.0,406,0,0.0,False,False,False,False
B1_RL2_TC,ATTACK_DIVERSE_HIGH,12,r12-t024-53342e80,1789125758991076933,1789125759326590638,0.0,406,0,0.0,False,False,False,False
B1_RL2_TC,ATTACK_DIVERSE_HIGH,12,r12-t025-8a461fe6,1789125759337639419,1789125759689368520,0.0,406,0,0.0,False,False,False,False
B1_RL2_TC,ATTACK_DIVERSE_HIGH,12,r12-t026-6883cb01,1789125759701037048,1789125760060629844,0.0,406,0,0.0,False,False,False,False
B1_RL2_TC,ATTACK_DIVERSE_HIGH,12,r12-t027-52269275,1789125760072355549,1789125760398079756,0.0,406,0,0.0,False,False,False,False
B1_RL2_TC,ATTACK_DIVERSE_HIGH,12,r12-t028-fa46e864,1789125760410387278,1789125760765480763,0.0,406,0,0.0,False,False,False,False
B1_RL2_TC,ATTACK_DIVERSE_HIGH,12,r12-t029-87fe2ae9,1789125760776425074,1789125761106763134,0.0,406,0,0.0,False,False,False,False
B1_RL2_TC,ATTACK_DIVERSE_HIGH,12,r12-t030-3baf5ac8,1789125761118706457,1789125761459827963,0.0,406,0,0.0,False,False,False,False
B1_RL2_TC,ATTACK_DIVERSE_HIGH,12,r12-t031-9778d5b8,1789125761471566353,1789125761797684922,0.0,406,0,0.0,False,False,False,False
B1_RL2_TC,ATTACK_DIVERSE_HIGH,12,r12-t032-309bea52,1789125761808863294,1789125762148571412,0.0,406,0,0.0,False,False,False,False
B1_RL2_TC,ATTACK_DIVERSE_HIGH,12,r12-t033-2a634598,1789125762161090539,1789125762500808993,0.0,406,0,0.0,False,False,False,False
B1_RL2_TC,ATTACK_DIVERSE_HIGH,12,r12-t034-3dca0b97,1789125762512131598,1789125762851907840,0.0,406,0,0.0,False,False,False,False
B1_RL2_TC,ATTACK_DIVERSE_HIGH,12,r12-t035-0e598c1a,1789125762862849426,1789125763149003854,0.0,406,0,0.0,False,False,False,False
B1_RL2_TC,ATTACK_DIVERSE_HIGH,12,r12-t036-101e5ce9,1789125763160546895,1789125763537320498,0.0,406,0,0.0,False,False,False,False
B1_RL2_TC,ATTACK_DIVERSE_HIGH,12,r12-t037-f7dc4e59,1789125763550034597,1789125763866780476,0.0,406,0,0.0,False,False,False,False
B1_RL2_TC,ATTACK_DIVERSE_HIGH,12,r12-t038-62706ca1,1789125763879256473,1789125764210623707,0.0,406,0,0.0,False,False,False,False
B1_RL2_TC,ATTACK_DIVERSE_HIGH,12,r12-t039-948aef4d,1789125764222516572,1789125764600322167,0.0,406,0,0.0,False,False,False,False
B1_RL2_TC,ATTACK_DIVERSE_HIGH,12,r12-t040-429c357c,1789125764611633591,1789125764892704446,0.0,406,0,0.0,False,False,False,False
B1_RL2_TC,ATTACK_DIVERSE_HIGH,12,r12-t041-5360327c,1789125764904435883,1789125765244323752,0.0,406,0,0.0,False,False,False,False
B1_RL2_TC,ATTACK_DIVERSE_HIGH,12,r12-t042-79b1e5c5,1789125765257087088,1789125765603538913,0.0,406,0,0.0,False,False,False,False
B1_RL2_TC,ATTACK_DIVERSE_HIGH,12,r12-t043-08bd9ef6,1789125765614320573,1789125765946695933,0.0,405,0,0.0,False,False,False,False
B1_RL2_TC,ATTACK_DIVERSE_HIGH,12,r12-t044-d8f7f6e0,1789125765961570236,1789125766280388745,0.0,406,0,0.0,False,False,False,False
B1_RL2_TC,ATTACK_DIVERSE_HIGH,12,r12-t045-e3cdb21b,1789125766292677194,1789125766626395657,0.0,406,0,0.0,False,False,False,False
B1_RL2_TC,ATTACK_DIVERSE_HIGH,12,r12-t046-aa8ef1f2,1789125766637209266,1789125766966531870,0.0,406,0,0.0,False,False,False,False
B1_RL2_TC,ATTACK_DIVERSE_HIGH,12,r12-t047-b2727cd1,1789125766978189076,1789125767323336134,0.0,406,0,0.0,False,False,False,False
B1_RL2_TC,ATTACK_DIVERSE_HIGH,12,r12-t048-c272bcc0,1789125767334166374,1789125767680119633,0.0,406,0,0.0,False,False,False,False
B1_RL2_TC,ATTACK_DIVERSE_HIGH,12,r12-t049-7aeedc01,1789125767691448252,1789125768059343879,0.0,406,0,0.0,False,False,False,False
B5_LOCKED_TC,BENIGN_DIVERSE_MODERATE,12,r12-t000-03404590,1789125782079400146,1789125782454022097,0.0,24,0,0.0,False,False,False,False
B5_LOCKED_TC,BENIGN_DIVERSE_MODERATE,12,r12-t001-327952fe,1789125782465144264,1789125782788870867,0.0,25,0,0.0,False,False,False,False
B5_LOCKED_TC,BENIGN_DIVERSE_MODERATE,12,r12-t002-f563d2f9,1789125782798809732,1789125783145595395,0.0,26,0,0.0,False,False,False,False
B5_LOCKED_TC,BENIGN_DIVERSE_MODERATE,12,r12-t003-de3f381c,1789125783156408563,1789125783499843691,0.0,27,0,0.0,False,False,False,False
B5_LOCKED_TC,BENIGN_DIVERSE_MODERATE,12,r12-t004-12bce271,1789125783510133691,1789125783844252382,0.0,28,0,0.0,False,False,False,False
B5_LOCKED_TC,BENIGN_DIVERSE_MODERATE,12,r12-t005-b66255ef,1789125783854269864,1789125784229749527,0.0,29,0,0.0,False,False,False,False
B5_LOCKED_TC,BENIGN_DIVERSE_MODERATE,12,r12-t006-4b2e58cd,1789125784240703432,1789125784591698474,0.0,30,0,0.0,False,False,False,False
B5_LOCKED_TC,BENIGN_DIVERSE_MODERATE,12,r12-t007-00b3f496,1789125784603818712,1789125784957951157,0.0,30,0,0.0,False,False,False,False
B5_LOCKED_TC,BENIGN_DIVERSE_MODERATE,12,r12-t008-0466e31f,1789125784968666194,1789125785312482999,0.0,30,0,0.0,False,False,False,False
B5_LOCKED_TC,BENIGN_DIVERSE_MODERATE,12,r12-t009-dafe9a03,1789125785323017614,1789125785656453044,0.0,30,0,0.0,False,False,False,False
B5_LOCKED_TC,BENIGN_DIVERSE_MODERATE,12,r12-t010-da8bb86d,1789125785669057757,1789125786000476670,0.0,30,0,0.0,False,False,False,False
B5_LOCKED_TC,BENIGN_DIVERSE_MODERATE,12,r12-t011-42668213,1789125786014145624,1789125786334561241,0.0,30,0,0.0,False,False,False,False
B5_LOCKED_TC,BENIGN_DIVERSE_MODERATE,12,r12-t012-a10f7a94,1789125786344591435,1789125786676572722,0.0,30,0,0.0,False,False,False,False
B5_LOCKED_TC,BENIGN_DIVERSE_MODERATE,12,r12-t013-3676c75f,1789125786687817302,1789125787027327604,0.0,30,0,0.0,False,False,False,False
B5_LOCKED_TC,BENIGN_DIVERSE_MODERATE,12,r12-t014-0d27472a,1789125787038193771,1789125787379180258,0.0,30,0,0.0,False,False,False,False
B5_LOCKED_TC,BENIGN_DIVERSE_MODERATE,12,r12-t015-f88e123c,1789125787389204832,1789125787713878439,0.0,30,0,0.0,False,False,False,False
B5_LOCKED_TC,BENIGN_DIVERSE_MODERATE,12,r12-t016-57a02c29,1789125787725423408,1789125788052320473,0.0,30,0,0.0,False,False,False,False
B5_LOCKED_TC,BENIGN_DIVERSE_MODERATE,12,r12-t017-82bf2adc,1789125788062669226,1789125788411960287,0.0,30,0,0.0,False,False,False,False
B5_LOCKED_TC,BENIGN_DIVERSE_MODERATE,12,r12-t018-64ea9d0a,1789125788421890445,1789125788750587968,0.0,30,0,0.0,False,False,False,False
B5_LOCKED_TC,BENIGN_DIVERSE_MODERATE,12,r12-t019-29bfc96c,1789125788762084231,1789125789123214000,0.0,30,0,0.0,False,False,False,False
B5_LOCKED_TC,BENIGN_DIVERSE_MODERATE,12,r12-t020-0210ad80,1789125789133558351,1789125789486824810,0.0,30,0,0.0,False,False,False,False
B5_LOCKED_TC,BENIGN_DIVERSE_MODERATE,12,r12-t021-70a65749,1789125789497278188,1789125789826563189,0.0,30,0,0.0,False,False,False,False
B5_LOCKED_TC,BENIGN_DIVERSE_MODERATE,12,r12-t022-6d7faf30,1789125789840031883,1789125790172567489,0.0,30,0,0.0,False,False,False,False
B5_LOCKED_TC,BENIGN_DIVERSE_MODERATE,12,r12-t023-5589f118,1789125790183330624,1789125790543037129,0.0,30,0,0.0,False,False,False,False
B5_LOCKED_TC,BENIGN_DIVERSE_MODERATE,12,r12-t024-83740b20,1789125790553621641,1789125790890528761,0.0,30,0,0.0,False,False,False,False
B5_LOCKED_TC,BENIGN_DIVERSE_MODERATE,12,r12-t025-875d7b69,1789125790902002637,1789125791250222527,0.0,30,0,0.0,False,False,False,False
B5_LOCKED_TC,BENIGN_DIVERSE_MODERATE,12,r12-t026-4b0073fe,1789125791262582771,1789125791587190905,0.0,30,0,0.0,False,False,False,False
B5_LOCKED_TC,BENIGN_DIVERSE_MODERATE,12,r12-t027-e6826128,1789125791597315046,1789125791924382490,0.0,30,0,0.0,False,False,False,False
B5_LOCKED_TC,BENIGN_DIVERSE_MODERATE,12,r12-t028-382a12e9,1789125791935124362,1789125792273753542,0.0,30,0,0.0,False,False,False,False
B5_LOCKED_TC,BENIGN_DIVERSE_MODERATE,12,r12-t029-7ecf1f2b,1789125792285624471,1789125792638489662,0.0,30,0,0.0,False,False,False,False
B5_LOCKED_TC,BENIGN_DIVERSE_MODERATE,12,r12-t030-7784accb,1789125792648391157,1789125792998524936,0.0,30,0,0.0,False,False,False,False
B5_LOCKED_TC,BENIGN_DIVERSE_MODERATE,12,r12-t031-9fdffc90,1789125793008540892,1789125793324032176,0.0,30,0,0.0,False,False,False,False
B5_LOCKED_TC,BENIGN_DIVERSE_MODERATE,12,r12-t032-5aea0107,1789125793335768507,1789125793684428295,0.0,30,0,0.0,False,False,False,False
B5_LOCKED_TC,BENIGN_DIVERSE_MODERATE,12,r12-t033-cb7b578b,1789125793695200773,1789125794029263619,0.0,30,0,0.0,False,False,False,False
B5_LOCKED_TC,BENIGN_DIVERSE_MODERATE,12,r12-t034-fc8c8125,1789125794039347048,1789125794380345453,0.0,30,0,0.0,False,False,False,False
B5_LOCKED_TC,BENIGN_DIVERSE_MODERATE,12,r12-t035-e2f75a8d,1789125794391222888,1789125794742885518,0.0,30,0,0.0,False,False,False,False
B5_LOCKED_TC,BENIGN_DIVERSE_MODERATE,12,r12-t036-c3c5abd1,1789125794753827056,1789125795117107469,0.0,30,0,0.0,False,False,False,False
B5_LOCKED_TC,BENIGN_DIVERSE_MODERATE,12,r12-t037-a047272a,1789125795127493721,1789125795475578861,0.0,30,0,0.0,False,False,False,False
B5_LOCKED_TC,BENIGN_DIVERSE_MODERATE,12,r12-t038-9303832c,1789125795486207692,1789125795829355510,0.0,30,0,0.0,False,False,False,False
B5_LOCKED_TC,BENIGN_DIVERSE_MODERATE,12,r12-t039-e9d1c3d0,1789125795839190903,1789125796186924083,0.0,30,0,0.0,False,False,False,False
B5_LOCKED_TC,BENIGN_DIVERSE_MODERATE,12,r12-t040-840ff063,1789125796196726151,1789125796560524573,0.0,30,0,0.0,False,False,False,False
B5_LOCKED_TC,BENIGN_DIVERSE_MODERATE,12,r12-t041-a432258f,1789125796570832884,1789125796888158197,0.0,30,0,0.0,False,False,False,False
B5_LOCKED_TC,BENIGN_DIVERSE_MODERATE,12,r12-t042-4e549f17,1789125796898107584,1789125797254201294,0.0,30,0,0.0,False,False,False,False
B5_LOCKED_TC,BENIGN_DIVERSE_MODERATE,12,r12-t043-26ecc1f2,1789125797265127677,1789125797582121174,0.0,30,0,0.0,False,False,False,False
B5_LOCKED_TC,BENIGN_DIVERSE_MODERATE,12,r12-t044-bd8c5cf0,1789125797592849221,1789125797919338199,0.0,30,0,0.0,False,False,False,False
B5_LOCKED_TC,BENIGN_DIVERSE_MODERATE,12,r12-t045-01383414,1789125797930214033,1789125798292782149,0.0,30,0,0.0,False,False,False,False
B5_LOCKED_TC,BENIGN_DIVERSE_MODERATE,12,r12-t046-ab96be9c,1789125798304264286,1789125798633611585,0.0,30,0,0.0,False,False,False,False
B5_LOCKED_TC,BENIGN_DIVERSE_MODERATE,12,r12-t047-a62e6c7e,1789125798645168184,1789125798987868591,0.0,30,0,0.0,False,False,False,False
B5_LOCKED_TC,BENIGN_DIVERSE_MODERATE,12,r12-t048-84de3073,1789125798999020796,1789125799377412046,0.0,30,0,0.0,False,False,False,False
B5_LOCKED_TC,BENIGN_DIVERSE_MODERATE,12,r12-t049-34b49d69,1789125799388537048,1789125799723646550,0.0,30,0,0.0,False,False,False,False
RFC_DROP_NATIVE,BENIGN_DIVERSE_HIGH,12,r12-t000-a20cbc4c,1789125813726783049,1789125815738266927,0.0,400,0,0.0,False,False,False,False
RFC_DROP_NATIVE,BENIGN_DIVERSE_HIGH,12,r12-t001-30760ed1,1789125813734174830,1789125815745794238,0.0,400,0,0.0,False,False,False,False
RFC_DROP_NATIVE,BENIGN_DIVERSE_HIGH,12,r12-t002-dbb08d4b,1789125813743915614,1789125815753490096,0.0,400,0,0.0,False,False,False,False
RFC_DROP_NATIVE,BENIGN_DIVERSE_HIGH,12,r12-t003-a61ca808,1789125813754043628,1789125815764422967,0.0,400,0,0.0,False,False,False,False
RFC_DROP_NATIVE,BENIGN_DIVERSE_HIGH,12,r12-t004-0c6962e5,1789125813763716226,1789125815774154772,0.0,400,0,0.0,False,False,False,False
RFC_DROP_NATIVE,BENIGN_DIVERSE_HIGH,12,r12-t005-f37f9691,1789125813774206682,1789125815783726727,0.0,400,0,0.0,False,False,False,False
RFC_DROP_NATIVE,BENIGN_DIVERSE_HIGH,12,r12-t006-abb31e76,1789125813783841401,1789125815793410177,0.0,400,0,0.0,False,False,False,False
RFC_DROP_NATIVE,BENIGN_DIVERSE_HIGH,12,r12-t007-bc662c00,1789125813793951736,1789125815804202933,0.0,400,0,0.0,False,False,False,False
RFC_DROP_NATIVE,BENIGN_DIVERSE_HIGH,12,r12-t008-c9b450bc,1789125813803675965,1789125815813795748,0.0,400,0,0.0,False,False,False,False
RFC_DROP_NATIVE,BENIGN_DIVERSE_HIGH,12,r12-t009-a5e6dc7e,1789125813813990860,1789125815824731426,0.0,400,0,0.0,False,False,False,False
RFC_DROP_NATIVE,BENIGN_DIVERSE_HIGH,12,r12-t010-3f516234,1789125813823683007,1789125815833273015,0.0,400,0,0.0,False,False,False,False
RFC_DROP_NATIVE,BENIGN_DIVERSE_HIGH,12,r12-t011-c97fedee,1789125813834238657,1789125815854710093,0.0,400,0,0.0,False,False,False,False
RFC_DROP_NATIVE,BENIGN_DIVERSE_HIGH,12,r12-t012-dc065edc,1789125813843854574,1789125815853492471,0.0,400,0,0.0,False,False,False,False
RFC_DROP_NATIVE,BENIGN_DIVERSE_HIGH,12,r12-t013-51912795,1789125813854190513,1789125815874324105,0.0,400,0,0.0,False,False,False,False
RFC_DROP_NATIVE,BENIGN_DIVERSE_HIGH,12,r12-t014-8b65fd8b,1789125813864020061,1789125815873340692,0.0,400,0,0.0,False,False,False,False
RFC_DROP_NATIVE,BENIGN_DIVERSE_HIGH,12,r12-t015-4bee8991,1789125813873724086,1789125815884348951,0.0,400,0,0.0,False,False,False,False
RFC_DROP_NATIVE,BENIGN_DIVERSE_HIGH,12,r12-t016-cf1d87a6,1789125813883911494,1789125815893656675,0.0,400,0,0.0,False,False,False,False
RFC_DROP_NATIVE,BENIGN_DIVERSE_HIGH,12,r12-t017-2baf208d,1789125813893660510,1789125815904045835,0.0,400,0,0.0,False,False,False,False
RFC_DROP_NATIVE,BENIGN_DIVERSE_HIGH,12,r12-t018-59acc021,1789125813903853343,1789125815923359044,0.0,400,0,0.0,False,False,False,False
RFC_DROP_NATIVE,BENIGN_DIVERSE_HIGH,12,r12-t019-923c07e0,1789125813913769504,1789125815934266287,0.0,400,0,0.0,False,False,False,False
RFC_DROP_NATIVE,BENIGN_DIVERSE_HIGH,12,r12-t020-7082915d,1789125813924125739,1789125815933503987,0.0,400,0,0.0,False,False,False,False
RFC_DROP_NATIVE,BENIGN_DIVERSE_HIGH,12,r12-t021-c684056d,1789125813933845478,1789125815943716836,0.0,400,0,0.0,False,False,False,False
RFC_DROP_NATIVE,BENIGN_DIVERSE_HIGH,12,r12-t022-fdb1c0ff,1789125813944075444,1789125815953203583,0.0,400,0,0.0,False,False,False,False
RFC_DROP_NATIVE,BENIGN_DIVERSE_HIGH,12,r12-t023-abb23d0c,1789125813953771051,1789125815964091932,0.0,400,0,0.0,False,False,False,False
RFC_DROP_NATIVE,BENIGN_DIVERSE_HIGH,12,r12-t024-53342e80,1789125813964441280,1789125815973199961,0.0,400,0,0.0,False,False,False,False
RFC_DROP_NATIVE,BENIGN_DIVERSE_HIGH,12,r12-t025-8a461fe6,1789125813973883038,1789125815985274411,0.0,400,0,0.0,False,False,False,False
RFC_DROP_NATIVE,BENIGN_DIVERSE_HIGH,12,r12-t026-6883cb01,1789125813984452531,1789125815996096071,0.0,400,0,0.0,False,False,False,False
RFC_DROP_NATIVE,BENIGN_DIVERSE_HIGH,12,r12-t027-52269275,1789125813994785291,1789125816005274906,0.0,400,0,0.0,False,False,False,False
RFC_DROP_NATIVE,BENIGN_DIVERSE_HIGH,12,r12-t028-fa46e864,1789125814004404761,1789125816040313557,0.0,400,0,0.0,False,False,False,False
RFC_DROP_NATIVE,BENIGN_DIVERSE_HIGH,12,r12-t029-87fe2ae9,1789125814030154302,1789125816041270687,0.0,400,0,0.0,False,False,False,False
RFC_DROP_NATIVE,BENIGN_DIVERSE_HIGH,12,r12-t030-3baf5ac8,1789125814032785591,1789125816045496912,0.0,399,0,0.0,False,False,False,False
RFC_DROP_NATIVE,BENIGN_DIVERSE_HIGH,12,r12-t031-9778d5b8,1789125814035758186,1789125816049720426,0.0,400,0,0.0,False,False,False,False
RFC_DROP_NATIVE,BENIGN_DIVERSE_HIGH,12,r12-t032-309bea52,1789125814044280039,1789125816056903251,0.0,400,0,0.0,False,False,False,False
RFC_DROP_NATIVE,BENIGN_DIVERSE_HIGH,12,r12-t033-2a634598,1789125814053927945,1789125816064860256,0.0,400,0,0.0,False,False,False,False
RFC_DROP_NATIVE,BENIGN_DIVERSE_HIGH,12,r12-t034-3dca0b97,1789125814064262949,1789125816073243679,0.0,400,0,0.0,False,False,False,False
RFC_DROP_NATIVE,BENIGN_DIVERSE_HIGH,12,r12-t035-0e598c1a,1789125814073980443,1789125816084755991,0.0,400,0,0.0,False,False,False,False
RFC_DROP_NATIVE,BENIGN_DIVERSE_HIGH,12,r12-t036-101e5ce9,1789125814083817568,1789125816095363085,0.0,400,0,0.0,False,False,False,False
RFC_DROP_NATIVE,BENIGN_DIVERSE_HIGH,12,r12-t037-f7dc4e59,1789125814094124980,1789125816113928305,0.0,400,0,0.0,False,False,False,False
RFC_DROP_NATIVE,BENIGN_DIVERSE_HIGH,12,r12-t038-62706ca1,1789125814103902616,1789125816115792618,0.0,400,0,0.0,False,False,False,False
RFC_DROP_NATIVE,BENIGN_DIVERSE_HIGH,12,r12-t039-948aef4d,1789125814114071691,1789125816125202854,0.0,401,0,0.0,False,False,False,False
RFC_DROP_NATIVE,BENIGN_DIVERSE_HIGH,12,r12-t040-429c357c,1789125814123836139,1789125816133712174,0.0,401,0,0.0,False,False,False,False
RFC_DROP_NATIVE,BENIGN_DIVERSE_HIGH,12,r12-t041-5360327c,1789125814133579357,1789125816155444071,0.0,401,0,0.0,False,False,False,False
RFC_DROP_NATIVE,BENIGN_DIVERSE_HIGH,12,r12-t042-79b1e5c5,1789125814144083188,1789125816155705871,0.0,401,0,0.0,False,False,False,False
RFC_DROP_NATIVE,BENIGN_DIVERSE_HIGH,12,r12-t043-08bd9ef6,1789125814154209612,1789125816165419530,0.0,401,0,0.0,False,False,False,False
RFC_DROP_NATIVE,BENIGN_DIVERSE_HIGH,12,r12-t044-d8f7f6e0,1789125814164018303,1789125816173782003,0.0,401,0,0.0,False,False,False,False
RFC_DROP_NATIVE,BENIGN_DIVERSE_HIGH,12,r12-t045-e3cdb21b,1789125814174028557,1789125816184796529,0.0,401,0,0.0,False,False,False,False
RFC_DROP_NATIVE,BENIGN_DIVERSE_HIGH,12,r12-t046-aa8ef1f2,1789125814184020854,1789125816195915813,0.0,401,0,0.0,False,False,False,False
RFC_DROP_NATIVE,BENIGN_DIVERSE_HIGH,12,r12-t047-b2727cd1,1789125814193726751,1789125816205525931,0.0,401,0,0.0,False,False,False,False
RFC_DROP_NATIVE,BENIGN_DIVERSE_HIGH,12,r12-t048-c272bcc0,1789125814204142193,1789125816213419893,0.0,401,0,0.0,False,False,False,False
RFC_DROP_NATIVE,BENIGN_DIVERSE_HIGH,12,r12-t049-7aeedc01,1789125814213910196,1789125816234754177,0.0,401,0,0.0,False,False,False,False
B0_OFF,BENIGN_DIVERSE_MODERATE,12,r12-t000-03404590,1789125848915073715,1789125849261202994,0.0,24,0,0.0,False,False,False,False
B0_OFF,BENIGN_DIVERSE_MODERATE,12,r12-t001-327952fe,1789125849270761661,1789125849622362037,0.0,25,0,0.0,False,False,False,False
B0_OFF,BENIGN_DIVERSE_MODERATE,12,r12-t002-f563d2f9,1789125849633199663,1789125849987347365,0.0,26,0,0.0,False,False,False,False
B0_OFF,BENIGN_DIVERSE_MODERATE,12,r12-t003-de3f381c,1789125849999632366,1789125850349101295,0.0,27,0,0.0,False,False,False,False
B0_OFF,BENIGN_DIVERSE_MODERATE,12,r12-t004-12bce271,1789125850360100151,1789125850710370434,0.0,28,0,0.0,False,False,False,False
B0_OFF,BENIGN_DIVERSE_MODERATE,12,r12-t005-b66255ef,1789125850721635640,1789125851040429055,0.0,29,0,0.0,False,False,False,False
B0_OFF,BENIGN_DIVERSE_MODERATE,12,r12-t006-4b2e58cd,1789125851051214904,1789125851388491147,0.0,30,0,0.0,False,False,False,False
B0_OFF,BENIGN_DIVERSE_MODERATE,12,r12-t007-00b3f496,1789125851398583251,1789125851724574664,0.0,30,0,0.0,False,False,False,False
B0_OFF,BENIGN_DIVERSE_MODERATE,12,r12-t008-0466e31f,1789125851735625757,1789125852069795901,0.0,30,0,0.0,False,False,False,False
B0_OFF,BENIGN_DIVERSE_MODERATE,12,r12-t009-dafe9a03,1789125852080952955,1789125852398700988,0.0,30,0,0.0,False,False,False,False
B0_OFF,BENIGN_DIVERSE_MODERATE,12,r12-t010-da8bb86d,1789125852411145605,1789125852746704432,0.0,30,0,0.0,False,False,False,False
B0_OFF,BENIGN_DIVERSE_MODERATE,12,r12-t011-42668213,1789125852758510813,1789125853093230051,0.0,30,0,0.0,False,False,False,False
B0_OFF,BENIGN_DIVERSE_MODERATE,12,r12-t012-a10f7a94,1789125853103973297,1789125853447639872,0.0,30,0,0.0,False,False,False,False
B0_OFF,BENIGN_DIVERSE_MODERATE,12,r12-t013-3676c75f,1789125853458518359,1789125853794889855,0.0,30,0,0.0,False,False,False,False
B0_OFF,BENIGN_DIVERSE_MODERATE,12,r12-t014-0d27472a,1789125853806911894,1789125854143146734,0.0,30,0,0.0,False,False,False,False
B0_OFF,BENIGN_DIVERSE_MODERATE,12,r12-t015-f88e123c,1789125854153412153,1789125854476687155,0.0,30,0,0.0,False,False,False,False
B0_OFF,BENIGN_DIVERSE_MODERATE,12,r12-t016-57a02c29,1789125854487567774,1789125854813165528,0.0,30,0,0.0,False,False,False,False
B0_OFF,BENIGN_DIVERSE_MODERATE,12,r12-t017-82bf2adc,1789125854825250312,1789125855175172662,0.0,30,0,0.0,False,False,False,False
B0_OFF,BENIGN_DIVERSE_MODERATE,12,r12-t018-64ea9d0a,1789125855185616885,1789125855541654612,0.0,30,0,0.0,False,False,False,False
B0_OFF,BENIGN_DIVERSE_MODERATE,12,r12-t019-29bfc96c,1789125855553016633,1789125855887085728,0.0,30,0,0.0,False,False,False,False
B0_OFF,BENIGN_DIVERSE_MODERATE,12,r12-t020-0210ad80,1789125855899012657,1789125856220112101,0.0,30,0,0.0,False,False,False,False
B0_OFF,BENIGN_DIVERSE_MODERATE,12,r12-t021-70a65749,1789125856230189469,1789125856572713584,0.0,30,0,0.0,False,False,False,False
B0_OFF,BENIGN_DIVERSE_MODERATE,12,r12-t022-6d7faf30,1789125856583680349,1789125856922709531,0.0,30,0,0.0,False,False,False,False
B0_OFF,BENIGN_DIVERSE_MODERATE,12,r12-t023-5589f118,1789125856933517590,1789125857256522640,0.0,30,0,0.0,False,False,False,False
B0_OFF,BENIGN_DIVERSE_MODERATE,12,r12-t024-83740b20,1789125857267547528,1789125857625149953,0.0,30,0,0.0,False,False,False,False
B0_OFF,BENIGN_DIVERSE_MODERATE,12,r12-t025-875d7b69,1789125857638132155,1789125857990885551,0.0,30,0,0.0,False,False,False,False
B0_OFF,BENIGN_DIVERSE_MODERATE,12,r12-t026-4b0073fe,1789125858004908306,1789125858333109426,0.0,30,0,0.0,False,False,False,False
B0_OFF,BENIGN_DIVERSE_MODERATE,12,r12-t027-e6826128,1789125858343245767,1789125858685926134,0.0,30,0,0.0,False,False,False,False
B0_OFF,BENIGN_DIVERSE_MODERATE,12,r12-t028-382a12e9,1789125858697844098,1789125859058736421,0.0,30,0,0.0,False,False,False,False
B0_OFF,BENIGN_DIVERSE_MODERATE,12,r12-t029-7ecf1f2b,1789125859069319914,1789125859385099588,0.0,30,0,0.0,False,False,False,False
B0_OFF,BENIGN_DIVERSE_MODERATE,12,r12-t030-7784accb,1789125859395157991,1789125859721729118,0.0,30,0,0.0,False,False,False,False
B0_OFF,BENIGN_DIVERSE_MODERATE,12,r12-t031-9fdffc90,1789125859733109915,1789125860072754768,0.0,30,0,0.0,False,False,False,False
B0_OFF,BENIGN_DIVERSE_MODERATE,12,r12-t032-5aea0107,1789125860085831230,1789125860425646867,0.0,30,0,0.0,False,False,False,False
B0_OFF,BENIGN_DIVERSE_MODERATE,12,r12-t033-cb7b578b,1789125860438389310,1789125860810680075,0.0,30,0,0.0,False,False,False,False
B0_OFF,BENIGN_DIVERSE_MODERATE,12,r12-t034-fc8c8125,1789125860821987558,1789125861145347857,0.0,30,0,0.0,False,False,False,False
B0_OFF,BENIGN_DIVERSE_MODERATE,12,r12-t035-e2f75a8d,1789125861157714671,1789125861487491907,0.0,30,0,0.0,False,False,False,False
B0_OFF,BENIGN_DIVERSE_MODERATE,12,r12-t036-c3c5abd1,1789125861498835245,1789125861838742697,0.0,30,0,0.0,False,False,False,False
B0_OFF,BENIGN_DIVERSE_MODERATE,12,r12-t037-a047272a,1789125861849713777,1789125862207551212,0.0,30,0,0.0,False,False,False,False
B0_OFF,BENIGN_DIVERSE_MODERATE,12,r12-t038-9303832c,1789125862219600032,1789125862556126384,0.0,30,0,0.0,False,False,False,False
B0_OFF,BENIGN_DIVERSE_MODERATE,12,r12-t039-e9d1c3d0,1789125862566623590,1789125862888144608,0.0,30,0,0.0,False,False,False,False
B0_OFF,BENIGN_DIVERSE_MODERATE,12,r12-t040-840ff063,1789125862899039636,1789125863221503867,0.0,30,0,0.0,False,False,False,False
B0_OFF,BENIGN_DIVERSE_MODERATE,12,r12-t041-a432258f,1789125863232495352,1789125863578437768,0.0,30,0,0.0,False,False,False,False
B0_OFF,BENIGN_DIVERSE_MODERATE,12,r12-t042-4e549f17,1789125863589317114,1789125863913117751,0.0,30,0,0.0,False,False,False,False
B0_OFF,BENIGN_DIVERSE_MODERATE,12,r12-t043-26ecc1f2,1789125863923486853,1789125864268604336,0.0,30,0,0.0,False,False,False,False
B0_OFF,BENIGN_DIVERSE_MODERATE,12,r12-t044-bd8c5cf0,1789125864280287454,1789125864603296507,0.0,30,0,0.0,False,False,False,False
B0_OFF,BENIGN_DIVERSE_MODERATE,12,r12-t045-01383414,1789125864613655121,1789125864952929770,0.0,30,0,0.0,False,False,False,False
B0_OFF,BENIGN_DIVERSE_MODERATE,12,r12-t046-ab96be9c,1789125864964468534,1789125865338984125,0.0,30,0,0.0,False,False,False,False
B0_OFF,BENIGN_DIVERSE_MODERATE,12,r12-t047-a62e6c7e,1789125865350087938,1789125865675807687,0.0,30,0,0.0,False,False,False,False
B0_OFF,BENIGN_DIVERSE_MODERATE,12,r12-t048-84de3073,1789125865685799749,1789125866011089366,0.0,30,0,0.0,False,False,False,False
B0_OFF,BENIGN_DIVERSE_MODERATE,12,r12-t049-34b49d69,1789125866022085385,1789125866359722922,0.0,30,0,0.0,False,False,False,False
B5_LOCKED_TC,BENIGN_DIVERSE_HIGH,12,r12-t000-a20cbc4c,1789125879284025870,1789125880489124392,0.0,400,0,0.0,False,False,False,False
B5_LOCKED_TC,BENIGN_DIVERSE_HIGH,12,r12-t001-30760ed1,1789125880500161316,1789125880897933264,0.0,402,0,0.0,False,False,False,False
B5_LOCKED_TC,BENIGN_DIVERSE_HIGH,12,r12-t002-dbb08d4b,1789125880910199766,1789125881304344545,0.0,403,0,0.0,False,False,False,False
B5_LOCKED_TC,BENIGN_DIVERSE_HIGH,12,r12-t003-a61ca808,1789125881316928499,1789125881671693945,0.0,405,0,0.0,False,False,False,False
B5_LOCKED_TC,BENIGN_DIVERSE_HIGH,12,r12-t004-0c6962e5,1789125881682577148,1789125882072419446,0.0,405,0,0.0,False,False,False,False
B5_LOCKED_TC,BENIGN_DIVERSE_HIGH,12,r12-t005-f37f9691,1789125882084316849,1789125882476980508,0.0,406,0,0.0,False,False,False,False
B5_LOCKED_TC,BENIGN_DIVERSE_HIGH,12,r12-t006-abb31e76,1789125882488505978,1789125882884017248,0.0,405,0,0.0,False,False,False,False
B5_LOCKED_TC,BENIGN_DIVERSE_HIGH,12,r12-t007-bc662c00,1789125884868407310,1789125886878676161,0.0,30,0,0.0,False,False,False,False
B5_LOCKED_TC,BENIGN_DIVERSE_HIGH,12,r12-t008-c9b450bc,1789125886891551503,1789125887278495673,0.0,381,0,0.0,False,False,False,False
B5_LOCKED_TC,BENIGN_DIVERSE_HIGH,12,r12-t009-a5e6dc7e,1789125887290209139,1789125887660441746,0.0,401,0,0.0,False,False,False,False
B5_LOCKED_TC,BENIGN_DIVERSE_HIGH,12,r12-t010-3f516234,1789125887672513737,1789125888070133475,0.0,402,0,0.0,False,False,False,False
B5_LOCKED_TC,BENIGN_DIVERSE_HIGH,12,r12-t011-c97fedee,1789125888081671785,1789125888498212586,0.0,403,0,0.0,False,False,False,False
B5_LOCKED_TC,BENIGN_DIVERSE_HIGH,12,r12-t012-dc065edc,1789125888510834530,1789125888893527682,0.0,404,0,0.0,False,False,False,False
B5_LOCKED_TC,BENIGN_DIVERSE_HIGH,12,r12-t013-51912795,1789125888905454924,1789125889266306831,0.0,405,0,0.0,False,False,False,False
B5_LOCKED_TC,BENIGN_DIVERSE_HIGH,12,r12-t014-8b65fd8b,1789125889278020819,1789125889680048657,0.0,405,0,0.0,False,False,False,False
B5_LOCKED_TC,BENIGN_DIVERSE_HIGH,12,r12-t015-4bee8991,1789125889691684995,1789125890078696188,0.0,405,0,0.0,False,False,False,False
B5_LOCKED_TC,BENIGN_DIVERSE_HIGH,12,r12-t016-cf1d87a6,1789125890090376909,1789125890485909028,0.0,405,0,0.0,False,False,False,False
B5_LOCKED_TC,BENIGN_DIVERSE_HIGH,12,r12-t017-2baf208d,1789125890497052235,1789125890918789437,0.0,405,0,0.0,False,False,False,False
B5_LOCKED_TC,BENIGN_DIVERSE_HIGH,12,r12-t018-59acc021,1789125890929884866,1789125891306019915,0.0,405,0,0.0,False,False,False,False
B5_LOCKED_TC,BENIGN_DIVERSE_HIGH,12,r12-t019-923c07e0,1789125891319450300,1789125891699199171,0.0,405,0,0.0,False,False,False,False
B5_LOCKED_TC,BENIGN_DIVERSE_HIGH,12,r12-t020-7082915d,1789125891712004496,1789125892094643463,0.0,405,0,0.0,False,False,False,False
B5_LOCKED_TC,BENIGN_DIVERSE_HIGH,12,r12-t021-c684056d,1789125892106439529,1789125892480857144,0.0,405,0,0.0,False,False,False,False
B5_LOCKED_TC,BENIGN_DIVERSE_HIGH,12,r12-t022-fdb1c0ff,1789125892493319170,1789125892913779487,0.0,405,0,0.0,False,False,False,False
B5_LOCKED_TC,BENIGN_DIVERSE_HIGH,12,r12-t023-abb23d0c,1789125892925036905,1789125893324885745,0.0,405,0,0.0,False,False,False,False
B5_LOCKED_TC,BENIGN_DIVERSE_HIGH,12,r12-t024-53342e80,1789125893336774445,1789125893780308885,0.0,405,0,0.0,False,False,False,False
B5_LOCKED_TC,BENIGN_DIVERSE_HIGH,12,r12-t025-8a461fe6,1789125893792113337,1789125894185053708,0.0,405,0,0.0,False,False,False,False
B5_LOCKED_TC,BENIGN_DIVERSE_HIGH,12,r12-t026-6883cb01,1789125894197200330,1789125894595825527,0.0,405,0,0.0,False,False,False,False
B5_LOCKED_TC,BENIGN_DIVERSE_HIGH,12,r12-t027-52269275,1789125894607332573,1789125894993698256,0.0,405,0,0.0,False,False,False,False
B5_LOCKED_TC,BENIGN_DIVERSE_HIGH,12,r12-t028-fa46e864,1789125895004836845,1789125895441359722,0.0,405,0,0.0,False,False,False,False
B5_LOCKED_TC,BENIGN_DIVERSE_HIGH,12,r12-t029-87fe2ae9,1789125895452340372,1789125895847329602,0.0,405,0,0.0,False,False,False,False
B5_LOCKED_TC,BENIGN_DIVERSE_HIGH,12,r12-t030-3baf5ac8,1789125895858335320,1789125896271989130,0.0,405,0,0.0,False,False,False,False
B5_LOCKED_TC,BENIGN_DIVERSE_HIGH,12,r12-t031-9778d5b8,1789125896283645822,1789125896676788868,0.0,405,0,0.0,False,False,False,False
B5_LOCKED_TC,BENIGN_DIVERSE_HIGH,12,r12-t032-309bea52,1789125896689276813,1789125897078428557,0.0,405,0,0.0,False,False,False,False
B5_LOCKED_TC,BENIGN_DIVERSE_HIGH,12,r12-t033-2a634598,1789125897089414970,1789125897503816362,0.0,405,0,0.0,False,False,False,False
B5_LOCKED_TC,BENIGN_DIVERSE_HIGH,12,r12-t034-3dca0b97,1789125897514537008,1789125897920982971,0.0,405,0,0.0,False,False,False,False
B5_LOCKED_TC,BENIGN_DIVERSE_HIGH,12,r12-t035-0e598c1a,1789125897932432197,1789125898331122972,0.0,405,0,0.0,False,False,False,False
B5_LOCKED_TC,BENIGN_DIVERSE_HIGH,12,r12-t036-101e5ce9,1789125898342703248,1789125898749019665,0.0,405,0,0.0,False,False,False,False
B5_LOCKED_TC,BENIGN_DIVERSE_HIGH,12,r12-t037-f7dc4e59,1789125898760481112,1789125899188435303,0.0,405,0,0.0,False,False,False,False
B5_LOCKED_TC,BENIGN_DIVERSE_HIGH,12,r12-t038-62706ca1,1789125899200350913,1789125899596871744,0.0,405,0,0.0,False,False,False,False
B5_LOCKED_TC,BENIGN_DIVERSE_HIGH,12,r12-t039-948aef4d,1789125900523495305,1789125900930646062,0.0,286,0,0.0,False,False,False,False
B5_LOCKED_TC,BENIGN_DIVERSE_HIGH,12,r12-t040-429c357c,1789125900942180744,1789125901332240062,0.0,220,0,0.0,False,False,False,False
B5_LOCKED_TC,BENIGN_DIVERSE_HIGH,12,r12-t041-5360327c,1789125901352075002,1789125901774808710,0.0,220,0,0.0,False,False,False,False
B5_LOCKED_TC,BENIGN_DIVERSE_HIGH,12,r12-t042-79b1e5c5,1789125901785963495,1789125902224947626,0.0,196,0,0.0,False,False,False,False
B5_LOCKED_TC,BENIGN_DIVERSE_HIGH,12,r12-t043-08bd9ef6,1789125902243237978,1789125902666719819,0.0,289,0,0.0,False,False,False,False
B5_LOCKED_TC,BENIGN_DIVERSE_HIGH,12,r12-t044-d8f7f6e0,1789125902677585617,1789125903094109854,0.0,376,0,0.0,False,False,False,False
B5_LOCKED_TC,BENIGN_DIVERSE_HIGH,12,r12-t045-e3cdb21b,1789125903105666910,1789125903545533703,0.0,405,0,0.0,False,False,False,False
B5_LOCKED_TC,BENIGN_DIVERSE_HIGH,12,r12-t046-aa8ef1f2,1789125903556476871,1789125903972700181,0.0,405,0,0.0,False,False,False,False
B5_LOCKED_TC,BENIGN_DIVERSE_HIGH,12,r12-t047-b2727cd1,1789125903983937132,1789125904391875037,0.0,405,0,0.0,False,False,False,False
B5_LOCKED_TC,BENIGN_DIVERSE_HIGH,12,r12-t048-c272bcc0,1789125904402971725,1789125904809756218,0.0,406,0,0.0,False,False,False,False
B5_LOCKED_TC,BENIGN_DIVERSE_HIGH,12,r12-t049-7aeedc01,1789125904821297950,1789125905231904148,0.0,405,0,0.0,False,False,False,False
RFC_DROP_NATIVE,ATTACK_DIVERSE_HIGH,13,r13-t000-5c8ef140,1789125918938163669,1789125920949720404,0.0,400,0,0.0,False,False,False,False
RFC_DROP_NATIVE,ATTACK_DIVERSE_HIGH,13,r13-t001-4deeac59,1789125918945527977,1789125920956105460,0.0,400,0,0.0,False,False,False,False
RFC_DROP_NATIVE,ATTACK_DIVERSE_HIGH,13,r13-t002-e20786a8,1789125918954940195,1789125920965028473,0.0,400,0,0.0,False,False,False,False
RFC_DROP_NATIVE,ATTACK_DIVERSE_HIGH,13,r13-t003-8303b49a,1789125918966061442,1789125920988084621,0.0,400,0,0.0,False,False,False,False
RFC_DROP_NATIVE,ATTACK_DIVERSE_HIGH,13,r13-t004-642e0d8b,1789125918975998946,1789125920986583551,0.0,400,0,0.0,False,False,False,False
RFC_DROP_NATIVE,ATTACK_DIVERSE_HIGH,13,r13-t005-bfcd3ffa,1789125918984998432,1789125920996974271,0.0,400,0,0.0,False,False,False,False
RFC_DROP_NATIVE,ATTACK_DIVERSE_HIGH,13,r13-t006-79fe22ed,1789125918995629163,1789125921016581622,0.0,400,0,0.0,False,False,False,False
RFC_DROP_NATIVE,ATTACK_DIVERSE_HIGH,13,r13-t007-54a5a55a,1789125919005370141,1789125921026978152,0.0,400,0,0.0,False,False,False,False
RFC_DROP_NATIVE,ATTACK_DIVERSE_HIGH,13,r13-t008-274f8a5c,1789125919015052171,1789125921036196938,0.0,400,0,0.0,False,False,False,False
RFC_DROP_NATIVE,ATTACK_DIVERSE_HIGH,13,r13-t009-a7ffae13,1789125919025428553,1789125921036799165,0.0,400,0,0.0,False,False,False,False
RFC_DROP_NATIVE,ATTACK_DIVERSE_HIGH,13,r13-t010-7089c95d,1789125919035222388,1789125921046720361,0.0,400,0,0.0,False,False,False,False
RFC_DROP_NATIVE,ATTACK_DIVERSE_HIGH,13,r13-t011-d5c84e46,1789125919045017910,1789125921054488778,0.0,400,0,0.0,False,False,False,False
RFC_DROP_NATIVE,ATTACK_DIVERSE_HIGH,13,r13-t012-e67112f2,1789125919055337311,1789125921066301283,0.0,400,0,0.0,False,False,False,False
RFC_DROP_NATIVE,ATTACK_DIVERSE_HIGH,13,r13-t013-67338b7b,1789125919065119432,1789125921074548784,0.0,400,0,0.0,False,False,False,False
RFC_DROP_NATIVE,ATTACK_DIVERSE_HIGH,13,r13-t014-25bca2b8,1789125919074911862,1789125921086142929,0.0,400,0,0.0,False,False,False,False
RFC_DROP_NATIVE,ATTACK_DIVERSE_HIGH,13,r13-t015-eb27e677,1789125919084935867,1789125921094945984,0.0,400,0,0.0,False,False,False,False
RFC_DROP_NATIVE,ATTACK_DIVERSE_HIGH,13,r13-t016-8ccf2826,1789125919095112910,1789125921105849337,0.0,400,0,0.0,False,False,False,False
RFC_DROP_NATIVE,ATTACK_DIVERSE_HIGH,13,r13-t017-d32d3497,1789125919105071220,1789125921116638545,0.0,400,0,0.0,False,False,False,False
RFC_DROP_NATIVE,ATTACK_DIVERSE_HIGH,13,r13-t018-7b7a02b6,1789125919115553971,1789125921126859356,0.0,400,0,0.0,False,False,False,False
RFC_DROP_NATIVE,ATTACK_DIVERSE_HIGH,13,r13-t019-53e5cc39,1789125919125511529,1789125921134721395,0.0,400,0,0.0,False,False,False,False
RFC_DROP_NATIVE,ATTACK_DIVERSE_HIGH,13,r13-t020-fc69d441,1789125919135569460,1789125921146356588,0.0,400,0,0.0,False,False,False,False
RFC_DROP_NATIVE,ATTACK_DIVERSE_HIGH,13,r13-t021-b45fcfe6,1789125919145081113,1789125921154760502,0.0,401,0,0.0,False,False,False,False
RFC_DROP_NATIVE,ATTACK_DIVERSE_HIGH,13,r13-t022-3e226c59,1789125919155373429,1789125921166793711,0.0,401,0,0.0,False,False,False,False
RFC_DROP_NATIVE,ATTACK_DIVERSE_HIGH,13,r13-t023-a770d228,1789125919165264450,1789125921176949202,0.0,401,0,0.0,False,False,False,False
RFC_DROP_NATIVE,ATTACK_DIVERSE_HIGH,13,r13-t024-78f8bc60,1789125919175051536,1789125921185847474,0.0,401,0,0.0,False,False,False,False
RFC_DROP_NATIVE,ATTACK_DIVERSE_HIGH,13,r13-t025-a337323c,1789125919185243296,1789125921194488493,0.0,401,0,0.0,False,False,False,False
RFC_DROP_NATIVE,ATTACK_DIVERSE_HIGH,13,r13-t026-1c6658f4,1789125919195024197,1789125921206099881,0.0,401,0,0.0,False,False,False,False
RFC_DROP_NATIVE,ATTACK_DIVERSE_HIGH,13,r13-t027-15cb3f66,1789125919205121301,1789125921216640924,0.0,401,0,0.0,False,False,False,False
RFC_DROP_NATIVE,ATTACK_DIVERSE_HIGH,13,r13-t028-dfda895a,1789125919215215875,1789125921237057711,0.0,401,0,0.0,False,False,False,False
RFC_DROP_NATIVE,ATTACK_DIVERSE_HIGH,13,r13-t029-2e85c327,1789125919227281887,1789125921238475935,0.0,401,0,0.0,False,False,False,False
RFC_DROP_NATIVE,ATTACK_DIVERSE_HIGH,13,r13-t030-6ede0a72,1789125919235191910,1789125921246578172,0.0,401,0,0.0,False,False,False,False
RFC_DROP_NATIVE,ATTACK_DIVERSE_HIGH,13,r13-t031-f0a80744,1789125919245137004,1789125921254733641,0.0,401,0,0.0,False,False,False,False
RFC_DROP_NATIVE,ATTACK_DIVERSE_HIGH,13,r13-t032-11a20adf,1789125919255343757,1789125921265900997,0.0,401,0,0.0,False,False,False,False
RFC_DROP_NATIVE,ATTACK_DIVERSE_HIGH,13,r13-t033-616dc1c4,1789125919264681096,1789125921274675937,0.0,401,0,0.0,False,False,False,False
RFC_DROP_NATIVE,ATTACK_DIVERSE_HIGH,13,r13-t034-54323cc8,1789125919275435252,1789125921286521151,0.0,401,0,0.0,False,False,False,False
RFC_DROP_NATIVE,ATTACK_DIVERSE_HIGH,13,r13-t035-882b02ef,1789125919285234054,1789125921296812156,0.0,401,0,0.0,False,False,False,False
RFC_DROP_NATIVE,ATTACK_DIVERSE_HIGH,13,r13-t036-112f6694,1789125919295015799,1789125921304975028,0.0,401,0,0.0,False,False,False,False
RFC_DROP_NATIVE,ATTACK_DIVERSE_HIGH,13,r13-t037-89c7d5e7,1789125919305016281,1789125921314593987,0.0,401,0,0.0,False,False,False,False
RFC_DROP_NATIVE,ATTACK_DIVERSE_HIGH,13,r13-t038-fbc9a4cb,1789125919315002517,1789125921326436951,0.0,401,0,0.0,False,False,False,False
RFC_DROP_NATIVE,ATTACK_DIVERSE_HIGH,13,r13-t039-80aa3593,1789125919325901185,1789125921337979082,0.0,401,0,0.0,False,False,False,False
RFC_DROP_NATIVE,ATTACK_DIVERSE_HIGH,13,r13-t040-da409102,1789125919335159146,1789125921346567526,0.0,401,0,0.0,False,False,False,False
RFC_DROP_NATIVE,ATTACK_DIVERSE_HIGH,13,r13-t041-7415c64f,1789125919344974535,1789125921357655409,0.0,401,0,0.0,False,False,False,False
RFC_DROP_NATIVE,ATTACK_DIVERSE_HIGH,13,r13-t042-d00fd209,1789125919355163576,1789125921375738822,0.0,401,0,0.0,False,False,False,False
RFC_DROP_NATIVE,ATTACK_DIVERSE_HIGH,13,r13-t043-6ca4efbf,1789125919365581755,1789125921374805397,0.0,401,0,0.0,False,False,False,False
RFC_DROP_NATIVE,ATTACK_DIVERSE_HIGH,13,r13-t044-ac32bf84,1789125919374817879,1789125921386964283,0.0,401,0,0.0,False,False,False,False
RFC_DROP_NATIVE,ATTACK_DIVERSE_HIGH,13,r13-t045-a97e95d7,1789125919385286665,1789125921396898505,0.0,401,0,0.0,False,False,False,False
RFC_DROP_NATIVE,ATTACK_DIVERSE_HIGH,13,r13-t046-7973edc9,1789125919394999998,1789125921406724861,0.0,401,0,0.0,False,False,False,False
RFC_DROP_NATIVE,ATTACK_DIVERSE_HIGH,13,r13-t047-f49549b6,1789125919405369070,1789125921415262322,0.0,401,0,0.0,False,False,False,False
RFC_DROP_NATIVE,ATTACK_DIVERSE_HIGH,13,r13-t048-babebf37,1789125919414877257,1789125921425580133,0.0,401,0,0.0,False,False,False,False
RFC_DROP_NATIVE,ATTACK_DIVERSE_HIGH,13,r13-t049-5dc2691c,1789125919425510611,1789125921436888212,0.0,401,0,0.0,False,False,False,False
B5_LOCKED_TC,ATTACK_DIVERSE_MODERATE,13,r13-t000-1999d37e,1789125955180941498,1789125955390567923,0.0,24,0,0.0,False,False,False,False
B5_LOCKED_TC,ATTACK_DIVERSE_MODERATE,13,r13-t001-f14e426e,1789125955401147714,1789125955682040740,0.0,25,0,0.0,False,False,False,False
B5_LOCKED_TC,ATTACK_DIVERSE_MODERATE,13,r13-t002-450418d5,1789125955693293151,1789125956014552037,0.0,26,0,0.0,False,False,False,False
B5_LOCKED_TC,ATTACK_DIVERSE_MODERATE,13,r13-t003-8a47d953,1789125956025269372,1789125956369963012,0.0,27,0,0.0,False,False,False,False
B5_LOCKED_TC,ATTACK_DIVERSE_MODERATE,13,r13-t004-220b89cc,1789125956381431263,1789125956701983305,0.0,28,0,0.0,False,False,False,False
B5_LOCKED_TC,ATTACK_DIVERSE_MODERATE,13,r13-t005-fe8fe1a1,1789125956714920508,1789125957042680710,0.0,29,0,0.0,False,False,False,False
B5_LOCKED_TC,ATTACK_DIVERSE_MODERATE,13,r13-t006-86c986ca,1789125957053713143,1789125957355231001,0.0,30,0,0.0,False,False,False,False
B5_LOCKED_TC,ATTACK_DIVERSE_MODERATE,13,r13-t007-0d6c70a2,1789125957366138208,1789125957675451844,0.0,31,0,0.0,False,False,False,False
B5_LOCKED_TC,ATTACK_DIVERSE_MODERATE,13,r13-t008-b57d2eff,1789125957687087652,1789125958029513226,0.0,30,0,0.0,False,False,False,False
B5_LOCKED_TC,ATTACK_DIVERSE_MODERATE,13,r13-t009-322f6ea9,1789125958040260802,1789125958365352666,0.0,30,0,0.0,False,False,False,False
B5_LOCKED_TC,ATTACK_DIVERSE_MODERATE,13,r13-t010-a24a60d2,1789125958376582401,1789125958712585574,0.0,30,0,0.0,False,False,False,False
B5_LOCKED_TC,ATTACK_DIVERSE_MODERATE,13,r13-t011-b1b1ccb8,1789125958724457568,1789125959065652425,0.0,30,0,0.0,False,False,False,False
B5_LOCKED_TC,ATTACK_DIVERSE_MODERATE,13,r13-t012-57520f36,1789125959076571755,1789125959374033443,0.0,30,0,0.0,False,False,False,False
B5_LOCKED_TC,ATTACK_DIVERSE_MODERATE,13,r13-t013-e4603b6b,1789125959384824377,1789125959703870543,0.0,30,0,0.0,False,False,False,False
B5_LOCKED_TC,ATTACK_DIVERSE_MODERATE,13,r13-t014-95fb9232,1789125959714311162,1789125960036614310,0.0,30,0,0.0,False,False,False,False
B5_LOCKED_TC,ATTACK_DIVERSE_MODERATE,13,r13-t015-c0e718f5,1789125960046461064,1789125960395426243,0.0,30,0,0.0,False,False,False,False
B5_LOCKED_TC,ATTACK_DIVERSE_MODERATE,13,r13-t016-4a13ce20,1789125960408495571,1789125960715958517,0.0,30,0,0.0,False,False,False,False
B5_LOCKED_TC,ATTACK_DIVERSE_MODERATE,13,r13-t017-ba4048b9,1789125960726654530,1789125961091996558,0.0,30,0,0.0,False,False,False,False
B5_LOCKED_TC,ATTACK_DIVERSE_MODERATE,13,r13-t018-202b03bb,1789125961103096312,1789125961423712506,0.0,30,0,0.0,False,False,False,False
B5_LOCKED_TC,ATTACK_DIVERSE_MODERATE,13,r13-t019-17b710ff,1789125961434358073,1789125961761681058,0.0,30,0,0.0,False,False,False,False
B5_LOCKED_TC,ATTACK_DIVERSE_MODERATE,13,r13-t020-2eba0af1,1789125961771748425,1789125962083521534,0.0,30,0,0.0,False,False,False,False
B5_LOCKED_TC,ATTACK_DIVERSE_MODERATE,13,r13-t021-9123bad7,1789125962094957617,1789125962407706515,0.0,30,0,0.0,False,False,False,False
B5_LOCKED_TC,ATTACK_DIVERSE_MODERATE,13,r13-t022-10756fa7,1789125962417795234,1789125962751653349,0.0,30,0,0.0,False,False,False,False
B5_LOCKED_TC,ATTACK_DIVERSE_MODERATE,13,r13-t023-b33f2307,1789125962763293262,1789125963091809759,0.0,30,0,0.0,False,False,False,False
B5_LOCKED_TC,ATTACK_DIVERSE_MODERATE,13,r13-t024-912fa0b5,1789125962985797084,1789125963290859392,0.0,30,0,0.0,False,False,False,False
B5_LOCKED_TC,ATTACK_DIVERSE_MODERATE,13,r13-t025-f4e4e535,1789125964383601972,1789125964712450788,0.0,19,0,0.0,False,False,False,False
B5_LOCKED_TC,ATTACK_DIVERSE_MODERATE,13,r13-t026-63dc8590,1789125964736870974,1789125965019586823,0.0,17,0,0.0,False,False,False,False
B5_LOCKED_TC,ATTACK_DIVERSE_MODERATE,13,r13-t027-d6da6649,1789125965036647238,1789125965359708336,0.0,16,0,0.0,False,False,False,False
B5_LOCKED_TC,ATTACK_DIVERSE_MODERATE,13,r13-t028-ff429b07,1789125965369558506,1789125965694612732,0.0,14,0,0.0,False,False,False,False
B5_LOCKED_TC,ATTACK_DIVERSE_MODERATE,13,r13-t029-33a939f1,1789125965705041602,1789125966020001531,0.0,17,0,0.0,False,False,False,False
B5_LOCKED_TC,ATTACK_DIVERSE_MODERATE,13,r13-t030-43498eea,1789125966032364651,1789125966348228655,0.0,22,0,0.0,False,False,False,False
B5_LOCKED_TC,ATTACK_DIVERSE_MODERATE,13,r13-t031-6ca9e4fa,1789125966358302311,1789125966691394052,0.0,27,0,0.0,False,False,False,False
B5_LOCKED_TC,ATTACK_DIVERSE_MODERATE,13,r13-t032-e6a95bfd,1789125966702294849,1789125967039132651,0.0,31,0,0.0,False,False,False,False
B5_LOCKED_TC,ATTACK_DIVERSE_MODERATE,13,r13-t033-72a0ce58,1789125967049493875,1789125967380328521,0.0,30,0,0.0,False,False,False,False
B5_LOCKED_TC,ATTACK_DIVERSE_MODERATE,13,r13-t034-258b891a,1789125967390723709,1789125967699876383,0.0,30,0,0.0,False,False,False,False
B5_LOCKED_TC,ATTACK_DIVERSE_MODERATE,13,r13-t035-a1cd4f0e,1789125967711963945,1789125968055690590,0.0,30,0,0.0,False,False,False,False
B5_LOCKED_TC,ATTACK_DIVERSE_MODERATE,13,r13-t036-35e6fc3c,1789125968067064066,1789125968385437454,0.0,30,0,0.0,False,False,False,False
B5_LOCKED_TC,ATTACK_DIVERSE_MODERATE,13,r13-t037-13467e23,1789125968396468385,1789125968734758938,0.0,30,0,0.0,False,False,False,False
B5_LOCKED_TC,ATTACK_DIVERSE_MODERATE,13,r13-t038-f14033cc,1789125968745361755,1789125969043117497,0.0,30,0,0.0,False,False,False,False
B5_LOCKED_TC,ATTACK_DIVERSE_MODERATE,13,r13-t039-f9b54513,1789125969053582489,1789125969387359887,0.0,30,0,0.0,False,False,False,False
B5_LOCKED_TC,ATTACK_DIVERSE_MODERATE,13,r13-t040-66c8cc2a,1789125969398244266,1789125969711261593,0.0,30,0,0.0,False,False,False,False
B5_LOCKED_TC,ATTACK_DIVERSE_MODERATE,13,r13-t041-c1ae8120,1789125969725330598,1789125970039703946,0.0,30,0,0.0,False,False,False,False
B5_LOCKED_TC,ATTACK_DIVERSE_MODERATE,13,r13-t042-1e564643,1789125970050667887,1789125970421286669,0.0,30,0,0.0,False,False,False,False
B5_LOCKED_TC,ATTACK_DIVERSE_MODERATE,13,r13-t043-3e5ed5e8,1789125970432113535,1789125970731636146,0.0,30,0,0.0,False,False,False,False
B5_LOCKED_TC,ATTACK_DIVERSE_MODERATE,13,r13-t044-f60b0555,1789125970744220969,1789125971110889063,0.0,30,0,0.0,False,False,False,False
B5_LOCKED_TC,ATTACK_DIVERSE_MODERATE,13,r13-t045-37c59109,1789125971120939921,1789125971446954985,0.0,30,0,0.0,False,False,False,False
B5_LOCKED_TC,ATTACK_DIVERSE_MODERATE,13,r13-t046-7e2a8281,1789125971457862351,1789125971769220705,0.0,30,0,0.0,False,False,False,False
B5_LOCKED_TC,ATTACK_DIVERSE_MODERATE,13,r13-t047-11af4215,1789125971780515278,1789125972111854034,0.0,30,0,0.0,False,False,False,False
B5_LOCKED_TC,ATTACK_DIVERSE_MODERATE,13,r13-t048-68452433,1789125972123737906,1789125972447130812,0.0,30,0,0.0,False,False,False,False
B5_LOCKED_TC,ATTACK_DIVERSE_MODERATE,13,r13-t049-a28d1b74,1789125972458241773,1789125972786718560,0.0,30,0,0.0,False,False,False,False
B1_RL2_TC,ATTACK_DIVERSE_HIGH,13,r13-t000-5c8ef140,1789125984031562924,1789125984334091663,0.0,400,0,0.0,False,False,False,False
B1_RL2_TC,ATTACK_DIVERSE_HIGH,13,r13-t001-4deeac59,1789125984346685525,1789125984566768416,0.0,401,0,0.0,False,False,False,False
B1_RL2_TC,ATTACK_DIVERSE_HIGH,13,r13-t002-e20786a8,1789125984579083120,1789125984894827290,0.0,402,0,0.0,False,False,False,False
B1_RL2_TC,ATTACK_DIVERSE_HIGH,13,r13-t003-8303b49a,1789125984906358045,1789125985262013037,0.0,403,0,0.0,False,False,False,False
B1_RL2_TC,ATTACK_DIVERSE_HIGH,13,r13-t004-642e0d8b,1789125985274048960,1789125985616107308,0.0,404,0,0.0,False,False,False,False
B1_RL2_TC,ATTACK_DIVERSE_HIGH,13,r13-t005-bfcd3ffa,1789125985629287526,1789125985939786118,0.0,405,0,0.0,False,False,False,False
B1_RL2_TC,ATTACK_DIVERSE_HIGH,13,r13-t006-79fe22ed,1789125985951485484,1789125986295287512,0.0,406,0,0.0,False,False,False,False
B1_RL2_TC,ATTACK_DIVERSE_HIGH,13,r13-t007-54a5a55a,1789125986307045597,1789125986650164219,0.0,406,0,0.0,False,False,False,False
B1_RL2_TC,ATTACK_DIVERSE_HIGH,13,r13-t008-274f8a5c,1789125986661402033,1789125986965896211,0.0,406,0,0.0,False,False,False,False
B1_RL2_TC,ATTACK_DIVERSE_HIGH,13,r13-t009-a7ffae13,1789125986976595628,1789125987324114800,0.0,406,0,0.0,False,False,False,False
B1_RL2_TC,ATTACK_DIVERSE_HIGH,13,r13-t010-7089c95d,1789125987336081901,1789125987687018289,0.0,406,0,0.0,False,False,False,False
B1_RL2_TC,ATTACK_DIVERSE_HIGH,13,r13-t011-d5c84e46,1789125987698811587,1789125988017232735,0.0,406,0,0.0,False,False,False,False
B1_RL2_TC,ATTACK_DIVERSE_HIGH,13,r13-t012-e67112f2,1789125988029767972,1789125988408123750,0.0,406,0,0.0,False,False,False,False
B1_RL2_TC,ATTACK_DIVERSE_HIGH,13,r13-t013-67338b7b,1789125988419921769,1789125988731902725,0.0,406,0,0.0,False,False,False,False
B1_RL2_TC,ATTACK_DIVERSE_HIGH,13,r13-t014-25bca2b8,1789125988744390759,1789125989112799631,0.0,406,0,0.0,False,False,False,False
B1_RL2_TC,ATTACK_DIVERSE_HIGH,13,r13-t015-eb27e677,1789125989123864399,1789125989423840387,0.0,406,0,0.0,False,False,False,False
B1_RL2_TC,ATTACK_DIVERSE_HIGH,13,r13-t016-8ccf2826,1789125989434872048,1789125989829473277,0.0,406,0,0.0,False,False,False,False
B1_RL2_TC,ATTACK_DIVERSE_HIGH,13,r13-t017-d32d3497,1789125989841899408,1789125990149882358,0.0,406,0,0.0,False,False,False,False
B1_RL2_TC,ATTACK_DIVERSE_HIGH,13,r13-t018-7b7a02b6,1789125990161381082,1789125990514791430,0.0,406,0,0.0,False,False,False,False
B1_RL2_TC,ATTACK_DIVERSE_HIGH,13,r13-t019-53e5cc39,1789125990526152609,1789125990861325696,0.0,406,0,0.0,False,False,False,False
B1_RL2_TC,ATTACK_DIVERSE_HIGH,13,r13-t020-fc69d441,1789125990873823581,1789125991210248861,0.0,406,0,0.0,False,False,False,False
B1_RL2_TC,ATTACK_DIVERSE_HIGH,13,r13-t021-b45fcfe6,1789125991222857123,1789125991530230826,0.0,406,0,0.0,False,False,False,False
B1_RL2_TC,ATTACK_DIVERSE_HIGH,13,r13-t022-3e226c59,1789125991542436299,1789125991921404995,0.0,406,0,0.0,False,False,False,False
B1_RL2_TC,ATTACK_DIVERSE_HIGH,13,r13-t023-a770d228,1789125991933483621,1789125992218734271,0.0,406,0,0.0,False,False,False,False
B1_RL2_TC,ATTACK_DIVERSE_HIGH,13,r13-t024-78f8bc60,1789125992230615526,1789125992557395475,0.0,406,0,0.0,False,False,False,False
B1_RL2_TC,ATTACK_DIVERSE_HIGH,13,r13-t025-a337323c,1789125992570266707,1789125992922297541,0.0,406,0,0.0,False,False,False,False
B1_RL2_TC,ATTACK_DIVERSE_HIGH,13,r13-t026-1c6658f4,1789125992933892917,1789125993292212357,0.0,406,0,0.0,False,False,False,False
B1_RL2_TC,ATTACK_DIVERSE_HIGH,13,r13-t027-15cb3f66,1789125993311046084,1789125993634494772,0.0,406,0,0.0,False,False,False,False
B1_RL2_TC,ATTACK_DIVERSE_HIGH,13,r13-t028-dfda895a,1789125993645665680,1789125993985105386,0.0,406,0,0.0,False,False,False,False
B1_RL2_TC,ATTACK_DIVERSE_HIGH,13,r13-t029-2e85c327,1789125993996317948,1789125994339577183,0.0,406,0,0.0,False,False,False,False
B1_RL2_TC,ATTACK_DIVERSE_HIGH,13,r13-t030-6ede0a72,1789125996400690428,1789125998410325864,0.0,52,0,0.0,False,False,False,False
B1_RL2_TC,ATTACK_DIVERSE_HIGH,13,r13-t031-f0a80744,1789125998421607433,1789125998566277842,0.0,351,0,0.0,False,False,False,False
B1_RL2_TC,ATTACK_DIVERSE_HIGH,13,r13-t032-11a20adf,1789125998578706624,1789125998914159533,0.0,384,0,0.0,False,False,False,False
B1_RL2_TC,ATTACK_DIVERSE_HIGH,13,r13-t033-616dc1c4,1789125998925030078,1789125999249047024,0.0,402,0,0.0,False,False,False,False
B1_RL2_TC,ATTACK_DIVERSE_HIGH,13,r13-t034-54323cc8,1789125999260101781,1789125999629856582,0.0,403,0,0.0,False,False,False,False
B1_RL2_TC,ATTACK_DIVERSE_HIGH,13,r13-t035-882b02ef,1789125999640741854,1789125999976436894,0.0,404,0,0.0,False,False,False,False
B1_RL2_TC,ATTACK_DIVERSE_HIGH,13,r13-t036-112f6694,1789125999987950172,1789126000295864890,0.0,405,0,0.0,False,False,False,False
B1_RL2_TC,ATTACK_DIVERSE_HIGH,13,r13-t037-89c7d5e7,1789126000306716259,1789126000634206902,0.0,406,0,0.0,False,False,False,False
B1_RL2_TC,ATTACK_DIVERSE_HIGH,13,r13-t038-fbc9a4cb,1789126000647272252,1789126000994127753,0.0,406,0,0.0,False,False,False,False
B1_RL2_TC,ATTACK_DIVERSE_HIGH,13,r13-t039-80aa3593,1789126001004858053,1789126001313566230,0.0,406,0,0.0,False,False,False,False
B1_RL2_TC,ATTACK_DIVERSE_HIGH,13,r13-t040-da409102,1789126001324650576,1789126001665635500,0.0,406,0,0.0,False,False,False,False
B1_RL2_TC,ATTACK_DIVERSE_HIGH,13,r13-t041-7415c64f,1789126001676898993,1789126002009500467,0.0,406,0,0.0,False,False,False,False
B1_RL2_TC,ATTACK_DIVERSE_HIGH,13,r13-t042-d00fd209,1789126002020683689,1789126002394003722,0.0,406,0,0.0,False,False,False,False
B1_RL2_TC,ATTACK_DIVERSE_HIGH,13,r13-t043-6ca4efbf,1789126002405398954,1789126002756006151,0.0,406,0,0.0,False,False,False,False
B1_RL2_TC,ATTACK_DIVERSE_HIGH,13,r13-t044-ac32bf84,1789126002767032135,1789126003074347650,0.0,406,0,0.0,False,False,False,False
B1_RL2_TC,ATTACK_DIVERSE_HIGH,13,r13-t045-a97e95d7,1789126003085439644,1789126003384689962,0.0,406,0,0.0,False,False,False,False
B1_RL2_TC,ATTACK_DIVERSE_HIGH,13,r13-t046-7973edc9,1789126003396021639,1789126003739745895,0.0,406,0,0.0,False,False,False,False
B1_RL2_TC,ATTACK_DIVERSE_HIGH,13,r13-t047-f49549b6,1789126003750502450,1789126004102950883,0.0,406,0,0.0,False,False,False,False
B1_RL2_TC,ATTACK_DIVERSE_HIGH,13,r13-t048-babebf37,1789126004114758239,1789126004444928246,0.0,406,0,0.0,False,False,False,False
B1_RL2_TC,ATTACK_DIVERSE_HIGH,13,r13-t049-5dc2691c,1789126004457878475,1789126004842304763,0.0,406,0,0.0,False,False,False,False
B0_OFF,BENIGN_DIVERSE_MODERATE,13,r13-t000-1999d37e,1789126017082289497,1789126017429912305,0.0,24,0,0.0,False,False,False,False
B0_OFF,BENIGN_DIVERSE_MODERATE,13,r13-t001-f14e426e,1789126017440133465,1789126017799162501,0.0,25,0,0.0,False,False,False,False
B0_OFF,BENIGN_DIVERSE_MODERATE,13,r13-t002-450418d5,1789126017808932730,1789126018120233482,0.0,26,0,0.0,False,False,False,False
B0_OFF,BENIGN_DIVERSE_MODERATE,13,r13-t003-8a47d953,1789126018129971670,1789126018479066604,0.0,27,0,0.0,False,False,False,False
B0_OFF,BENIGN_DIVERSE_MODERATE,13,r13-t004-220b89cc,1789126018489631107,1789126018834628857,0.0,28,0,0.0,False,False,False,False
B0_OFF,BENIGN_DIVERSE_MODERATE,13,r13-t005-fe8fe1a1,1789126018845002238,1789126019176898377,0.0,29,0,0.0,False,False,False,False
B0_OFF,BENIGN_DIVERSE_MODERATE,13,r13-t006-86c986ca,1789126019187149136,1789126019508119012,0.0,30,0,0.0,False,False,False,False
B0_OFF,BENIGN_DIVERSE_MODERATE,13,r13-t007-0d6c70a2,1789126019518311232,1789126019875535699,0.0,30,0,0.0,False,False,False,False
B0_OFF,BENIGN_DIVERSE_MODERATE,13,r13-t008-b57d2eff,1789126019887672681,1789126020213262272,0.0,30,0,0.0,False,False,False,False
B0_OFF,BENIGN_DIVERSE_MODERATE,13,r13-t009-322f6ea9,1789126020223322284,1789126020548581782,0.0,30,0,0.0,False,False,False,False
B0_OFF,BENIGN_DIVERSE_MODERATE,13,r13-t010-a24a60d2,1789126020558418257,1789126020886372346,0.0,30,0,0.0,False,False,False,False
B0_OFF,BENIGN_DIVERSE_MODERATE,13,r13-t011-b1b1ccb8,1789126020897826683,1789126021225366956,0.0,30,0,0.0,False,False,False,False
B0_OFF,BENIGN_DIVERSE_MODERATE,13,r13-t012-57520f36,1789126021234977730,1789126021582643761,0.0,30,0,0.0,False,False,False,False
B0_OFF,BENIGN_DIVERSE_MODERATE,13,r13-t013-e4603b6b,1789126021592806194,1789126021942462278,0.0,30,0,0.0,False,False,False,False
B0_OFF,BENIGN_DIVERSE_MODERATE,13,r13-t014-95fb9232,1789126021953186612,1789126022287634705,0.0,30,0,0.0,False,False,False,False
B0_OFF,BENIGN_DIVERSE_MODERATE,13,r13-t015-c0e718f5,1789126022299801944,1789126022628770650,0.0,30,0,0.0,False,False,False,False
B0_OFF,BENIGN_DIVERSE_MODERATE,13,r13-t016-4a13ce20,1789126022639118004,1789126022984511998,0.0,30,0,0.0,False,False,False,False
B0_OFF,BENIGN_DIVERSE_MODERATE,13,r13-t017-ba4048b9,1789126022995260387,1789126023317426983,0.0,30,0,0.0,False,False,False,False
B0_OFF,BENIGN_DIVERSE_MODERATE,13,r13-t018-202b03bb,1789126023328149814,1789126023663813353,0.0,30,0,0.0,False,False,False,False
B0_OFF,BENIGN_DIVERSE_MODERATE,13,r13-t019-17b710ff,1789126023674690883,1789126024002608471,0.0,30,0,0.0,False,False,False,False
B0_OFF,BENIGN_DIVERSE_MODERATE,13,r13-t020-2eba0af1,1789126024012638629,1789126024335819903,0.0,30,0,0.0,False,False,False,False
B0_OFF,BENIGN_DIVERSE_MODERATE,13,r13-t021-9123bad7,1789126024345962168,1789126024692310665,0.0,30,0,0.0,False,False,False,False
B0_OFF,BENIGN_DIVERSE_MODERATE,13,r13-t022-10756fa7,1789126024702767008,1789126025038816626,0.0,30,0,0.0,False,False,False,False
B0_OFF,BENIGN_DIVERSE_MODERATE,13,r13-t023-b33f2307,1789126025051789818,1789126025400566063,0.0,30,0,0.0,False,False,False,False
B0_OFF,BENIGN_DIVERSE_MODERATE,13,r13-t024-912fa0b5,1789126025410738406,1789126025735025594,0.0,30,0,0.0,False,False,False,False
B0_OFF,BENIGN_DIVERSE_MODERATE,13,r13-t025-f4e4e535,1789126025747132461,1789126026069677003,0.0,30,0,0.0,False,False,False,False
B0_OFF,BENIGN_DIVERSE_MODERATE,13,r13-t026-63dc8590,1789126026824042245,1789126027149843993,0.0,24,0,0.0,False,False,False,False
B0_OFF,BENIGN_DIVERSE_MODERATE,13,r13-t027-d6da6649,1789126028248419562,1789126028581158323,0.0,5,0,0.0,False,False,False,False
B0_OFF,BENIGN_DIVERSE_MODERATE,13,r13-t028-ff429b07,1789126028591711029,1789126028928855716,0.0,6,0,0.0,False,False,False,False
B0_OFF,BENIGN_DIVERSE_MODERATE,13,r13-t029-33a939f1,1789126028938773291,1789126029271027786,0.0,11,0,0.0,False,False,False,False
B0_OFF,BENIGN_DIVERSE_MODERATE,13,r13-t030-43498eea,1789126029280769986,1789126029631834242,0.0,14,0,0.0,False,False,False,False
B0_OFF,BENIGN_DIVERSE_MODERATE,13,r13-t031-6ca9e4fa,1789126029641999137,1789126029972275547,0.0,18,0,0.0,False,False,False,False
B0_OFF,BENIGN_DIVERSE_MODERATE,13,r13-t032-e6a95bfd,1789126029982441573,1789126030323310196,0.0,23,0,0.0,False,False,False,False
B0_OFF,BENIGN_DIVERSE_MODERATE,13,r13-t033-72a0ce58,1789126030334655021,1789126030664622824,0.0,29,0,0.0,False,False,False,False
B0_OFF,BENIGN_DIVERSE_MODERATE,13,r13-t034-258b891a,1789126030674422539,1789126031007837351,0.0,30,0,0.0,False,False,False,False
B0_OFF,BENIGN_DIVERSE_MODERATE,13,r13-t035-a1cd4f0e,1789126031020552852,1789126031367260590,0.0,30,0,0.0,False,False,False,False
B0_OFF,BENIGN_DIVERSE_MODERATE,13,r13-t036-35e6fc3c,1789126031377114049,1789126031725692664,0.0,30,0,0.0,False,False,False,False
B0_OFF,BENIGN_DIVERSE_MODERATE,13,r13-t037-13467e23,1789126031735735268,1789126032076659049,0.0,30,0,0.0,False,False,False,False
B0_OFF,BENIGN_DIVERSE_MODERATE,13,r13-t038-f14033cc,1789126032087167438,1789126032403414339,0.0,30,0,0.0,False,False,False,False
B0_OFF,BENIGN_DIVERSE_MODERATE,13,r13-t039-f9b54513,1789126032414085470,1789126032739434820,0.0,30,0,0.0,False,False,False,False
B0_OFF,BENIGN_DIVERSE_MODERATE,13,r13-t040-66c8cc2a,1789126032750451333,1789126033084392370,0.0,30,0,0.0,False,False,False,False
B0_OFF,BENIGN_DIVERSE_MODERATE,13,r13-t041-c1ae8120,1789126033094714727,1789126033419118474,0.0,30,0,0.0,False,False,False,False
B0_OFF,BENIGN_DIVERSE_MODERATE,13,r13-t042-1e564643,1789126033429038557,1789126033769617169,0.0,30,0,0.0,False,False,False,False
B0_OFF,BENIGN_DIVERSE_MODERATE,13,r13-t043-3e5ed5e8,1789126033780757780,1789126034115020445,0.0,30,0,0.0,False,False,False,False
B0_OFF,BENIGN_DIVERSE_MODERATE,13,r13-t044-f60b0555,1789126034126876515,1789126034459667860,0.0,30,0,0.0,False,False,False,False
B0_OFF,BENIGN_DIVERSE_MODERATE,13,r13-t045-37c59109,1789126034470715329,1789126034822639103,0.0,30,0,0.0,False,False,False,False
B0_OFF,BENIGN_DIVERSE_MODERATE,13,r13-t046-7e2a8281,1789126034833873137,1789126035176510354,0.0,30,0,0.0,False,False,False,False
B0_OFF,BENIGN_DIVERSE_MODERATE,13,r13-t047-11af4215,1789126035186502481,1789126035526213257,0.0,30,0,0.0,False,False,False,False
B0_OFF,BENIGN_DIVERSE_MODERATE,13,r13-t048-68452433,1789126035538071869,1789126035859067795,0.0,30,0,0.0,False,False,False,False
B0_OFF,BENIGN_DIVERSE_MODERATE,13,r13-t049-a28d1b74,1789126035869770014,1789126036206957613,0.0,30,0,0.0,False,False,False,False
B0_OFF,ATTACK_DIVERSE_HIGH,13,r13-t000-5c8ef140,1789126048394416507,1789126048545745625,0.0,400,0,0.0,False,False,False,False
B0_OFF,ATTACK_DIVERSE_HIGH,13,r13-t001-4deeac59,1789126048557524929,1789126048875804998,0.0,401,0,0.0,False,False,False,False
B0_OFF,ATTACK_DIVERSE_HIGH,13,r13-t002-e20786a8,1789126048887504778,1789126049219954488,0.0,402,0,0.0,False,False,False,False
B0_OFF,ATTACK_DIVERSE_HIGH,13,r13-t003-8303b49a,1789126049230984742,1789126049589657363,0.0,403,0,0.0,False,False,False,False
B0_OFF,ATTACK_DIVERSE_HIGH,13,r13-t004-642e0d8b,1789126049601423332,1789126049923935506,0.0,404,0,0.0,False,False,False,False
B0_OFF,ATTACK_DIVERSE_HIGH,13,r13-t005-bfcd3ffa,1789126049934954909,1789126050255309318,0.0,405,0,0.0,False,False,False,False
B0_OFF,ATTACK_DIVERSE_HIGH,13,r13-t006-79fe22ed,1789126050266736624,1789126050598918809,0.0,406,0,0.0,False,False,False,False
B0_OFF,ATTACK_DIVERSE_HIGH,13,r13-t007-54a5a55a,1789126050609757967,1789126050954790039,0.0,406,0,0.0,False,False,False,False
B0_OFF,ATTACK_DIVERSE_HIGH,13,r13-t008-274f8a5c,1789126050966681034,1789126051315436162,0.0,406,0,0.0,False,False,False,False
B0_OFF,ATTACK_DIVERSE_HIGH,13,r13-t009-a7ffae13,1789126051327112575,1789126051672291872,0.0,406,0,0.0,False,False,False,False
B0_OFF,ATTACK_DIVERSE_HIGH,13,r13-t010-7089c95d,1789126051684334421,1789126052030072327,0.0,406,0,0.0,False,False,False,False
B0_OFF,ATTACK_DIVERSE_HIGH,13,r13-t011-d5c84e46,1789126052042172634,1789126052353111971,0.0,406,0,0.0,False,False,False,False
B0_OFF,ATTACK_DIVERSE_HIGH,13,r13-t012-e67112f2,1789126052367872962,1789126052736416656,0.0,406,0,0.0,False,False,False,False
B0_OFF,ATTACK_DIVERSE_HIGH,13,r13-t013-67338b7b,1789126052748084414,1789126053091754113,0.0,406,0,0.0,False,False,False,False
B0_OFF,ATTACK_DIVERSE_HIGH,13,r13-t014-25bca2b8,1789126053104053387,1789126053428387672,0.0,406,0,0.0,False,False,False,False
B0_OFF,ATTACK_DIVERSE_HIGH,13,r13-t015-eb27e677,1789126053443243584,1789126053791870773,0.0,406,0,0.0,False,False,False,False
B0_OFF,ATTACK_DIVERSE_HIGH,13,r13-t016-8ccf2826,1789126053803782745,1789126054125657383,0.0,406,0,0.0,False,False,False,False
B0_OFF,ATTACK_DIVERSE_HIGH,13,r13-t017-d32d3497,1789126054136084405,1789126054474085606,0.0,406,0,0.0,False,False,False,False
B0_OFF,ATTACK_DIVERSE_HIGH,13,r13-t018-7b7a02b6,1789126054486976039,1789126054800941816,0.0,406,0,0.0,False,False,False,False
B0_OFF,ATTACK_DIVERSE_HIGH,13,r13-t019-53e5cc39,1789126054812042309,1789126055171127375,0.0,406,0,0.0,False,False,False,False
B0_OFF,ATTACK_DIVERSE_HIGH,13,r13-t020-fc69d441,1789126055182843769,1789126055509341935,0.0,406,0,0.0,False,False,False,False
B0_OFF,ATTACK_DIVERSE_HIGH,13,r13-t021-b45fcfe6,1789126055520603107,1789126055844155735,0.0,406,0,0.0,False,False,False,False
B0_OFF,ATTACK_DIVERSE_HIGH,13,r13-t022-3e226c59,1789126055855780031,1789126056226090051,0.0,406,0,0.0,False,False,False,False
B0_OFF,ATTACK_DIVERSE_HIGH,13,r13-t023-a770d228,1789126056238260820,1789126056552530549,0.0,406,0,0.0,False,False,False,False
B0_OFF,ATTACK_DIVERSE_HIGH,13,r13-t024-78f8bc60,1789126056565028225,1789126056918264548,0.0,406,0,0.0,False,False,False,False
B0_OFF,ATTACK_DIVERSE_HIGH,13,r13-t025-a337323c,1789126056930545572,1789126057249031302,0.0,406,0,0.0,False,False,False,False
B0_OFF,ATTACK_DIVERSE_HIGH,13,r13-t026-1c6658f4,1789126057260813362,1789126057588107286,0.0,406,0,0.0,False,False,False,False
B0_OFF,ATTACK_DIVERSE_HIGH,13,r13-t027-15cb3f66,1789126057600212334,1789126057920943252,0.0,406,0,0.0,False,False,False,False
B0_OFF,ATTACK_DIVERSE_HIGH,13,r13-t028-dfda895a,1789126058728147289,1789126059059516363,0.0,307,0,0.0,False,False,False,False
B0_OFF,ATTACK_DIVERSE_HIGH,13,r13-t029-2e85c327,1789126060159062212,1789126060472865723,0.0,66,0,0.0,False,False,False,False
B0_OFF,ATTACK_DIVERSE_HIGH,13,r13-t030-6ede0a72,1789126060483421089,1789126060818713538,0.0,73,0,0.0,False,False,False,False
B0_OFF,ATTACK_DIVERSE_HIGH,13,r13-t031-f0a80744,1789126060830790676,1789126061168748368,0.0,144,0,0.0,False,False,False,False
B0_OFF,ATTACK_DIVERSE_HIGH,13,r13-t032-11a20adf,1789126061180830691,1789126061514702356,0.0,186,0,0.0,False,False,False,False
B0_OFF,ATTACK_DIVERSE_HIGH,13,r13-t033-616dc1c4,1789126061526240711,1789126061890322428,0.0,236,0,0.0,False,False,False,False
B0_OFF,ATTACK_DIVERSE_HIGH,13,r13-t034-54323cc8,1789126061902288019,1789126062255006290,0.0,312,0,0.0,False,False,False,False
B0_OFF,ATTACK_DIVERSE_HIGH,13,r13-t035-882b02ef,1789126062266949817,1789126062572529883,0.0,386,0,0.0,False,False,False,False
B0_OFF,ATTACK_DIVERSE_HIGH,13,r13-t036-112f6694,1789126062583629407,1789126062942335000,0.0,406,0,0.0,False,False,False,False
B0_OFF,ATTACK_DIVERSE_HIGH,13,r13-t037-89c7d5e7,1789126062954334535,1789126063273195464,0.0,406,0,0.0,False,False,False,False
B0_OFF,ATTACK_DIVERSE_HIGH,13,r13-t038-fbc9a4cb,1789126063284863094,1789126063598662550,0.0,405,0,0.0,False,False,False,False
B0_OFF,ATTACK_DIVERSE_HIGH,13,r13-t039-80aa3593,1789126063610497454,1789126063938812991,0.0,406,0,0.0,False,False,False,False
B0_OFF,ATTACK_DIVERSE_HIGH,13,r13-t040-da409102,1789126063950786691,1789126064288463206,0.0,406,0,0.0,False,False,False,False
B0_OFF,ATTACK_DIVERSE_HIGH,13,r13-t041-7415c64f,1789126064300240779,1789126064638515290,0.0,406,0,0.0,False,False,False,False
B0_OFF,ATTACK_DIVERSE_HIGH,13,r13-t042-d00fd209,1789126064650345668,1789126064975420407,0.0,406,0,0.0,False,False,False,False
B0_OFF,ATTACK_DIVERSE_HIGH,13,r13-t043-6ca4efbf,1789126064987866695,1789126065338963718,0.0,406,0,0.0,False,False,False,False
B0_OFF,ATTACK_DIVERSE_HIGH,13,r13-t044-ac32bf84,1789126065350216088,1789126065694913925,0.0,406,0,0.0,False,False,False,False
B0_OFF,ATTACK_DIVERSE_HIGH,13,r13-t045-a97e95d7,1789126065706468027,1789126066034938769,0.0,406,0,0.0,False,False,False,False
B0_OFF,ATTACK_DIVERSE_HIGH,13,r13-t046-7973edc9,1789126066047077668,1789126066378392335,0.0,406,0,0.0,False,False,False,False
B0_OFF,ATTACK_DIVERSE_HIGH,13,r13-t047-f49549b6,1789126066389642536,1789126066752612745,0.0,406,0,0.0,False,False,False,False
B0_OFF,ATTACK_DIVERSE_HIGH,13,r13-t048-babebf37,1789126066763706516,1789126067075440046,0.0,406,0,0.0,False,False,False,False
B0_OFF,ATTACK_DIVERSE_HIGH,13,r13-t049-5dc2691c,1789126067087750271,1789126067443017388,0.0,406,0,0.0,False,False,False,False
B5_LOCKED_TC,BENIGN_DIVERSE_MODERATE,13,r13-t000-1999d37e,1789126079664820225,1789126080004667591,0.0,24,0,0.0,False,False,False,False
B5_LOCKED_TC,BENIGN_DIVERSE_MODERATE,13,r13-t001-f14e426e,1789126080014672687,1789126080378270523,0.0,25,0,0.0,False,False,False,False
B5_LOCKED_TC,BENIGN_DIVERSE_MODERATE,13,r13-t002-450418d5,1789126080388970180,1789126080721524134,0.0,26,0,0.0,False,False,False,False
B5_LOCKED_TC,BENIGN_DIVERSE_MODERATE,13,r13-t003-8a47d953,1789126080732062860,1789126081077206551,0.0,27,0,0.0,False,False,False,False
B5_LOCKED_TC,BENIGN_DIVERSE_MODERATE,13,r13-t004-220b89cc,1789126081088699913,1789126081419106427,0.0,28,0,0.0,False,False,False,False
B5_LOCKED_TC,BENIGN_DIVERSE_MODERATE,13,r13-t005-fe8fe1a1,1789126081429155055,1789126081762988597,0.0,29,0,0.0,False,False,False,False
B5_LOCKED_TC,BENIGN_DIVERSE_MODERATE,13,r13-t006-86c986ca,1789126081773027209,1789126082104744955,0.0,30,0,0.0,False,False,False,False
B5_LOCKED_TC,BENIGN_DIVERSE_MODERATE,13,r13-t007-0d6c70a2,1789126082114881398,1789126082468259469,0.0,30,0,0.0,False,False,False,False
B5_LOCKED_TC,BENIGN_DIVERSE_MODERATE,13,r13-t008-b57d2eff,1789126082478528851,1789126082811031970,0.0,30,0,0.0,False,False,False,False
B5_LOCKED_TC,BENIGN_DIVERSE_MODERATE,13,r13-t009-322f6ea9,1789126082821451519,1789126083162392077,0.0,30,0,0.0,False,False,False,False
B5_LOCKED_TC,BENIGN_DIVERSE_MODERATE,13,r13-t010-a24a60d2,1789126083173082468,1789126083497003973,0.0,30,0,0.0,False,False,False,False
B5_LOCKED_TC,BENIGN_DIVERSE_MODERATE,13,r13-t011-b1b1ccb8,1789126083507406802,1789126083855617831,0.0,30,0,0.0,False,False,False,False
B5_LOCKED_TC,BENIGN_DIVERSE_MODERATE,13,r13-t012-57520f36,1789126083866171728,1789126084207534866,0.0,30,0,0.0,False,False,False,False
B5_LOCKED_TC,BENIGN_DIVERSE_MODERATE,13,r13-t013-e4603b6b,1789126084218130606,1789126084556184584,0.0,30,0,0.0,False,False,False,False
B5_LOCKED_TC,BENIGN_DIVERSE_MODERATE,13,r13-t014-95fb9232,1789126084566382911,1789126084886743710,0.0,30,0,0.0,False,False,False,False
B5_LOCKED_TC,BENIGN_DIVERSE_MODERATE,13,r13-t015-c0e718f5,1789126084896857882,1789126085227270088,0.0,30,0,0.0,False,False,False,False
B5_LOCKED_TC,BENIGN_DIVERSE_MODERATE,13,r13-t016-4a13ce20,1789126085237830865,1789126085582278588,0.0,30,0,0.0,False,False,False,False
B5_LOCKED_TC,BENIGN_DIVERSE_MODERATE,13,r13-t017-ba4048b9,1789126085593080903,1789126085922729290,0.0,30,0,0.0,False,False,False,False
B5_LOCKED_TC,BENIGN_DIVERSE_MODERATE,13,r13-t018-202b03bb,1789126085932615775,1789126086285987789,0.0,30,0,0.0,False,False,False,False
B5_LOCKED_TC,BENIGN_DIVERSE_MODERATE,13,r13-t019-17b710ff,1789126086297515285,1789126086647968294,0.0,30,0,0.0,False,False,False,False
B5_LOCKED_TC,BENIGN_DIVERSE_MODERATE,13,r13-t020-2eba0af1,1789126086659277906,1789126086987112729,0.0,30,0,0.0,False,False,False,False
B5_LOCKED_TC,BENIGN_DIVERSE_MODERATE,13,r13-t021-9123bad7,1789126086998414989,1789126087315335257,0.0,30,0,0.0,False,False,False,False
B5_LOCKED_TC,BENIGN_DIVERSE_MODERATE,13,r13-t022-10756fa7,1789126087326765120,1789126087658575478,0.0,30,0,0.0,False,False,False,False
B5_LOCKED_TC,BENIGN_DIVERSE_MODERATE,13,r13-t023-b33f2307,1789126087669480515,1789126087996424012,0.0,30,0,0.0,False,False,False,False
B5_LOCKED_TC,BENIGN_DIVERSE_MODERATE,13,r13-t024-912fa0b5,1789126088006535920,1789126088316255650,0.0,30,0,0.0,False,False,False,False
B5_LOCKED_TC,BENIGN_DIVERSE_MODERATE,13,r13-t025-f4e4e535,1789126088326740940,1789126088667716185,0.0,30,0,0.0,False,False,False,False
B5_LOCKED_TC,BENIGN_DIVERSE_MODERATE,13,r13-t026-63dc8590,1789126088678941073,1789126089026862218,0.0,30,0,0.0,False,False,False,False
B5_LOCKED_TC,BENIGN_DIVERSE_MODERATE,13,r13-t027-d6da6649,1789126089036529123,1789126089393722965,0.0,30,0,0.0,False,False,False,False
B5_LOCKED_TC,BENIGN_DIVERSE_MODERATE,13,r13-t028-ff429b07,1789126089404198927,1789126089795236786,0.0,30,0,0.0,False,False,False,False
B5_LOCKED_TC,BENIGN_DIVERSE_MODERATE,13,r13-t029-33a939f1,1789126090632986540,1789126090959754654,0.0,23,0,0.0,False,False,False,False
B5_LOCKED_TC,BENIGN_DIVERSE_MODERATE,13,r13-t030-43498eea,1789126092057137012,1789126092408044166,0.0,5,0,0.0,False,False,False,False
B5_LOCKED_TC,BENIGN_DIVERSE_MODERATE,13,r13-t031-6ca9e4fa,1789126092420857479,1789126092751785180,0.0,6,0,0.0,False,False,False,False
B5_LOCKED_TC,BENIGN_DIVERSE_MODERATE,13,r13-t032-e6a95bfd,1789126092762043633,1789126093111144197,0.0,11,0,0.0,False,False,False,False
B5_LOCKED_TC,BENIGN_DIVERSE_MODERATE,13,r13-t033-72a0ce58,1789126093121380692,1789126093453908617,0.0,14,0,0.0,False,False,False,False
B5_LOCKED_TC,BENIGN_DIVERSE_MODERATE,13,r13-t034-258b891a,1789126093463775250,1789126093819244603,0.0,18,0,0.0,False,False,False,False
B5_LOCKED_TC,BENIGN_DIVERSE_MODERATE,13,r13-t035-a1cd4f0e,1789126093830174598,1789126094142319415,0.0,24,0,0.0,False,False,False,False
B5_LOCKED_TC,BENIGN_DIVERSE_MODERATE,13,r13-t036-35e6fc3c,1789126094152703892,1789126094469914957,0.0,28,0,0.0,False,False,False,False
B5_LOCKED_TC,BENIGN_DIVERSE_MODERATE,13,r13-t037-13467e23,1789126094480704511,1789126094819023685,0.0,30,0,0.0,False,False,False,False
B5_LOCKED_TC,BENIGN_DIVERSE_MODERATE,13,r13-t038-f14033cc,1789126094831469343,1789126095146368098,0.0,30,0,0.0,False,False,False,False
B5_LOCKED_TC,BENIGN_DIVERSE_MODERATE,13,r13-t039-f9b54513,1789126095156780059,1789126095521827136,0.0,30,0,0.0,False,False,False,False
B5_LOCKED_TC,BENIGN_DIVERSE_MODERATE,13,r13-t040-66c8cc2a,1789126095533403421,1789126095880615966,0.0,30,0,0.0,False,False,False,False
B5_LOCKED_TC,BENIGN_DIVERSE_MODERATE,13,r13-t041-c1ae8120,1789126095892097618,1789126096209406624,0.0,30,0,0.0,False,False,False,False
B5_LOCKED_TC,BENIGN_DIVERSE_MODERATE,13,r13-t042-1e564643,1789126096221010864,1789126096562591621,0.0,30,0,0.0,False,False,False,False
B5_LOCKED_TC,BENIGN_DIVERSE_MODERATE,13,r13-t043-3e5ed5e8,1789126096572863992,1789126096921890459,0.0,30,0,0.0,False,False,False,False
B5_LOCKED_TC,BENIGN_DIVERSE_MODERATE,13,r13-t044-f60b0555,1789126096932164718,1789126097250800400,0.0,30,0,0.0,False,False,False,False
B5_LOCKED_TC,BENIGN_DIVERSE_MODERATE,13,r13-t045-37c59109,1789126097260808701,1789126097596210168,0.0,30,0,0.0,False,False,False,False
B5_LOCKED_TC,BENIGN_DIVERSE_MODERATE,13,r13-t046-7e2a8281,1789126097607234137,1789126097957147447,0.0,30,0,0.0,False,False,False,False
B5_LOCKED_TC,BENIGN_DIVERSE_MODERATE,13,r13-t047-11af4215,1789126097968329895,1789126098311887303,0.0,30,0,0.0,False,False,False,False
B5_LOCKED_TC,BENIGN_DIVERSE_MODERATE,13,r13-t048-68452433,1789126098322579767,1789126098663588750,0.0,30,0,0.0,False,False,False,False
B5_LOCKED_TC,BENIGN_DIVERSE_MODERATE,13,r13-t049-a28d1b74,1789126098673844592,1789126099030258779,0.0,30,0,0.0,False,False,False,False
B5_LOCKED_TC,BENIGN_DIVERSE_HIGH,13,r13-t000-5c8ef140,1789126111343364850,1789126112601458447,0.0,400,0,0.0,False,False,False,False
B5_LOCKED_TC,BENIGN_DIVERSE_HIGH,13,r13-t001-4deeac59,1789126112612609465,1789126113002042654,0.0,403,0,0.0,False,False,False,False
B5_LOCKED_TC,BENIGN_DIVERSE_HIGH,13,r13-t002-e20786a8,1789126113014334159,1789126113426942615,0.0,404,0,0.0,False,False,False,False
B5_LOCKED_TC,BENIGN_DIVERSE_HIGH,13,r13-t003-8303b49a,1789126113437910048,1789126113820790404,0.0,405,0,0.0,False,False,False,False
B5_LOCKED_TC,BENIGN_DIVERSE_HIGH,13,r13-t004-642e0d8b,1789126113831752297,1789126114225100039,0.0,405,0,0.0,False,False,False,False
B5_LOCKED_TC,BENIGN_DIVERSE_HIGH,13,r13-t005-bfcd3ffa,1789126114236170299,1789126114641687749,0.0,405,0,0.0,False,False,False,False
B5_LOCKED_TC,BENIGN_DIVERSE_HIGH,13,r13-t006-79fe22ed,1789126114653390464,1789126115059134977,0.0,405,0,0.0,False,False,False,False
B5_LOCKED_TC,BENIGN_DIVERSE_HIGH,13,r13-t007-54a5a55a,1789126115069947090,1789126115471680610,0.0,405,0,0.0,False,False,False,False
B5_LOCKED_TC,BENIGN_DIVERSE_HIGH,13,r13-t008-274f8a5c,1789126115483377597,1789126115882224362,0.0,405,0,0.0,False,False,False,False
B5_LOCKED_TC,BENIGN_DIVERSE_HIGH,13,r13-t009-a7ffae13,1789126115894456894,1789126116302065717,0.0,405,0,0.0,False,False,False,False
B5_LOCKED_TC,BENIGN_DIVERSE_HIGH,13,r13-t010-7089c95d,1789126116312776411,1789126116702306793,0.0,405,0,0.0,False,False,False,False
B5_LOCKED_TC,BENIGN_DIVERSE_HIGH,13,r13-t011-d5c84e46,1789126116713387101,1789126117120121756,0.0,405,0,0.0,False,False,False,False
B5_LOCKED_TC,BENIGN_DIVERSE_HIGH,13,r13-t012-e67112f2,1789126117131594216,1789126117538998686,0.0,405,0,0.0,False,False,False,False
B5_LOCKED_TC,BENIGN_DIVERSE_HIGH,13,r13-t013-67338b7b,1789126117549450933,1789126117978332842,0.0,405,0,0.0,False,False,False,False
B5_LOCKED_TC,BENIGN_DIVERSE_HIGH,13,r13-t014-25bca2b8,1789126117989477605,1789126118405561796,0.0,405,0,0.0,False,False,False,False
B5_LOCKED_TC,BENIGN_DIVERSE_HIGH,13,r13-t015-eb27e677,1789126118417230787,1789126118850378759,0.0,405,0,0.0,False,False,False,False
B5_LOCKED_TC,BENIGN_DIVERSE_HIGH,13,r13-t016-8ccf2826,1789126118861203189,1789126119240158380,0.0,405,0,0.0,False,False,False,False
B5_LOCKED_TC,BENIGN_DIVERSE_HIGH,13,r13-t017-d32d3497,1789126119251963550,1789126119657210564,0.0,405,0,0.0,False,False,False,False
B5_LOCKED_TC,BENIGN_DIVERSE_HIGH,13,r13-t018-7b7a02b6,1789126119668672168,1789126120077378458,0.0,405,0,0.0,False,False,False,False
B5_LOCKED_TC,BENIGN_DIVERSE_HIGH,13,r13-t019-53e5cc39,1789126120088606139,1789126120507935516,0.0,405,0,0.0,False,False,False,False
B5_LOCKED_TC,BENIGN_DIVERSE_HIGH,13,r13-t020-fc69d441,1789126120519227035,1789126120932714078,0.0,405,0,0.0,False,False,False,False
B5_LOCKED_TC,BENIGN_DIVERSE_HIGH,13,r13-t021-b45fcfe6,1789126120944680455,1789126121326890841,0.0,405,0,0.0,False,False,False,False
B5_LOCKED_TC,BENIGN_DIVERSE_HIGH,13,r13-t022-3e226c59,1789126121338223254,1789126121751034873,0.0,405,0,0.0,False,False,False,False
B5_LOCKED_TC,BENIGN_DIVERSE_HIGH,13,r13-t023-a770d228,1789126122578151324,1789126122957334111,0.0,297,0,0.0,False,False,False,False
B5_LOCKED_TC,BENIGN_DIVERSE_HIGH,13,r13-t024-78f8bc60,1789126124059417007,1789126124454808813,0.0,51,0,0.0,False,False,False,False
B5_LOCKED_TC,BENIGN_DIVERSE_HIGH,13,r13-t025-a337323c,1789126124466045653,1789126124856871177,0.0,104,0,0.0,False,False,False,False
B5_LOCKED_TC,BENIGN_DIVERSE_HIGH,13,r13-t026-1c6658f4,1789126124869548202,1789126125278373769,0.0,185,0,0.0,False,False,False,False
B5_LOCKED_TC,BENIGN_DIVERSE_HIGH,13,r13-t027-15cb3f66,1789126125290675592,1789126125687395201,0.0,220,0,0.0,False,False,False,False
B5_LOCKED_TC,BENIGN_DIVERSE_HIGH,13,r13-t028-dfda895a,1789126125699400675,1789126126100575697,0.0,303,0,0.0,False,False,False,False
B5_LOCKED_TC,BENIGN_DIVERSE_HIGH,13,r13-t029-2e85c327,1789126126111542443,1789126126485171028,0.0,386,0,0.0,False,False,False,False
B5_LOCKED_TC,BENIGN_DIVERSE_HIGH,13,r13-t030-6ede0a72,1789126126497469167,1789126126884351985,0.0,405,0,0.0,False,False,False,False
B5_LOCKED_TC,BENIGN_DIVERSE_HIGH,13,r13-t031-f0a80744,1789126126895905193,1789126127324049288,0.0,405,0,0.0,False,False,False,False
B5_LOCKED_TC,BENIGN_DIVERSE_HIGH,13,r13-t032-11a20adf,1789126127335337469,1789126127705653982,0.0,405,0,0.0,False,False,False,False
B5_LOCKED_TC,BENIGN_DIVERSE_HIGH,13,r13-t033-616dc1c4,1789126127716482779,1789126128117428532,0.0,405,0,0.0,False,False,False,False
B5_LOCKED_TC,BENIGN_DIVERSE_HIGH,13,r13-t034-54323cc8,1789126128128260064,1789126128516511660,0.0,405,0,0.0,False,False,False,False
B5_LOCKED_TC,BENIGN_DIVERSE_HIGH,13,r13-t035-882b02ef,1789126128527312536,1789126128945574573,0.0,405,0,0.0,False,False,False,False
B5_LOCKED_TC,BENIGN_DIVERSE_HIGH,13,r13-t036-112f6694,1789126128957249126,1789126129359888935,0.0,405,0,0.0,False,False,False,False
B5_LOCKED_TC,BENIGN_DIVERSE_HIGH,13,r13-t037-89c7d5e7,1789126129370961290,1789126129748746313,0.0,405,0,0.0,False,False,False,False
B5_LOCKED_TC,BENIGN_DIVERSE_HIGH,13,r13-t038-fbc9a4cb,1789126129760258337,1789126130162310854,0.0,405,0,0.0,False,False,False,False
B5_LOCKED_TC,BENIGN_DIVERSE_HIGH,13,r13-t039-80aa3593,1789126130174401019,1789126130590142864,0.0,405,0,0.0,False,False,False,False
B5_LOCKED_TC,BENIGN_DIVERSE_HIGH,13,r13-t040-da409102,1789126130602430840,1789126130994932719,0.0,405,0,0.0,False,False,False,False
B5_LOCKED_TC,BENIGN_DIVERSE_HIGH,13,r13-t041-7415c64f,1789126131006246934,1789126131421235183,0.0,405,0,0.0,False,False,False,False
B5_LOCKED_TC,BENIGN_DIVERSE_HIGH,13,r13-t042-d00fd209,1789126131432846346,1789126131817092822,0.0,405,0,0.0,False,False,False,False
B5_LOCKED_TC,BENIGN_DIVERSE_HIGH,13,r13-t043-6ca4efbf,1789126131829071114,1789126132222328381,0.0,405,0,0.0,False,False,False,False
B5_LOCKED_TC,BENIGN_DIVERSE_HIGH,13,r13-t044-ac32bf84,1789126132234937075,1789126132657594378,0.0,405,0,0.0,False,False,False,False
B5_LOCKED_TC,BENIGN_DIVERSE_HIGH,13,r13-t045-a97e95d7,1789126132669444477,1789126133053122902,0.0,405,0,0.0,False,False,False,False
B5_LOCKED_TC,BENIGN_DIVERSE_HIGH,13,r13-t046-7973edc9,1789126133064764722,1789126133464740016,0.0,405,0,0.0,False,False,False,False
B5_LOCKED_TC,BENIGN_DIVERSE_HIGH,13,r13-t047-f49549b6,1789126133475633807,1789126133898495333,0.0,405,0,0.0,False,False,False,False
B5_LOCKED_TC,BENIGN_DIVERSE_HIGH,13,r13-t048-babebf37,1789126133910177054,1789126134302740907,0.0,405,0,0.0,False,False,False,False
B5_LOCKED_TC,BENIGN_DIVERSE_HIGH,13,r13-t049-5dc2691c,1789126134314636567,1789126134715361401,0.0,405,0,0.0,False,False,False,False
B0_OFF,ATTACK_DIVERSE_MODERATE,13,r13-t000-1999d37e,1789126146922026652,1789126147060847567,0.0,24,0,0.0,False,False,False,False
B0_OFF,ATTACK_DIVERSE_MODERATE,13,r13-t001-f14e426e,1789126147072373367,1789126147344771475,0.0,25,0,0.0,False,False,False,False
B0_OFF,ATTACK_DIVERSE_MODERATE,13,r13-t002-450418d5,1789126147355772780,1789126147688837964,0.0,26,0,0.0,False,False,False,False
B0_OFF,ATTACK_DIVERSE_MODERATE,13,r13-t003-8a47d953,1789126147698799784,1789126148032985484,0.0,27,0,0.0,False,False,False,False
B0_OFF,ATTACK_DIVERSE_MODERATE,13,r13-t004-220b89cc,1789126148043467282,1789126148371299567,0.0,28,0,0.0,False,False,False,False
B0_OFF,ATTACK_DIVERSE_MODERATE,13,r13-t005-fe8fe1a1,1789126148382798639,1789126148713405861,0.0,29,0,0.0,False,False,False,False
B0_OFF,ATTACK_DIVERSE_MODERATE,13,r13-t006-86c986ca,1789126148723467912,1789126149044162440,0.0,30,0,0.0,False,False,False,False
B0_OFF,ATTACK_DIVERSE_MODERATE,13,r13-t007-0d6c70a2,1789126149055385476,1789126149393012060,0.0,30,0,0.0,False,False,False,False
B0_OFF,ATTACK_DIVERSE_MODERATE,13,r13-t008-b57d2eff,1789126149403598607,1789126149720848956,0.0,30,0,0.0,False,False,False,False
B0_OFF,ATTACK_DIVERSE_MODERATE,13,r13-t009-322f6ea9,1789126149731447173,1789126150029566128,0.0,30,0,0.0,False,False,False,False
B0_OFF,ATTACK_DIVERSE_MODERATE,13,r13-t010-a24a60d2,1789126150039800972,1789126150356954761,0.0,30,0,0.0,False,False,False,False
B0_OFF,ATTACK_DIVERSE_MODERATE,13,r13-t011-b1b1ccb8,1789126150367134739,1789126150702850630,0.0,30,0,0.0,False,False,False,False
B0_OFF,ATTACK_DIVERSE_MODERATE,13,r13-t012-57520f36,1789126150712571049,1789126151062808091,0.0,30,0,0.0,False,False,False,False
B0_OFF,ATTACK_DIVERSE_MODERATE,13,r13-t013-e4603b6b,1789126151073782009,1789126151353256007,0.0,30,0,0.0,False,False,False,False
B0_OFF,ATTACK_DIVERSE_MODERATE,13,r13-t014-95fb9232,1789126151363302531,1789126151671475854,0.0,31,0,0.0,False,False,False,False
B0_OFF,ATTACK_DIVERSE_MODERATE,13,r13-t015-c0e718f5,1789126151683012768,1789126152025750936,0.0,31,0,0.0,False,False,False,False
B0_OFF,ATTACK_DIVERSE_MODERATE,13,r13-t016-4a13ce20,1789126152036159266,1789126152365859008,0.0,30,0,0.0,False,False,False,False
B0_OFF,ATTACK_DIVERSE_MODERATE,13,r13-t017-ba4048b9,1789126152375902515,1789126152701042115,0.0,30,0,0.0,False,False,False,False
B0_OFF,ATTACK_DIVERSE_MODERATE,13,r13-t018-202b03bb,1789126152712283948,1789126153047627555,0.0,30,0,0.0,False,False,False,False
B0_OFF,ATTACK_DIVERSE_MODERATE,13,r13-t019-17b710ff,1789126153058270461,1789126153344320605,0.0,30,0,0.0,False,False,False,False
B0_OFF,ATTACK_DIVERSE_MODERATE,13,r13-t020-2eba0af1,1789126153354558915,1789126153695945892,0.0,30,0,0.0,False,False,False,False
B0_OFF,ATTACK_DIVERSE_MODERATE,13,r13-t021-9123bad7,1789126154492254962,1789126154831257255,0.0,22,0,0.0,False,False,False,False
B0_OFF,ATTACK_DIVERSE_MODERATE,13,r13-t022-10756fa7,1789126155937439930,1789126156257822605,0.0,4,0,0.0,False,False,False,False
B0_OFF,ATTACK_DIVERSE_MODERATE,13,r13-t023-b33f2307,1789126156269043516,1789126156578771411,0.0,7,0,0.0,False,False,False,False
B0_OFF,ATTACK_DIVERSE_MODERATE,13,r13-t024-912fa0b5,1789126156590576641,1789126156910594117,0.0,12,0,0.0,False,False,False,False
B0_OFF,ATTACK_DIVERSE_MODERATE,13,r13-t025-f4e4e535,1789126156921021577,1789126157256597215,0.0,14,0,0.0,False,False,False,False
B0_OFF,ATTACK_DIVERSE_MODERATE,13,r13-t026-63dc8590,1789126157267367352,1789126157576473795,0.0,18,0,0.0,False,False,False,False
B0_OFF,ATTACK_DIVERSE_MODERATE,13,r13-t027-d6da6649,1789126157587693198,1789126157902147482,0.0,23,0,0.0,False,False,False,False
B0_OFF,ATTACK_DIVERSE_MODERATE,13,r13-t028-ff429b07,1789126157912579939,1789126158253500874,0.0,28,0,0.0,False,False,False,False
B0_OFF,ATTACK_DIVERSE_MODERATE,13,r13-t029-33a939f1,1789126158265174538,1789126158576147693,0.0,30,0,0.0,False,False,False,False
B0_OFF,ATTACK_DIVERSE_MODERATE,13,r13-t030-43498eea,1789126158587768768,1789126158932531979,0.0,30,0,0.0,False,False,False,False
B0_OFF,ATTACK_DIVERSE_MODERATE,13,r13-t031-6ca9e4fa,1789126158943120035,1789126159252461996,0.0,30,0,0.0,False,False,False,False
B0_OFF,ATTACK_DIVERSE_MODERATE,13,r13-t032-e6a95bfd,1789126159263723243,1789126159604215457,0.0,30,0,0.0,False,False,False,False
B0_OFF,ATTACK_DIVERSE_MODERATE,13,r13-t033-72a0ce58,1789126159614757238,1789126159927579481,0.0,30,0,0.0,False,False,False,False
B0_OFF,ATTACK_DIVERSE_MODERATE,13,r13-t034-258b891a,1789126159937986963,1789126160248365054,0.0,30,0,0.0,False,False,False,False
B0_OFF,ATTACK_DIVERSE_MODERATE,13,r13-t035-a1cd4f0e,1789126160259730914,1789126160582343145,0.0,30,0,0.0,False,False,False,False
B0_OFF,ATTACK_DIVERSE_MODERATE,13,r13-t036-35e6fc3c,1789126160592538291,1789126160932697537,0.0,30,0,0.0,False,False,False,False
B0_OFF,ATTACK_DIVERSE_MODERATE,13,r13-t037-13467e23,1789126160943034618,1789126161254026550,0.0,30,0,0.0,False,False,False,False
B0_OFF,ATTACK_DIVERSE_MODERATE,13,r13-t038-f14033cc,1789126161264326134,1789126161596510937,0.0,30,0,0.0,False,False,False,False
B0_OFF,ATTACK_DIVERSE_MODERATE,13,r13-t039-f9b54513,1789126161606430184,1789126161933781923,0.0,30,0,0.0,False,False,False,False
B0_OFF,ATTACK_DIVERSE_MODERATE,13,r13-t040-66c8cc2a,1789126161943696462,1789126162264911127,0.0,30,0,0.0,False,False,False,False
B0_OFF,ATTACK_DIVERSE_MODERATE,13,r13-t041-c1ae8120,1789126162276669247,1789126162601309102,0.0,30,0,0.0,False,False,False,False
B0_OFF,ATTACK_DIVERSE_MODERATE,13,r13-t042-1e564643,1789126162613095754,1789126162945465311,0.0,30,0,0.0,False,False,False,False
B0_OFF,ATTACK_DIVERSE_MODERATE,13,r13-t043-3e5ed5e8,1789126162957978358,1789126163308993423,0.0,30,0,0.0,False,False,False,False
B0_OFF,ATTACK_DIVERSE_MODERATE,13,r13-t044-f60b0555,1789126163319792556,1789126163598466646,0.0,30,0,0.0,False,False,False,False
B0_OFF,ATTACK_DIVERSE_MODERATE,13,r13-t045-37c59109,1789126163608961624,1789126163960491211,0.0,30,0,0.0,False,False,False,False
B0_OFF,ATTACK_DIVERSE_MODERATE,13,r13-t046-7e2a8281,1789126163971973423,1789126164274181361,0.0,30,0,0.0,False,False,False,False
B0_OFF,ATTACK_DIVERSE_MODERATE,13,r13-t047-11af4215,1789126164284624077,1789126164586549140,0.0,30,0,0.0,False,False,False,False
B0_OFF,ATTACK_DIVERSE_MODERATE,13,r13-t048-68452433,1789126164596553796,1789126164930753279,0.0,30,0,0.0,False,False,False,False
B0_OFF,ATTACK_DIVERSE_MODERATE,13,r13-t049-a28d1b74,1789126164941385363,1789126165260936588,0.0,30,0,0.0,False,False,False,False
RFC_DROP_NATIVE,BENIGN_DIVERSE_MODERATE,13,r13-t000-1999d37e,1789126175836343665,1789126177859396880,0.0,24,0,0.0,False,False,False,False
RFC_DROP_NATIVE,BENIGN_DIVERSE_MODERATE,13,r13-t001-f14e426e,1789126175841198327,1789126177862078268,0.0,24,0,0.0,False,False,False,False
RFC_DROP_NATIVE,BENIGN_DIVERSE_MODERATE,13,r13-t002-450418d5,1789126175850177426,1789126177860432980,0.0,24,0,0.0,False,False,False,False
RFC_DROP_NATIVE,BENIGN_DIVERSE_MODERATE,13,r13-t003-8a47d953,1789126175860051527,1789126177868460967,0.0,24,0,0.0,False,False,False,False
RFC_DROP_NATIVE,BENIGN_DIVERSE_MODERATE,13,r13-t004-220b89cc,1789126175869901792,1789126177880142388,0.0,24,0,0.0,False,False,False,False
RFC_DROP_NATIVE,BENIGN_DIVERSE_MODERATE,13,r13-t005-fe8fe1a1,1789126175880109570,1789126177898546325,0.0,24,0,0.0,False,False,False,False
RFC_DROP_NATIVE,BENIGN_DIVERSE_MODERATE,13,r13-t006-86c986ca,1789126175889795530,1789126177898262940,0.0,24,0,0.0,False,False,False,False
RFC_DROP_NATIVE,BENIGN_DIVERSE_MODERATE,13,r13-t007-0d6c70a2,1789126175900816672,1789126177911079878,0.0,24,0,0.0,False,False,False,False
RFC_DROP_NATIVE,BENIGN_DIVERSE_MODERATE,13,r13-t008-b57d2eff,1789126175910124757,1789126177920591849,0.0,24,0,0.0,False,False,False,False
RFC_DROP_NATIVE,BENIGN_DIVERSE_MODERATE,13,r13-t009-322f6ea9,1789126175920190563,1789126177929169580,0.0,24,0,0.0,False,False,False,False
RFC_DROP_NATIVE,BENIGN_DIVERSE_MODERATE,13,r13-t010-a24a60d2,1789126175930107546,1789126177939987962,0.0,24,0,0.0,False,False,False,False
RFC_DROP_NATIVE,BENIGN_DIVERSE_MODERATE,13,r13-t011-b1b1ccb8,1789126175940101379,1789126177948637457,0.0,24,0,0.0,False,False,False,False
RFC_DROP_NATIVE,BENIGN_DIVERSE_MODERATE,13,r13-t012-57520f36,1789126175950109288,1789126177960166794,0.0,24,0,0.0,False,False,False,False
RFC_DROP_NATIVE,BENIGN_DIVERSE_MODERATE,13,r13-t013-e4603b6b,1789126175960250256,1789126177968623949,0.0,24,0,0.0,False,False,False,False
RFC_DROP_NATIVE,BENIGN_DIVERSE_MODERATE,13,r13-t014-95fb9232,1789126175970049287,1789126177980390208,0.0,24,0,0.0,False,False,False,False
RFC_DROP_NATIVE,BENIGN_DIVERSE_MODERATE,13,r13-t015-c0e718f5,1789126175980200389,1789126177988661982,0.0,24,0,0.0,False,False,False,False
RFC_DROP_NATIVE,BENIGN_DIVERSE_MODERATE,13,r13-t016-4a13ce20,1789126175990177051,1789126178000395040,0.0,24,0,0.0,False,False,False,False
RFC_DROP_NATIVE,BENIGN_DIVERSE_MODERATE,13,r13-t017-ba4048b9,1789126176000163941,1789126178008622044,0.0,24,0,0.0,False,False,False,False
RFC_DROP_NATIVE,BENIGN_DIVERSE_MODERATE,13,r13-t018-202b03bb,1789126176009931820,1789126178020384071,0.0,24,0,0.0,False,False,False,False
RFC_DROP_NATIVE,BENIGN_DIVERSE_MODERATE,13,r13-t019-17b710ff,1789126176021443532,1789126178032128039,0.0,24,0,0.0,False,False,False,False
RFC_DROP_NATIVE,BENIGN_DIVERSE_MODERATE,13,r13-t020-2eba0af1,1789126176030418221,1789126178040515029,0.0,24,0,0.0,False,False,False,False
RFC_DROP_NATIVE,BENIGN_DIVERSE_MODERATE,13,r13-t021-9123bad7,1789126176040572795,1789126178051826254,0.0,24,0,0.0,False,False,False,False
RFC_DROP_NATIVE,BENIGN_DIVERSE_MODERATE,13,r13-t022-10756fa7,1789126176050569350,1789126178060771549,0.0,24,0,0.0,False,False,False,False
RFC_DROP_NATIVE,BENIGN_DIVERSE_MODERATE,13,r13-t023-b33f2307,1789126176060281584,1789126178072146261,0.0,24,0,0.0,False,False,False,False
RFC_DROP_NATIVE,BENIGN_DIVERSE_MODERATE,13,r13-t024-912fa0b5,1789126176070366344,1789126178081122124,0.0,24,0,0.0,False,False,False,False
RFC_DROP_NATIVE,BENIGN_DIVERSE_MODERATE,13,r13-t025-f4e4e535,1789126176080920843,1789126178092379833,0.0,24,0,0.0,False,False,False,False
RFC_DROP_NATIVE,BENIGN_DIVERSE_MODERATE,13,r13-t026-63dc8590,1789126176090490729,1789126178100597338,0.0,24,0,0.0,False,False,False,False
RFC_DROP_NATIVE,BENIGN_DIVERSE_MODERATE,13,r13-t027-d6da6649,1789126176100308340,1789126178110243618,0.0,24,0,0.0,False,False,False,False
RFC_DROP_NATIVE,BENIGN_DIVERSE_MODERATE,13,r13-t028-ff429b07,1789126176111538267,1789126178146153464,0.0,24,0,0.0,False,False,False,False
RFC_DROP_NATIVE,BENIGN_DIVERSE_MODERATE,13,r13-t029-33a939f1,1789126176125106194,1789126178146487075,0.0,24,0,0.0,False,False,False,False
RFC_DROP_NATIVE,BENIGN_DIVERSE_MODERATE,13,r13-t030-43498eea,1789126176129991822,1789126178151280823,0.0,24,0,0.0,False,False,False,False
RFC_DROP_NATIVE,BENIGN_DIVERSE_MODERATE,13,r13-t031-6ca9e4fa,1789126176140106609,1789126178151118108,0.0,24,0,0.0,False,False,False,False
RFC_DROP_NATIVE,BENIGN_DIVERSE_MODERATE,13,r13-t032-e6a95bfd,1789126176149935855,1789126178160452882,0.0,24,0,0.0,False,False,False,False
RFC_DROP_NATIVE,BENIGN_DIVERSE_MODERATE,13,r13-t033-72a0ce58,1789126176160259332,1789126178170610628,0.0,24,0,0.0,False,False,False,False
RFC_DROP_NATIVE,BENIGN_DIVERSE_MODERATE,13,r13-t034-258b891a,1789126176170020642,1789126178180369115,0.0,24,0,0.0,False,False,False,False
RFC_DROP_NATIVE,BENIGN_DIVERSE_MODERATE,13,r13-t035-a1cd4f0e,1789126176180285378,1789126178192430515,0.0,24,0,0.0,False,False,False,False
RFC_DROP_NATIVE,BENIGN_DIVERSE_MODERATE,13,r13-t036-35e6fc3c,1789126176190015347,1789126178200746871,0.0,24,0,0.0,False,False,False,False
RFC_DROP_NATIVE,BENIGN_DIVERSE_MODERATE,13,r13-t037-13467e23,1789126176200315553,1789126178208675065,0.0,24,0,0.0,False,False,False,False
RFC_DROP_NATIVE,BENIGN_DIVERSE_MODERATE,13,r13-t038-f14033cc,1789126176209978429,1789126178220355735,0.0,24,0,0.0,False,False,False,False
RFC_DROP_NATIVE,BENIGN_DIVERSE_MODERATE,13,r13-t039-f9b54513,1789126176220232657,1789126178231811052,0.0,25,0,0.0,False,False,False,False
RFC_DROP_NATIVE,BENIGN_DIVERSE_MODERATE,13,r13-t040-66c8cc2a,1789126176230133218,1789126178240727848,0.0,25,0,0.0,False,False,False,False
RFC_DROP_NATIVE,BENIGN_DIVERSE_MODERATE,13,r13-t041-c1ae8120,1789126176240276437,1789126178252003239,0.0,25,0,0.0,False,False,False,False
RFC_DROP_NATIVE,BENIGN_DIVERSE_MODERATE,13,r13-t042-1e564643,1789126176250301987,1789126178260499708,0.0,25,0,0.0,False,False,False,False
RFC_DROP_NATIVE,BENIGN_DIVERSE_MODERATE,13,r13-t043-3e5ed5e8,1789126176260450181,1789126178271190178,0.0,25,0,0.0,False,False,False,False
RFC_DROP_NATIVE,BENIGN_DIVERSE_MODERATE,13,r13-t044-f60b0555,1789126176270136703,1789126178280548087,0.0,25,0,0.0,False,False,False,False
RFC_DROP_NATIVE,BENIGN_DIVERSE_MODERATE,13,r13-t045-37c59109,1789126176280172481,1789126178291176574,0.0,25,0,0.0,False,False,False,False
RFC_DROP_NATIVE,BENIGN_DIVERSE_MODERATE,13,r13-t046-7e2a8281,1789126176290367685,1789126178300499590,0.0,25,0,0.0,False,False,False,False
RFC_DROP_NATIVE,BENIGN_DIVERSE_MODERATE,13,r13-t047-11af4215,1789126176300418196,1789126178311510783,0.0,25,0,0.0,False,False,False,False
RFC_DROP_NATIVE,BENIGN_DIVERSE_MODERATE,13,r13-t048-68452433,1789126176310234118,1789126178320565087,0.0,25,0,0.0,False,False,False,False
RFC_DROP_NATIVE,BENIGN_DIVERSE_MODERATE,13,r13-t049-a28d1b74,1789126176320264642,1789126178341142051,0.0,25,0,0.0,False,False,False,False
B0_OFF,BENIGN_DIVERSE_HIGH,13,r13-t000-5c8ef140,1789126210082847514,1789126210808101853,0.0,400,0,0.0,False,False,False,False
B0_OFF,BENIGN_DIVERSE_HIGH,13,r13-t001-4deeac59,1789126210819363813,1789126211152003084,0.0,402,0,0.0,False,False,False,False
B0_OFF,BENIGN_DIVERSE_HIGH,13,r13-t002-e20786a8,1789126211163935209,1789126211504347973,0.0,403,0,0.0,False,False,False,False
B0_OFF,BENIGN_DIVERSE_HIGH,13,r13-t003-8303b49a,1789126211517232896,1789126211862473453,0.0,404,0,0.0,False,False,False,False
B0_OFF,BENIGN_DIVERSE_HIGH,13,r13-t004-642e0d8b,1789126211873625905,1789126212207706942,0.0,405,0,0.0,False,False,False,False
B0_OFF,BENIGN_DIVERSE_HIGH,13,r13-t005-bfcd3ffa,1789126212218506925,1789126212570965659,0.0,406,0,0.0,False,False,False,False
B0_OFF,BENIGN_DIVERSE_HIGH,13,r13-t006-79fe22ed,1789126212582495743,1789126212924923614,0.0,406,0,0.0,False,False,False,False
B0_OFF,BENIGN_DIVERSE_HIGH,13,r13-t007-54a5a55a,1789126212937006529,1789126213278783462,0.0,406,0,0.0,False,False,False,False
B0_OFF,BENIGN_DIVERSE_HIGH,13,r13-t008-274f8a5c,1789126213290019318,1789126213638283478,0.0,405,0,0.0,False,False,False,False
B0_OFF,BENIGN_DIVERSE_HIGH,13,r13-t009-a7ffae13,1789126213649292681,1789126213983137922,0.0,406,0,0.0,False,False,False,False
B0_OFF,BENIGN_DIVERSE_HIGH,13,r13-t010-7089c95d,1789126213997382114,1789126214330600261,0.0,406,0,0.0,False,False,False,False
B0_OFF,BENIGN_DIVERSE_HIGH,13,r13-t011-d5c84e46,1789126214343407529,1789126214674845988,0.0,406,0,0.0,False,False,False,False
B0_OFF,BENIGN_DIVERSE_HIGH,13,r13-t012-e67112f2,1789126214687093263,1789126215058975040,0.0,406,0,0.0,False,False,False,False
B0_OFF,BENIGN_DIVERSE_HIGH,13,r13-t013-67338b7b,1789126215072902857,1789126215423247718,0.0,406,0,0.0,False,False,False,False
B0_OFF,BENIGN_DIVERSE_HIGH,13,r13-t014-25bca2b8,1789126215434769603,1789126215790451265,0.0,406,0,0.0,False,False,False,False
B0_OFF,BENIGN_DIVERSE_HIGH,13,r13-t015-eb27e677,1789126215801856194,1789126216151684885,0.0,406,0,0.0,False,False,False,False
B0_OFF,BENIGN_DIVERSE_HIGH,13,r13-t016-8ccf2826,1789126216164873177,1789126216510881911,0.0,406,0,0.0,False,False,False,False
B0_OFF,BENIGN_DIVERSE_HIGH,13,r13-t017-d32d3497,1789126216522661927,1789126216862802611,0.0,406,0,0.0,False,False,False,False
B0_OFF,BENIGN_DIVERSE_HIGH,13,r13-t018-7b7a02b6,1789126216874697133,1789126217224009937,0.0,406,0,0.0,False,False,False,False
B0_OFF,BENIGN_DIVERSE_HIGH,13,r13-t019-53e5cc39,1789126217236318469,1789126217574036350,0.0,406,0,0.0,False,False,False,False
B0_OFF,BENIGN_DIVERSE_HIGH,13,r13-t020-fc69d441,1789126218421227899,1789126218750564077,0.0,264,0,0.0,False,False,False,False
B0_OFF,BENIGN_DIVERSE_HIGH,13,r13-t021-b45fcfe6,1789126219856772600,1789126220221657199,0.0,50,0,0.0,False,False,False,False
B0_OFF,BENIGN_DIVERSE_HIGH,13,r13-t022-3e226c59,1789126220233922381,1789126220568277477,0.0,118,0,0.0,False,False,False,False
B0_OFF,BENIGN_DIVERSE_HIGH,13,r13-t023-a770d228,1789126220579548299,1789126220937873145,0.0,184,0,0.0,False,False,False,False
B0_OFF,BENIGN_DIVERSE_HIGH,13,r13-t024-78f8bc60,1789126220949043292,1789126221334479653,0.0,213,0,0.0,False,False,False,False
B0_OFF,BENIGN_DIVERSE_HIGH,13,r13-t025-a337323c,1789126221346707183,1789126221689267006,0.0,294,0,0.0,False,False,False,False
B0_OFF,BENIGN_DIVERSE_HIGH,13,r13-t026-1c6658f4,1789126221701376575,1789126222057921134,0.0,366,0,0.0,False,False,False,False
B0_OFF,BENIGN_DIVERSE_HIGH,13,r13-t027-15cb3f66,1789126222068776409,1789126222408093721,0.0,406,0,0.0,False,False,False,False
B0_OFF,BENIGN_DIVERSE_HIGH,13,r13-t028-dfda895a,1789126222419311183,1789126222778739463,0.0,406,0,0.0,False,False,False,False
B0_OFF,BENIGN_DIVERSE_HIGH,13,r13-t029-2e85c327,1789126222790952166,1789126223127762679,0.0,406,0,0.0,False,False,False,False
B0_OFF,BENIGN_DIVERSE_HIGH,13,r13-t030-6ede0a72,1789126223139104052,1789126223484173980,0.0,406,0,0.0,False,False,False,False
B0_OFF,BENIGN_DIVERSE_HIGH,13,r13-t031-f0a80744,1789126223495807180,1789126223820559027,0.0,406,0,0.0,False,False,False,False
B0_OFF,BENIGN_DIVERSE_HIGH,13,r13-t032-11a20adf,1789126223832409447,1789126224180118016,0.0,406,0,0.0,False,False,False,False
B0_OFF,BENIGN_DIVERSE_HIGH,13,r13-t033-616dc1c4,1789126224191915830,1789126224538129746,0.0,406,0,0.0,False,False,False,False
B0_OFF,BENIGN_DIVERSE_HIGH,13,r13-t034-54323cc8,1789126224549330682,1789126224877511280,0.0,406,0,0.0,False,False,False,False
B0_OFF,BENIGN_DIVERSE_HIGH,13,r13-t035-882b02ef,1789126224888683221,1789126225208438658,0.0,406,0,0.0,False,False,False,False
B0_OFF,BENIGN_DIVERSE_HIGH,13,r13-t036-112f6694,1789126225220168380,1789126225565038938,0.0,406,0,0.0,False,False,False,False
B0_OFF,BENIGN_DIVERSE_HIGH,13,r13-t037-89c7d5e7,1789126225577758328,1789126225924362954,0.0,406,0,0.0,False,False,False,False
B0_OFF,BENIGN_DIVERSE_HIGH,13,r13-t038-fbc9a4cb,1789126225935870073,1789126226247950414,0.0,406,0,0.0,False,False,False,False
B0_OFF,BENIGN_DIVERSE_HIGH,13,r13-t039-80aa3593,1789126226258905324,1789126226591655073,0.0,406,0,0.0,False,False,False,False
B0_OFF,BENIGN_DIVERSE_HIGH,13,r13-t040-da409102,1789126226605781285,1789126226960934605,0.0,406,0,0.0,False,False,False,False
B0_OFF,BENIGN_DIVERSE_HIGH,13,r13-t041-7415c64f,1789126226972158772,1789126227312469530,0.0,406,0,0.0,False,False,False,False
B0_OFF,BENIGN_DIVERSE_HIGH,13,r13-t042-d00fd209,1789126227323834136,1789126227675289541,0.0,406,0,0.0,False,False,False,False
B0_OFF,BENIGN_DIVERSE_HIGH,13,r13-t043-6ca4efbf,1789126227687166688,1789126228041375861,0.0,406,0,0.0,False,False,False,False
B0_OFF,BENIGN_DIVERSE_HIGH,13,r13-t044-ac32bf84,1789126228052803175,1789126228392517526,0.0,406,0,0.0,False,False,False,False
B0_OFF,BENIGN_DIVERSE_HIGH,13,r13-t045-a97e95d7,1789126228403391877,1789126228725152433,0.0,406,0,0.0,False,False,False,False
B0_OFF,BENIGN_DIVERSE_HIGH,13,r13-t046-7973edc9,1789126228737933017,1789126229072684000,0.0,406,0,0.0,False,False,False,False
B0_OFF,BENIGN_DIVERSE_HIGH,13,r13-t047-f49549b6,1789126229083800601,1789126229417816050,0.0,406,0,0.0,False,False,False,False
B0_OFF,BENIGN_DIVERSE_HIGH,13,r13-t048-babebf37,1789126229428506579,1789126229779181749,0.0,406,0,0.0,False,False,False,False
B0_OFF,BENIGN_DIVERSE_HIGH,13,r13-t049-5dc2691c,1789126229791214948,1789126230127889204,0.0,406,0,0.0,False,False,False,False
B1_RL2_TC,BENIGN_DIVERSE_HIGH,13,r13-t000-5c8ef140,1789126243338714563,1789126244525952381,0.0,400,0,0.0,False,False,False,False
B1_RL2_TC,BENIGN_DIVERSE_HIGH,13,r13-t001-4deeac59,1789126244538488451,1789126244941812751,0.0,403,0,0.0,False,False,False,False
B1_RL2_TC,BENIGN_DIVERSE_HIGH,13,r13-t002-e20786a8,1789126244954554727,1789126245349630840,0.0,404,0,0.0,False,False,False,False
B1_RL2_TC,BENIGN_DIVERSE_HIGH,13,r13-t003-8303b49a,1789126245361038253,1789126245764904788,0.0,405,0,0.0,False,False,False,False
B1_RL2_TC,BENIGN_DIVERSE_HIGH,13,r13-t004-642e0d8b,1789126245776510233,1789126246182138837,0.0,405,0,0.0,False,False,False,False
B1_RL2_TC,BENIGN_DIVERSE_HIGH,13,r13-t005-bfcd3ffa,1789126246193719541,1789126246602321254,0.0,405,0,0.0,False,False,False,False
B1_RL2_TC,BENIGN_DIVERSE_HIGH,13,r13-t006-79fe22ed,1789126246613927832,1789126247012005195,0.0,405,0,0.0,False,False,False,False
B1_RL2_TC,BENIGN_DIVERSE_HIGH,13,r13-t007-54a5a55a,1789126247022587150,1789126247434308062,0.0,405,0,0.0,False,False,False,False
B1_RL2_TC,BENIGN_DIVERSE_HIGH,13,r13-t008-274f8a5c,1789126247445555975,1789126247867377506,0.0,405,0,0.0,False,False,False,False
B1_RL2_TC,BENIGN_DIVERSE_HIGH,13,r13-t009-a7ffae13,1789126247878336730,1789126248272722803,0.0,405,0,0.0,False,False,False,False
B1_RL2_TC,BENIGN_DIVERSE_HIGH,13,r13-t010-7089c95d,1789126248283807910,1789126248684703414,0.0,405,0,0.0,False,False,False,False
B1_RL2_TC,BENIGN_DIVERSE_HIGH,13,r13-t011-d5c84e46,1789126248697531891,1789126249113352527,0.0,405,0,0.0,False,False,False,False
B1_RL2_TC,BENIGN_DIVERSE_HIGH,13,r13-t012-e67112f2,1789126249124589485,1789126249507887430,0.0,405,0,0.0,False,False,False,False
B1_RL2_TC,BENIGN_DIVERSE_HIGH,13,r13-t013-67338b7b,1789126251444403860,1789126253454603026,0.0,93,0,0.0,False,False,False,False
B1_RL2_TC,BENIGN_DIVERSE_HIGH,13,r13-t014-25bca2b8,1789126253465581988,1789126253853563078,0.0,329,0,0.0,False,False,False,False
B1_RL2_TC,BENIGN_DIVERSE_HIGH,13,r13-t015-eb27e677,1789126253867767289,1789126254279591325,0.0,401,0,0.0,False,False,False,False
B1_RL2_TC,BENIGN_DIVERSE_HIGH,13,r13-t016-8ccf2826,1789126254292577228,1789126254674116881,0.0,402,0,0.0,False,False,False,False
B1_RL2_TC,BENIGN_DIVERSE_HIGH,13,r13-t017-d32d3497,1789126254685137109,1789126255082076546,0.0,403,0,0.0,False,False,False,False
B1_RL2_TC,BENIGN_DIVERSE_HIGH,13,r13-t018-7b7a02b6,1789126255094043313,1789126255492974941,0.0,404,0,0.0,False,False,False,False
B1_RL2_TC,BENIGN_DIVERSE_HIGH,13,r13-t019-53e5cc39,1789126255503954637,1789126255935760621,0.0,405,0,0.0,False,False,False,False
B1_RL2_TC,BENIGN_DIVERSE_HIGH,13,r13-t020-fc69d441,1789126255947823170,1789126256338756035,0.0,405,0,0.0,False,False,False,False
B1_RL2_TC,BENIGN_DIVERSE_HIGH,13,r13-t021-b45fcfe6,1789126256351225680,1789126256741684733,0.0,405,0,0.0,False,False,False,False
B1_RL2_TC,BENIGN_DIVERSE_HIGH,13,r13-t022-3e226c59,1789126256752624891,1789126257162706641,0.0,405,0,0.0,False,False,False,False
B1_RL2_TC,BENIGN_DIVERSE_HIGH,13,r13-t023-a770d228,1789126257173479769,1789126257577002502,0.0,405,0,0.0,False,False,False,False
B1_RL2_TC,BENIGN_DIVERSE_HIGH,13,r13-t024-78f8bc60,1789126257588403450,1789126257997838132,0.0,405,0,0.0,False,False,False,False
B1_RL2_TC,BENIGN_DIVERSE_HIGH,13,r13-t025-a337323c,1789126258009890394,1789126258397945468,0.0,405,0,0.0,False,False,False,False
B1_RL2_TC,BENIGN_DIVERSE_HIGH,13,r13-t026-1c6658f4,1789126258409044444,1789126258785014981,0.0,405,0,0.0,False,False,False,False
B1_RL2_TC,BENIGN_DIVERSE_HIGH,13,r13-t027-15cb3f66,1789126258795828215,1789126259196677175,0.0,405,0,0.0,False,False,False,False
B1_RL2_TC,BENIGN_DIVERSE_HIGH,13,r13-t028-dfda895a,1789126259207421429,1789126259606833003,0.0,405,0,0.0,False,False,False,False
B1_RL2_TC,BENIGN_DIVERSE_HIGH,13,r13-t029-2e85c327,1789126259618084287,1789126260014691581,0.0,405,0,0.0,False,False,False,False
B1_RL2_TC,BENIGN_DIVERSE_HIGH,13,r13-t030-6ede0a72,1789126260028669197,1789126260418643113,0.0,405,0,0.0,False,False,False,False
B1_RL2_TC,BENIGN_DIVERSE_HIGH,13,r13-t031-f0a80744,1789126260429080864,1789126260815220964,0.0,405,0,0.0,False,False,False,False
B1_RL2_TC,BENIGN_DIVERSE_HIGH,13,r13-t032-11a20adf,1789126260826737605,1789126261214916203,0.0,405,0,0.0,False,False,False,False
B1_RL2_TC,BENIGN_DIVERSE_HIGH,13,r13-t033-616dc1c4,1789126261226617614,1789126261614612765,0.0,405,0,0.0,False,False,False,False
B1_RL2_TC,BENIGN_DIVERSE_HIGH,13,r13-t034-54323cc8,1789126261625794783,1789126262008346985,0.0,406,0,0.0,False,False,False,False
B1_RL2_TC,BENIGN_DIVERSE_HIGH,13,r13-t035-882b02ef,1789126262019033863,1789126262424259717,0.0,405,0,0.0,False,False,False,False
B1_RL2_TC,BENIGN_DIVERSE_HIGH,13,r13-t036-112f6694,1789126262435958956,1789126262823196441,0.0,406,0,0.0,False,False,False,False
B1_RL2_TC,BENIGN_DIVERSE_HIGH,13,r13-t037-89c7d5e7,1789126262834184911,1789126263245598200,0.0,405,0,0.0,False,False,False,False
B1_RL2_TC,BENIGN_DIVERSE_HIGH,13,r13-t038-fbc9a4cb,1789126263257815087,1789126263672098082,0.0,405,0,0.0,False,False,False,False
B1_RL2_TC,BENIGN_DIVERSE_HIGH,13,r13-t039-80aa3593,1789126263684177434,1789126264092804491,0.0,405,0,0.0,False,False,False,False
B1_RL2_TC,BENIGN_DIVERSE_HIGH,13,r13-t040-da409102,1789126264103861201,1789126264478061724,0.0,405,0,0.0,False,False,False,False
B1_RL2_TC,BENIGN_DIVERSE_HIGH,13,r13-t041-7415c64f,1789126264489108482,1789126264923030668,0.0,405,0,0.0,False,False,False,False
B1_RL2_TC,BENIGN_DIVERSE_HIGH,13,r13-t042-d00fd209,1789126264934223787,1789126265321216498,0.0,405,0,0.0,False,False,False,False
B1_RL2_TC,BENIGN_DIVERSE_HIGH,13,r13-t043-6ca4efbf,1789126265335496414,1789126265756797181,0.0,405,0,0.0,False,False,False,False
B1_RL2_TC,BENIGN_DIVERSE_HIGH,13,r13-t044-ac32bf84,1789126265767948897,1789126266175229891,0.0,405,0,0.0,False,False,False,False
B1_RL2_TC,BENIGN_DIVERSE_HIGH,13,r13-t045-a97e95d7,1789126266186527030,1789126266603938413,0.0,405,0,0.0,False,False,False,False
B1_RL2_TC,BENIGN_DIVERSE_HIGH,13,r13-t046-7973edc9,1789126266614468826,1789126266993236177,0.0,405,0,0.0,False,False,False,False
B1_RL2_TC,BENIGN_DIVERSE_HIGH,13,r13-t047-f49549b6,1789126267004578471,1789126267405872598,0.0,405,0,0.0,False,False,False,False
B1_RL2_TC,BENIGN_DIVERSE_HIGH,13,r13-t048-babebf37,1789126267418333011,1789126267797721759,0.0,405,0,0.0,False,False,False,False
B1_RL2_TC,BENIGN_DIVERSE_HIGH,13,r13-t049-5dc2691c,1789126267808663652,1789126268190362992,0.0,405,0,0.0,False,False,False,False
RFC_DROP_NATIVE,BENIGN_DIVERSE_HIGH,13,r13-t000-5c8ef140,1789126283503707292,1789126285515243536,0.0,63,0,0.0,False,False,False,False
RFC_DROP_NATIVE,BENIGN_DIVERSE_HIGH,13,r13-t001-4deeac59,1789126283511275261,1789126285522866676,0.0,62,0,0.0,False,False,False,False
RFC_DROP_NATIVE,BENIGN_DIVERSE_HIGH,13,r13-t002-e20786a8,1789126283520475142,1789126285530773966,0.0,60,0,0.0,False,False,False,False
RFC_DROP_NATIVE,BENIGN_DIVERSE_HIGH,13,r13-t003-8303b49a,1789126283530649514,1789126285539285963,0.0,58,0,0.0,False,False,False,False
RFC_DROP_NATIVE,BENIGN_DIVERSE_HIGH,13,r13-t004-642e0d8b,1789126283540584435,1789126285551548699,0.0,56,0,0.0,False,False,False,False
RFC_DROP_NATIVE,BENIGN_DIVERSE_HIGH,13,r13-t005-bfcd3ffa,1789126283550478428,1789126285559334804,0.0,54,0,0.0,False,False,False,False
RFC_DROP_NATIVE,BENIGN_DIVERSE_HIGH,13,r13-t006-79fe22ed,1789126283560457956,1789126285580755643,0.0,52,0,0.0,False,False,False,False
RFC_DROP_NATIVE,BENIGN_DIVERSE_HIGH,13,r13-t007-54a5a55a,1789126283570446257,1789126285579069409,0.0,50,0,0.0,False,False,False,False
RFC_DROP_NATIVE,BENIGN_DIVERSE_HIGH,13,r13-t008-274f8a5c,1789126283580397306,1789126285590733948,0.0,48,0,0.0,False,False,False,False
RFC_DROP_NATIVE,BENIGN_DIVERSE_HIGH,13,r13-t009-a7ffae13,1789126283590833666,1789126285598988482,0.0,48,0,0.0,False,False,False,False
RFC_DROP_NATIVE,BENIGN_DIVERSE_HIGH,13,r13-t010-7089c95d,1789126283600515180,1789126285611255084,0.0,48,0,0.0,False,False,False,False
RFC_DROP_NATIVE,BENIGN_DIVERSE_HIGH,13,r13-t011-d5c84e46,1789126283610268747,1789126285619144362,0.0,48,0,0.0,False,False,False,False
RFC_DROP_NATIVE,BENIGN_DIVERSE_HIGH,13,r13-t012-e67112f2,1789126283620536484,1789126285631100409,0.0,48,0,0.0,False,False,False,False
RFC_DROP_NATIVE,BENIGN_DIVERSE_HIGH,13,r13-t013-67338b7b,1789126283630593818,1789126285649225074,0.0,48,0,0.0,False,False,False,False
RFC_DROP_NATIVE,BENIGN_DIVERSE_HIGH,13,r13-t014-25bca2b8,1789126283640746404,1789126285651448585,0.0,48,0,0.0,False,False,False,False
RFC_DROP_NATIVE,BENIGN_DIVERSE_HIGH,13,r13-t015-eb27e677,1789126283650891351,1789126285661864386,0.0,48,0,0.0,False,False,False,False
RFC_DROP_NATIVE,BENIGN_DIVERSE_HIGH,13,r13-t016-8ccf2826,1789126283660670474,1789126285673223552,0.0,48,0,0.0,False,False,False,False
RFC_DROP_NATIVE,BENIGN_DIVERSE_HIGH,13,r13-t017-d32d3497,1789126283670810329,1789126285682125515,0.0,48,0,0.0,False,False,False,False
RFC_DROP_NATIVE,BENIGN_DIVERSE_HIGH,13,r13-t018-7b7a02b6,1789126283680438748,1789126285691323888,0.0,48,0,0.0,False,False,False,False
RFC_DROP_NATIVE,BENIGN_DIVERSE_HIGH,13,r13-t019-53e5cc39,1789126283691201225,1789126285701824470,0.0,48,0,0.0,False,False,False,False
RFC_DROP_NATIVE,BENIGN_DIVERSE_HIGH,13,r13-t020-fc69d441,1789126283700581049,1789126285721449490,0.0,50,0,0.0,False,False,False,False
RFC_DROP_NATIVE,BENIGN_DIVERSE_HIGH,13,r13-t021-b45fcfe6,1789126283710675541,1789126285722265824,0.0,52,0,0.0,False,False,False,False
RFC_DROP_NATIVE,BENIGN_DIVERSE_HIGH,13,r13-t022-3e226c59,1789126283720836143,1789126285731503995,0.0,54,0,0.0,False,False,False,False
RFC_DROP_NATIVE,BENIGN_DIVERSE_HIGH,13,r13-t023-a770d228,1789126283730798320,1789126285742458108,0.0,56,0,0.0,False,False,False,False
RFC_DROP_NATIVE,BENIGN_DIVERSE_HIGH,13,r13-t024-78f8bc60,1789126283740622900,1789126285751422690,0.0,58,0,0.0,False,False,False,False
RFC_DROP_NATIVE,BENIGN_DIVERSE_HIGH,13,r13-t025-a337323c,1789126283750636570,1789126285762132262,0.0,60,0,0.0,False,False,False,False
RFC_DROP_NATIVE,BENIGN_DIVERSE_HIGH,13,r13-t026-1c6658f4,1789126283760731061,1789126285771202753,0.0,62,0,0.0,False,False,False,False
RFC_DROP_NATIVE,BENIGN_DIVERSE_HIGH,13,r13-t027-15cb3f66,1789126283770665606,1789126285782539946,0.0,64,0,0.0,False,False,False,False
RFC_DROP_NATIVE,BENIGN_DIVERSE_HIGH,13,r13-t028-dfda895a,1789126283780682765,1789126285822401103,0.0,66,0,0.0,False,False,False,False
RFC_DROP_NATIVE,BENIGN_DIVERSE_HIGH,13,r13-t029-2e85c327,1789126283811932335,1789126285834420807,0.0,72,0,0.0,False,False,False,False
RFC_DROP_NATIVE,BENIGN_DIVERSE_HIGH,13,r13-t030-6ede0a72,1789126283814213751,1789126285834862265,0.0,72,0,0.0,False,False,False,False
RFC_DROP_NATIVE,BENIGN_DIVERSE_HIGH,13,r13-t031-f0a80744,1789126283815976375,1789126285836507664,0.0,73,0,0.0,False,False,False,False
RFC_DROP_NATIVE,BENIGN_DIVERSE_HIGH,13,r13-t032-11a20adf,1789126283820784030,1789126285834596221,0.0,74,0,0.0,False,False,False,False
RFC_DROP_NATIVE,BENIGN_DIVERSE_HIGH,13,r13-t033-616dc1c4,1789126283830864188,1789126285843129908,0.0,76,0,0.0,False,False,False,False
RFC_DROP_NATIVE,BENIGN_DIVERSE_HIGH,13,r13-t034-54323cc8,1789126283840910017,1789126285851184792,0.0,78,0,0.0,False,False,False,False
RFC_DROP_NATIVE,BENIGN_DIVERSE_HIGH,13,r13-t035-882b02ef,1789126283850564276,1789126285862377221,0.0,80,0,0.0,False,False,False,False
RFC_DROP_NATIVE,BENIGN_DIVERSE_HIGH,13,r13-t036-112f6694,1789126283860738458,1789126285871231746,0.0,82,0,0.0,False,False,False,False
RFC_DROP_NATIVE,BENIGN_DIVERSE_HIGH,13,r13-t037-89c7d5e7,1789126283871206694,1789126285883085562,0.0,84,0,0.0,False,False,False,False
RFC_DROP_NATIVE,BENIGN_DIVERSE_HIGH,13,r13-t038-fbc9a4cb,1789126283881309956,1789126285893244371,0.0,87,0,0.0,False,False,False,False
RFC_DROP_NATIVE,BENIGN_DIVERSE_HIGH,13,r13-t039-80aa3593,1789126283891085402,1789126285902764901,0.0,89,0,0.0,False,False,False,False
RFC_DROP_NATIVE,BENIGN_DIVERSE_HIGH,13,r13-t040-da409102,1789126283900391287,1789126285911160427,0.0,91,0,0.0,False,False,False,False
RFC_DROP_NATIVE,BENIGN_DIVERSE_HIGH,13,r13-t041-7415c64f,1789126283910668549,1789126285922637198,0.0,93,0,0.0,False,False,False,False
RFC_DROP_NATIVE,BENIGN_DIVERSE_HIGH,13,r13-t042-d00fd209,1789126283920776149,1789126285941405707,0.0,95,0,0.0,False,False,False,False
RFC_DROP_NATIVE,BENIGN_DIVERSE_HIGH,13,r13-t043-6ca4efbf,1789126283930700980,1789126285942763843,0.0,97,0,0.0,False,False,False,False
RFC_DROP_NATIVE,BENIGN_DIVERSE_HIGH,13,r13-t044-ac32bf84,1789126283940792548,1789126285951331576,0.0,99,0,0.0,False,False,False,False
RFC_DROP_NATIVE,BENIGN_DIVERSE_HIGH,13,r13-t045-a97e95d7,1789126283950627504,1789126285962684331,0.0,101,0,0.0,False,False,False,False
RFC_DROP_NATIVE,BENIGN_DIVERSE_HIGH,13,r13-t046-7973edc9,1789126283960690212,1789126285971287051,0.0,103,0,0.0,False,False,False,False
RFC_DROP_NATIVE,BENIGN_DIVERSE_HIGH,13,r13-t047-f49549b6,1789126283970697941,1789126285982303785,0.0,105,0,0.0,False,False,False,False
RFC_DROP_NATIVE,BENIGN_DIVERSE_HIGH,13,r13-t048-babebf37,1789126283980580616,1789126285992043017,0.0,107,0,0.0,False,False,False,False
RFC_DROP_NATIVE,BENIGN_DIVERSE_HIGH,13,r13-t049-5dc2691c,1789126283990653793,1789126286003175655,0.0,109,0,0.0,False,False,False,False
B1_RL2_TC,BENIGN_DIVERSE_MODERATE,13,r13-t000-1999d37e,1789126318967155413,1789126320147924778,0.0,24,0,0.0,False,False,False,False
B1_RL2_TC,BENIGN_DIVERSE_MODERATE,13,r13-t001-f14e426e,1789126320158079412,1789126320539501975,0.0,27,0,0.0,False,False,False,False
B1_RL2_TC,BENIGN_DIVERSE_MODERATE,13,r13-t002-450418d5,1789126320550158351,1789126320912586277,0.0,28,0,0.0,False,False,False,False
B1_RL2_TC,BENIGN_DIVERSE_MODERATE,13,r13-t003-8a47d953,1789126320923188643,1789126321313592031,0.0,29,0,0.0,False,False,False,False
B1_RL2_TC,BENIGN_DIVERSE_MODERATE,13,r13-t004-220b89cc,1789126321324754862,1789126321727743641,0.0,30,0,0.0,False,False,False,False
B1_RL2_TC,BENIGN_DIVERSE_MODERATE,13,r13-t005-fe8fe1a1,1789126321737691566,1789126322102129286,0.0,30,0,0.0,False,False,False,False
B1_RL2_TC,BENIGN_DIVERSE_MODERATE,13,r13-t006-86c986ca,1789126322113006418,1789126322480696079,0.0,29,0,0.0,False,False,False,False
B1_RL2_TC,BENIGN_DIVERSE_MODERATE,13,r13-t007-0d6c70a2,1789126322490953643,1789126322864488755,0.0,30,0,0.0,False,False,False,False
B1_RL2_TC,BENIGN_DIVERSE_MODERATE,13,r13-t008-b57d2eff,1789126322874456254,1789126323264745885,0.0,29,0,0.0,False,False,False,False
B1_RL2_TC,BENIGN_DIVERSE_MODERATE,13,r13-t009-322f6ea9,1789126323274854238,1789126323653879198,0.0,29,0,0.0,False,False,False,False
B1_RL2_TC,BENIGN_DIVERSE_MODERATE,13,r13-t010-a24a60d2,1789126323663935624,1789126324044113334,0.0,30,0,0.0,False,False,False,False
B1_RL2_TC,BENIGN_DIVERSE_MODERATE,13,r13-t011-b1b1ccb8,1789126324055227103,1789126324410132007,0.0,29,0,0.0,False,False,False,False
B1_RL2_TC,BENIGN_DIVERSE_MODERATE,13,r13-t012-57520f36,1789126324420551272,1789126324782862195,0.0,30,0,0.0,False,False,False,False
B1_RL2_TC,BENIGN_DIVERSE_MODERATE,13,r13-t013-e4603b6b,1789126324793301085,1789126325185455814,0.0,30,0,0.0,False,False,False,False
B1_RL2_TC,BENIGN_DIVERSE_MODERATE,13,r13-t014-95fb9232,1789126325196155848,1789126325558283566,0.0,30,0,0.0,False,False,False,False
B1_RL2_TC,BENIGN_DIVERSE_MODERATE,13,r13-t015-c0e718f5,1789126325568551272,1789126325956702925,0.0,30,0,0.0,False,False,False,False
B1_RL2_TC,BENIGN_DIVERSE_MODERATE,13,r13-t016-4a13ce20,1789126325967499867,1789126326344610994,0.0,30,0,0.0,False,False,False,False
B1_RL2_TC,BENIGN_DIVERSE_MODERATE,13,r13-t017-ba4048b9,1789126326355589732,1789126326706649880,0.0,30,0,0.0,False,False,False,False
B1_RL2_TC,BENIGN_DIVERSE_MODERATE,13,r13-t018-202b03bb,1789126326717255260,1789126327080191199,0.0,30,0,0.0,False,False,False,False
B1_RL2_TC,BENIGN_DIVERSE_MODERATE,13,r13-t019-17b710ff,1789126327090379651,1789126327464474621,0.0,30,0,0.0,False,False,False,False
B1_RL2_TC,BENIGN_DIVERSE_MODERATE,13,r13-t020-2eba0af1,1789126327475397111,1789126327837106680,0.0,30,0,0.0,False,False,False,False
B1_RL2_TC,BENIGN_DIVERSE_MODERATE,13,r13-t021-9123bad7,1789126327847070892,1789126328228203969,0.0,30,0,0.0,False,False,False,False
B1_RL2_TC,BENIGN_DIVERSE_MODERATE,13,r13-t022-10756fa7,1789126328239020818,1789126328638484846,0.0,30,0,0.0,False,False,False,False
B1_RL2_TC,BENIGN_DIVERSE_MODERATE,13,r13-t023-b33f2307,1789126328648883452,1789126329032383631,0.0,30,0,0.0,False,False,False,False
B1_RL2_TC,BENIGN_DIVERSE_MODERATE,13,r13-t024-912fa0b5,1789126329042269808,1789126329447832727,0.0,29,0,0.0,False,False,False,False
B1_RL2_TC,BENIGN_DIVERSE_MODERATE,13,r13-t025-f4e4e535,1789126329458454823,1789126329828804856,0.0,29,0,0.0,False,False,False,False
B1_RL2_TC,BENIGN_DIVERSE_MODERATE,13,r13-t026-63dc8590,1789126329838934243,1789126330211440191,0.0,29,0,0.0,False,False,False,False
B1_RL2_TC,BENIGN_DIVERSE_MODERATE,13,r13-t027-d6da6649,1789126330221603195,1789126330595916113,0.0,29,0,0.0,False,False,False,False
B1_RL2_TC,BENIGN_DIVERSE_MODERATE,13,r13-t028-ff429b07,1789126330606179123,1789126331005247327,0.0,29,0,0.0,False,False,False,False
B1_RL2_TC,BENIGN_DIVERSE_MODERATE,13,r13-t029-33a939f1,1789126331015756951,1789126331405144718,0.0,29,0,0.0,False,False,False,False
B1_RL2_TC,BENIGN_DIVERSE_MODERATE,13,r13-t030-43498eea,1789126331416206257,1789126331829016805,0.0,29,0,0.0,False,False,False,False
B1_RL2_TC,BENIGN_DIVERSE_MODERATE,13,r13-t031-6ca9e4fa,1789126331838449310,1789126332220205582,0.0,29,0,0.0,False,False,False,False
B1_RL2_TC,BENIGN_DIVERSE_MODERATE,13,r13-t032-e6a95bfd,1789126332230559913,1789126332604368855,0.0,29,0,0.0,False,False,False,False
B1_RL2_TC,BENIGN_DIVERSE_MODERATE,13,r13-t033-72a0ce58,1789126332615679501,1789126332979241796,0.0,29,0,0.0,False,False,False,False
B1_RL2_TC,BENIGN_DIVERSE_MODERATE,13,r13-t034-258b891a,1789126332989098757,1789126333372583031,0.0,29,0,0.0,False,False,False,False
B1_RL2_TC,BENIGN_DIVERSE_MODERATE,13,r13-t035-a1cd4f0e,1789126333383237545,1789126333752150200,0.0,29,0,0.0,False,False,False,False
B1_RL2_TC,BENIGN_DIVERSE_MODERATE,13,r13-t036-35e6fc3c,1789126333762446143,1789126334157025602,0.0,29,0,0.0,False,False,False,False
B1_RL2_TC,BENIGN_DIVERSE_MODERATE,13,r13-t037-13467e23,1789126334166900651,1789126334571281776,0.0,29,0,0.0,False,False,False,False
B1_RL2_TC,BENIGN_DIVERSE_MODERATE,13,r13-t038-f14033cc,1789126334582987825,1789126334972413173,0.0,29,0,0.0,False,False,False,False
B1_RL2_TC,BENIGN_DIVERSE_MODERATE,13,r13-t039-f9b54513,1789126334982595809,1789126335375669381,0.0,29,0,0.0,False,False,False,False
B1_RL2_TC,BENIGN_DIVERSE_MODERATE,13,r13-t040-66c8cc2a,1789126335386415647,1789126335763778530,0.0,29,0,0.0,False,False,False,False
B1_RL2_TC,BENIGN_DIVERSE_MODERATE,13,r13-t041-c1ae8120,1789126335774475313,1789126336183143735,0.0,29,0,0.0,False,False,False,False
B1_RL2_TC,BENIGN_DIVERSE_MODERATE,13,r13-t042-1e564643,1789126336193548768,1789126336574940752,0.0,29,0,0.0,False,False,False,False
B1_RL2_TC,BENIGN_DIVERSE_MODERATE,13,r13-t043-3e5ed5e8,1789126336587801615,1789126336955012602,0.0,29,0,0.0,False,False,False,False
B1_RL2_TC,BENIGN_DIVERSE_MODERATE,13,r13-t044-f60b0555,1789126336965830001,1789126337345247781,0.0,29,0,0.0,False,False,False,False
B1_RL2_TC,BENIGN_DIVERSE_MODERATE,13,r13-t045-37c59109,1789126337356985132,1789126337707180479,0.0,29,0,0.0,False,False,False,False
B1_RL2_TC,BENIGN_DIVERSE_MODERATE,13,r13-t046-7e2a8281,1789126337719536286,1789126338099847776,0.0,29,0,0.0,False,False,False,False
B1_RL2_TC,BENIGN_DIVERSE_MODERATE,13,r13-t047-11af4215,1789126338110126008,1789126338459201687,0.0,30,0,0.0,False,False,False,False
B1_RL2_TC,BENIGN_DIVERSE_MODERATE,13,r13-t048-68452433,1789126338469667828,1789126338857094339,0.0,30,0,0.0,False,False,False,False
B1_RL2_TC,BENIGN_DIVERSE_MODERATE,13,r13-t049-a28d1b74,1789126338868865411,1789126339268662338,0.0,30,0,0.0,False,False,False,False
B1_RL2_TC,ATTACK_DIVERSE_MODERATE,13,r13-t000-1999d37e,1789126352357285232,1789126352597605968,0.0,24,0,0.0,False,False,False,False
B1_RL2_TC,ATTACK_DIVERSE_MODERATE,13,r13-t001-f14e426e,1789126352608164327,1789126352863809562,0.0,25,0,0.0,False,False,False,False
B1_RL2_TC,ATTACK_DIVERSE_MODERATE,13,r13-t002-450418d5,1789126352874467460,1789126353183735551,0.0,26,0,0.0,False,False,False,False
B1_RL2_TC,ATTACK_DIVERSE_MODERATE,13,r13-t003-8a47d953,1789126353195079264,1789126353521576592,0.0,27,0,0.0,False,False,False,False
B1_RL2_TC,ATTACK_DIVERSE_MODERATE,13,r13-t004-220b89cc,1789126353533897463,1789126353836289745,0.0,28,0,0.0,False,False,False,False
B1_RL2_TC,ATTACK_DIVERSE_MODERATE,13,r13-t005-fe8fe1a1,1789126353846736477,1789126354181175830,0.0,29,0,0.0,False,False,False,False
B1_RL2_TC,ATTACK_DIVERSE_MODERATE,13,r13-t006-86c986ca,1789126354191734283,1789126354489958695,0.0,30,0,0.0,False,False,False,False
B1_RL2_TC,ATTACK_DIVERSE_MODERATE,13,r13-t007-0d6c70a2,1789126354500471817,1789126354800135760,0.0,30,0,0.0,False,False,False,False
B1_RL2_TC,ATTACK_DIVERSE_MODERATE,13,r13-t008-b57d2eff,1789126354810425252,1789126355115975191,0.0,30,0,0.0,False,False,False,False
B1_RL2_TC,ATTACK_DIVERSE_MODERATE,13,r13-t009-322f6ea9,1789126355125908365,1789126355490409779,0.0,31,0,0.0,False,False,False,False
B1_RL2_TC,ATTACK_DIVERSE_MODERATE,13,r13-t010-a24a60d2,1789126355501145400,1789126355834169870,0.0,30,0,0.0,False,False,False,False
B1_RL2_TC,ATTACK_DIVERSE_MODERATE,13,r13-t011-b1b1ccb8,1789126355844538029,1789126356144516736,0.0,30,0,0.0,False,False,False,False
B1_RL2_TC,ATTACK_DIVERSE_MODERATE,13,r13-t012-57520f36,1789126356155065085,1789126356483362796,0.0,30,0,0.0,False,False,False,False
B1_RL2_TC,ATTACK_DIVERSE_MODERATE,13,r13-t013-e4603b6b,1789126356493647845,1789126356797786027,0.0,30,0,0.0,False,False,False,False
B1_RL2_TC,ATTACK_DIVERSE_MODERATE,13,r13-t014-95fb9232,1789126356809508394,1789126357116500741,0.0,30,0,0.0,False,False,False,False
B1_RL2_TC,ATTACK_DIVERSE_MODERATE,13,r13-t015-c0e718f5,1789126357128014257,1789126357465999741,0.0,30,0,0.0,False,False,False,False
B1_RL2_TC,ATTACK_DIVERSE_MODERATE,13,r13-t016-4a13ce20,1789126357476691456,1789126357790421215,0.0,30,0,0.0,False,False,False,False
B1_RL2_TC,ATTACK_DIVERSE_MODERATE,13,r13-t017-ba4048b9,1789126357802257561,1789126358120705922,0.0,30,0,0.0,False,False,False,False
B1_RL2_TC,ATTACK_DIVERSE_MODERATE,13,r13-t018-202b03bb,1789126358131478716,1789126358436489532,0.0,30,0,0.0,False,False,False,False
B1_RL2_TC,ATTACK_DIVERSE_MODERATE,13,r13-t019-17b710ff,1789126358446913494,1789126358736620703,0.0,30,0,0.0,False,False,False,False
B1_RL2_TC,ATTACK_DIVERSE_MODERATE,13,r13-t020-2eba0af1,1789126358746559394,1789126359072222702,0.0,31,0,0.0,False,False,False,False
B1_RL2_TC,ATTACK_DIVERSE_MODERATE,13,r13-t021-9123bad7,1789126359082609572,1789126359400704255,0.0,30,0,0.0,False,False,False,False
B1_RL2_TC,ATTACK_DIVERSE_MODERATE,13,r13-t022-10756fa7,1789126359410758602,1789126359747964969,0.0,30,0,0.0,False,False,False,False
B1_RL2_TC,ATTACK_DIVERSE_MODERATE,13,r13-t023-b33f2307,1789126359757868525,1789126360077945391,0.0,30,0,0.0,False,False,False,False
B1_RL2_TC,ATTACK_DIVERSE_MODERATE,13,r13-t024-912fa0b5,1789126360088622940,1789126360408681632,0.0,30,0,0.0,False,False,False,False
B1_RL2_TC,ATTACK_DIVERSE_MODERATE,13,r13-t025-f4e4e535,1789126360418822652,1789126360744078228,0.0,30,0,0.0,False,False,False,False
B1_RL2_TC,ATTACK_DIVERSE_MODERATE,13,r13-t026-63dc8590,1789126360754111325,1789126361110281661,0.0,30,0,0.0,False,False,False,False
B1_RL2_TC,ATTACK_DIVERSE_MODERATE,13,r13-t027-d6da6649,1789126361121891448,1789126361427186605,0.0,30,0,0.0,False,False,False,False
B1_RL2_TC,ATTACK_DIVERSE_MODERATE,13,r13-t028-ff429b07,1789126361437811125,1789126361777244315,0.0,30,0,0.0,False,False,False,False
B1_RL2_TC,ATTACK_DIVERSE_MODERATE,13,r13-t029-33a939f1,1789126361786690186,1789126362118268359,0.0,30,0,0.0,False,False,False,False
B1_RL2_TC,ATTACK_DIVERSE_MODERATE,13,r13-t030-43498eea,1789126362128549265,1789126362424132942,0.0,30,0,0.0,False,False,False,False
B1_RL2_TC,ATTACK_DIVERSE_MODERATE,13,r13-t031-6ca9e4fa,1789126362434422610,1789126363104490364,0.0,30,0,0.0,False,False,False,False
B1_RL2_TC,ATTACK_DIVERSE_MODERATE,13,r13-t032-e6a95bfd,1789126363117204336,1789126363469195301,0.0,30,0,0.0,False,False,False,False
B1_RL2_TC,ATTACK_DIVERSE_MODERATE,13,r13-t033-72a0ce58,1789126363479443402,1789126363829856374,0.0,30,0,0.0,False,False,False,False
B1_RL2_TC,ATTACK_DIVERSE_MODERATE,13,r13-t034-258b891a,1789126363840124420,1789126364153978969,0.0,30,0,0.0,False,False,False,False
B1_RL2_TC,ATTACK_DIVERSE_MODERATE,13,r13-t035-a1cd4f0e,1789126364165652128,1789126364479202578,0.0,30,0,0.0,False,False,False,False
B1_RL2_TC,ATTACK_DIVERSE_MODERATE,13,r13-t036-35e6fc3c,1789126364489209117,1789126364796730616,0.0,30,0,0.0,False,False,False,False
B1_RL2_TC,ATTACK_DIVERSE_MODERATE,13,r13-t037-13467e23,1789126364807566960,1789126365153210756,0.0,30,0,0.0,False,False,False,False
B1_RL2_TC,ATTACK_DIVERSE_MODERATE,13,r13-t038-f14033cc,1789126365163514500,1789126365465135783,0.0,30,0,0.0,False,False,False,False
B1_RL2_TC,ATTACK_DIVERSE_MODERATE,13,r13-t039-f9b54513,1789126365475410153,1789126365828571273,0.0,30,0,0.0,False,False,False,False
B1_RL2_TC,ATTACK_DIVERSE_MODERATE,13,r13-t040-66c8cc2a,1789126365838764556,1789126366153278916,0.0,30,0,0.0,False,False,False,False
B1_RL2_TC,ATTACK_DIVERSE_MODERATE,13,r13-t041-c1ae8120,1789126366164149516,1789126366457417735,0.0,30,0,0.0,False,False,False,False
B1_RL2_TC,ATTACK_DIVERSE_MODERATE,13,r13-t042-1e564643,1789126366467940714,1789126366813531202,0.0,30,0,0.0,False,False,False,False
B1_RL2_TC,ATTACK_DIVERSE_MODERATE,13,r13-t043-3e5ed5e8,1789126366823635703,1789126367160412041,0.0,30,0,0.0,False,False,False,False
B1_RL2_TC,ATTACK_DIVERSE_MODERATE,13,r13-t044-f60b0555,1789126367169785728,1789126367512769520,0.0,30,0,0.0,False,False,False,False
B1_RL2_TC,ATTACK_DIVERSE_MODERATE,13,r13-t045-37c59109,1789126367522899547,1789126367820083863,0.0,30,0,0.0,False,False,False,False
B1_RL2_TC,ATTACK_DIVERSE_MODERATE,13,r13-t046-7e2a8281,1789126367829561160,1789126368145046778,0.0,30,0,0.0,False,False,False,False
B1_RL2_TC,ATTACK_DIVERSE_MODERATE,13,r13-t047-11af4215,1789126368154893472,1789126368416873274,0.0,30,0,0.0,False,False,False,False
B1_RL2_TC,ATTACK_DIVERSE_MODERATE,13,r13-t048-68452433,1789126368430456996,1789126368756500506,0.0,30,0,0.0,False,False,False,False
B1_RL2_TC,ATTACK_DIVERSE_MODERATE,13,r13-t049-a28d1b74,1789126368766636633,1789126369131819336,0.0,30,0,0.0,False,False,False,False
RFC_DROP_NATIVE,ATTACK_DIVERSE_MODERATE,13,r13-t000-1999d37e,1789126381310535360,1789126383331647088,0.0,23,0,0.0,False,False,False,False
RFC_DROP_NATIVE,ATTACK_DIVERSE_MODERATE,13,r13-t001-f14e426e,1789126381315043362,1789126383334968054,0.0,23,0,0.0,False,False,False,False
RFC_DROP_NATIVE,ATTACK_DIVERSE_MODERATE,13,r13-t002-450418d5,1789126381324087980,1789126383343116504,0.0,23,0,0.0,False,False,False,False
RFC_DROP_NATIVE,ATTACK_DIVERSE_MODERATE,13,r13-t003-8a47d953,1789126381333930771,1789126383344041906,0.0,23,0,0.0,False,False,False,False
RFC_DROP_NATIVE,ATTACK_DIVERSE_MODERATE,13,r13-t004-220b89cc,1789126381344146114,1789126383355177894,0.0,23,0,0.0,False,False,False,False
RFC_DROP_NATIVE,ATTACK_DIVERSE_MODERATE,13,r13-t005-fe8fe1a1,1789126381354112995,1789126383364396505,0.0,23,0,0.0,False,False,False,False
RFC_DROP_NATIVE,ATTACK_DIVERSE_MODERATE,13,r13-t006-86c986ca,1789126381364348358,1789126383372852792,0.0,23,0,0.0,False,False,False,False
RFC_DROP_NATIVE,ATTACK_DIVERSE_MODERATE,13,r13-t007-0d6c70a2,1789126381373943066,1789126383383924757,0.0,23,0,0.0,False,False,False,False
RFC_DROP_NATIVE,ATTACK_DIVERSE_MODERATE,13,r13-t008-b57d2eff,1789126381383951593,1789126383392785105,0.0,23,0,0.0,False,False,False,False
RFC_DROP_NATIVE,ATTACK_DIVERSE_MODERATE,13,r13-t009-322f6ea9,1789126381393963048,1789126383404359525,0.0,24,0,0.0,False,False,False,False
RFC_DROP_NATIVE,ATTACK_DIVERSE_MODERATE,13,r13-t010-a24a60d2,1789126381404052223,1789126383416190131,0.0,24,0,0.0,False,False,False,False
RFC_DROP_NATIVE,ATTACK_DIVERSE_MODERATE,13,r13-t011-b1b1ccb8,1789126381414162553,1789126383424250762,0.0,24,0,0.0,False,False,False,False
RFC_DROP_NATIVE,ATTACK_DIVERSE_MODERATE,13,r13-t012-57520f36,1789126381423973615,1789126383432851998,0.0,24,0,0.0,False,False,False,False
RFC_DROP_NATIVE,ATTACK_DIVERSE_MODERATE,13,r13-t013-e4603b6b,1789126381433942668,1789126383443615936,0.0,24,0,0.0,False,False,False,False
RFC_DROP_NATIVE,ATTACK_DIVERSE_MODERATE,13,r13-t014-95fb9232,1789126381443934007,1789126383452916038,0.0,24,0,0.0,False,False,False,False
RFC_DROP_NATIVE,ATTACK_DIVERSE_MODERATE,13,r13-t015-c0e718f5,1789126381453987580,1789126383464237956,0.0,24,0,0.0,False,False,False,False
RFC_DROP_NATIVE,ATTACK_DIVERSE_MODERATE,13,r13-t016-4a13ce20,1789126381464311619,1789126383473088862,0.0,25,0,0.0,False,False,False,False
RFC_DROP_NATIVE,ATTACK_DIVERSE_MODERATE,13,r13-t017-ba4048b9,1789126381474229109,1789126383484414368,0.0,25,0,0.0,False,False,False,False
RFC_DROP_NATIVE,ATTACK_DIVERSE_MODERATE,13,r13-t018-202b03bb,1789126381484074829,1789126383492785764,0.0,25,0,0.0,False,False,False,False
RFC_DROP_NATIVE,ATTACK_DIVERSE_MODERATE,13,r13-t019-17b710ff,1789126381493968711,1789126383504644887,0.0,25,0,0.0,False,False,False,False
RFC_DROP_NATIVE,ATTACK_DIVERSE_MODERATE,13,r13-t020-2eba0af1,1789126381504151473,1789126383515292867,0.0,25,0,0.0,False,False,False,False
RFC_DROP_NATIVE,ATTACK_DIVERSE_MODERATE,13,r13-t021-9123bad7,1789126381514021746,1789126383524643112,0.0,25,0,0.0,False,False,False,False
RFC_DROP_NATIVE,ATTACK_DIVERSE_MODERATE,13,r13-t022-10756fa7,1789126381524128109,1789126383533188823,0.0,25,0,0.0,False,False,False,False
RFC_DROP_NATIVE,ATTACK_DIVERSE_MODERATE,13,r13-t023-b33f2307,1789126381533886853,1789126383544509419,0.0,25,0,0.0,False,False,False,False
RFC_DROP_NATIVE,ATTACK_DIVERSE_MODERATE,13,r13-t024-912fa0b5,1789126381544019940,1789126383555390354,0.0,25,0,0.0,False,False,False,False
RFC_DROP_NATIVE,ATTACK_DIVERSE_MODERATE,13,r13-t025-f4e4e535,1789126381554722479,1789126383564807643,0.0,25,0,0.0,False,False,False,False
RFC_DROP_NATIVE,ATTACK_DIVERSE_MODERATE,13,r13-t026-63dc8590,1789126381564495198,1789126383575365820,0.0,25,0,0.0,False,False,False,False
RFC_DROP_NATIVE,ATTACK_DIVERSE_MODERATE,13,r13-t027-d6da6649,1789126381574064315,1789126383585111061,0.0,25,0,0.0,False,False,False,False
RFC_DROP_NATIVE,ATTACK_DIVERSE_MODERATE,13,r13-t028-ff429b07,1789126381584213552,1789126383625074460,0.0,25,0,0.0,False,False,False,False
RFC_DROP_NATIVE,ATTACK_DIVERSE_MODERATE,13,r13-t029-33a939f1,1789126381605160896,1789126383616909768,0.0,25,0,0.0,False,False,False,False
RFC_DROP_NATIVE,ATTACK_DIVERSE_MODERATE,13,r13-t030-43498eea,1789126381607130740,1789126383617218457,0.0,25,0,0.0,False,False,False,False
RFC_DROP_NATIVE,ATTACK_DIVERSE_MODERATE,13,r13-t031-6ca9e4fa,1789126381614366434,1789126383624573515,0.0,25,0,0.0,False,False,False,False
RFC_DROP_NATIVE,ATTACK_DIVERSE_MODERATE,13,r13-t032-e6a95bfd,1789126381624049252,1789126383633085139,0.0,25,0,0.0,False,False,False,False
RFC_DROP_NATIVE,ATTACK_DIVERSE_MODERATE,13,r13-t033-72a0ce58,1789126381633982984,1789126383645290531,0.0,25,0,0.0,False,False,False,False
RFC_DROP_NATIVE,ATTACK_DIVERSE_MODERATE,13,r13-t034-258b891a,1789126381643859868,1789126383652787895,0.0,25,0,0.0,False,False,False,False
RFC_DROP_NATIVE,ATTACK_DIVERSE_MODERATE,13,r13-t035-a1cd4f0e,1789126381653999662,1789126383663690266,0.0,25,0,0.0,False,False,False,False
RFC_DROP_NATIVE,ATTACK_DIVERSE_MODERATE,13,r13-t036-35e6fc3c,1789126381663961159,1789126383672781019,0.0,25,0,0.0,False,False,False,False
RFC_DROP_NATIVE,ATTACK_DIVERSE_MODERATE,13,r13-t037-13467e23,1789126381673853341,1789126383684736932,0.0,25,0,0.0,False,False,False,False
RFC_DROP_NATIVE,ATTACK_DIVERSE_MODERATE,13,r13-t038-f14033cc,1789126381684118640,1789126383692909650,0.0,25,0,0.0,False,False,False,False
RFC_DROP_NATIVE,ATTACK_DIVERSE_MODERATE,13,r13-t039-f9b54513,1789126381694337288,1789126383714780586,0.0,25,0,0.0,False,False,False,False
RFC_DROP_NATIVE,ATTACK_DIVERSE_MODERATE,13,r13-t040-66c8cc2a,1789126381704368386,1789126383712792293,0.0,25,0,0.0,False,False,False,False
RFC_DROP_NATIVE,ATTACK_DIVERSE_MODERATE,13,r13-t041-c1ae8120,1789126381713870169,1789126383724750661,0.0,25,0,0.0,False,False,False,False
RFC_DROP_NATIVE,ATTACK_DIVERSE_MODERATE,13,r13-t042-1e564643,1789126381724173525,1789126383732922812,0.0,25,0,0.0,False,False,False,False
RFC_DROP_NATIVE,ATTACK_DIVERSE_MODERATE,13,r13-t043-3e5ed5e8,1789126381734123125,1789126383744797517,0.0,25,0,0.0,False,False,False,False
RFC_DROP_NATIVE,ATTACK_DIVERSE_MODERATE,13,r13-t044-f60b0555,1789126381744253568,1789126383752847287,0.0,25,0,0.0,False,False,False,False
RFC_DROP_NATIVE,ATTACK_DIVERSE_MODERATE,13,r13-t045-37c59109,1789126381753833356,1789126383764148054,0.0,25,0,0.0,False,False,False,False
RFC_DROP_NATIVE,ATTACK_DIVERSE_MODERATE,13,r13-t046-7e2a8281,1789126381764102244,1789126383775141548,0.0,25,0,0.0,False,False,False,False
RFC_DROP_NATIVE,ATTACK_DIVERSE_MODERATE,13,r13-t047-11af4215,1789126381774254597,1789126383784793682,0.0,26,0,0.0,False,False,False,False
RFC_DROP_NATIVE,ATTACK_DIVERSE_MODERATE,13,r13-t048-68452433,1789126381784284845,1789126383792915880,0.0,26,0,0.0,False,False,False,False
RFC_DROP_NATIVE,ATTACK_DIVERSE_MODERATE,13,r13-t049-a28d1b74,1789126381794580930,1789126383805145636,0.0,26,0,0.0,False,False,False,False
B5_LOCKED_TC,ATTACK_DIVERSE_HIGH,13,r13-t000-5c8ef140,1789126420200158460,1789126420513084604,0.0,400,0,0.0,False,False,False,False
B5_LOCKED_TC,ATTACK_DIVERSE_HIGH,13,r13-t001-4deeac59,1789126420528110436,1789126420756990760,0.0,401,0,0.0,False,False,False,False
B5_LOCKED_TC,ATTACK_DIVERSE_HIGH,13,r13-t002-e20786a8,1789126420769395062,1789126421119344490,0.0,402,0,0.0,False,False,False,False
B5_LOCKED_TC,ATTACK_DIVERSE_HIGH,13,r13-t003-8303b49a,1789126421131802701,1789126421450506656,0.0,403,0,0.0,False,False,False,False
B5_LOCKED_TC,ATTACK_DIVERSE_HIGH,13,r13-t004-642e0d8b,1789126421462198744,1789126421799068507,0.0,404,0,0.0,False,False,False,False
B5_LOCKED_TC,ATTACK_DIVERSE_HIGH,13,r13-t005-bfcd3ffa,1789126421810468906,1789126422141253430,0.0,405,0,0.0,False,False,False,False
B5_LOCKED_TC,ATTACK_DIVERSE_HIGH,13,r13-t006-79fe22ed,1789126422152518964,1789126422512192447,0.0,406,0,0.0,False,False,False,False
B5_LOCKED_TC,ATTACK_DIVERSE_HIGH,13,r13-t007-54a5a55a,1789126422523621404,1789126422859341938,0.0,406,0,0.0,False,False,False,False
B5_LOCKED_TC,ATTACK_DIVERSE_HIGH,13,r13-t008-274f8a5c,1789126422869841068,1789126423188825779,0.0,406,0,0.0,False,False,False,False
B5_LOCKED_TC,ATTACK_DIVERSE_HIGH,13,r13-t009-a7ffae13,1789126423200097910,1789126423501565882,0.0,406,0,0.0,False,False,False,False
B5_LOCKED_TC,ATTACK_DIVERSE_HIGH,13,r13-t010-7089c95d,1789126423516964645,1789126423885534144,0.0,406,0,0.0,False,False,False,False
B5_LOCKED_TC,ATTACK_DIVERSE_HIGH,13,r13-t011-d5c84e46,1789126423896427785,1789126424243771420,0.0,406,0,0.0,False,False,False,False
B5_LOCKED_TC,ATTACK_DIVERSE_HIGH,13,r13-t012-e67112f2,1789126424256048679,1789126424598214103,0.0,406,0,0.0,False,False,False,False
B5_LOCKED_TC,ATTACK_DIVERSE_HIGH,13,r13-t013-67338b7b,1789126424609893650,1789126424896258625,0.0,406,0,0.0,False,False,False,False
B5_LOCKED_TC,ATTACK_DIVERSE_HIGH,13,r13-t014-25bca2b8,1789126424907222606,1789126425258696560,0.0,406,0,0.0,False,False,False,False
B5_LOCKED_TC,ATTACK_DIVERSE_HIGH,13,r13-t015-eb27e677,1789126425269426411,1789126425614590073,0.0,406,0,0.0,False,False,False,False
B5_LOCKED_TC,ATTACK_DIVERSE_HIGH,13,r13-t016-8ccf2826,1789126425625313991,1789126425985787384,0.0,406,0,0.0,False,False,False,False
B5_LOCKED_TC,ATTACK_DIVERSE_HIGH,13,r13-t017-d32d3497,1789126425997612099,1789126426351719092,0.0,406,0,0.0,False,False,False,False
B5_LOCKED_TC,ATTACK_DIVERSE_HIGH,13,r13-t018-7b7a02b6,1789126426362787380,1789126426660889801,0.0,406,0,0.0,False,False,False,False
B5_LOCKED_TC,ATTACK_DIVERSE_HIGH,13,r13-t019-53e5cc39,1789126426671917136,1789126427022618756,0.0,406,0,0.0,False,False,False,False
B5_LOCKED_TC,ATTACK_DIVERSE_HIGH,13,r13-t020-fc69d441,1789126427033735810,1789126427378833008,0.0,406,0,0.0,False,False,False,False
B5_LOCKED_TC,ATTACK_DIVERSE_HIGH,13,r13-t021-b45fcfe6,1789126427390800347,1789126427705824479,0.0,406,0,0.0,False,False,False,False
B5_LOCKED_TC,ATTACK_DIVERSE_HIGH,13,r13-t022-3e226c59,1789126427716896909,1789126428039331940,0.0,406,0,0.0,False,False,False,False
B5_LOCKED_TC,ATTACK_DIVERSE_HIGH,13,r13-t023-a770d228,1789126428051855277,1789126428364464121,0.0,406,0,0.0,False,False,False,False
B5_LOCKED_TC,ATTACK_DIVERSE_HIGH,13,r13-t024-78f8bc60,1789126428376584250,1789126428724169886,0.0,406,0,0.0,False,False,False,False
B5_LOCKED_TC,ATTACK_DIVERSE_HIGH,13,r13-t025-a337323c,1789126428735303413,1789126429093399644,0.0,406,0,0.0,False,False,False,False
B5_LOCKED_TC,ATTACK_DIVERSE_HIGH,13,r13-t026-1c6658f4,1789126429106180551,1789126429434575669,0.0,406,0,0.0,False,False,False,False
B5_LOCKED_TC,ATTACK_DIVERSE_HIGH,13,r13-t027-15cb3f66,1789126429446016568,1789126429803084588,0.0,406,0,0.0,False,False,False,False
B5_LOCKED_TC,ATTACK_DIVERSE_HIGH,13,r13-t028-dfda895a,1789126429813897471,1789126430139501770,0.0,406,0,0.0,False,False,False,False
B5_LOCKED_TC,ATTACK_DIVERSE_HIGH,13,r13-t029-2e85c327,1789126430150889386,1789126430463801364,0.0,406,0,0.0,False,False,False,False
B5_LOCKED_TC,ATTACK_DIVERSE_HIGH,13,r13-t030-6ede0a72,1789126430475051722,1789126430816017058,0.0,406,0,0.0,False,False,False,False
B5_LOCKED_TC,ATTACK_DIVERSE_HIGH,13,r13-t031-f0a80744,1789126430827029049,1789126431160582640,0.0,406,0,0.0,False,False,False,False
B5_LOCKED_TC,ATTACK_DIVERSE_HIGH,13,r13-t032-11a20adf,1789126431172152702,1789126431496369546,0.0,406,0,0.0,False,False,False,False
B5_LOCKED_TC,ATTACK_DIVERSE_HIGH,13,r13-t033-616dc1c4,1789126431509383264,1789126431854134494,0.0,406,0,0.0,False,False,False,False
B5_LOCKED_TC,ATTACK_DIVERSE_HIGH,13,r13-t034-54323cc8,1789126431865080775,1789126432179644933,0.0,406,0,0.0,False,False,False,False
B5_LOCKED_TC,ATTACK_DIVERSE_HIGH,13,r13-t035-882b02ef,1789126432192121952,1789126432513619186,0.0,406,0,0.0,False,False,False,False
B5_LOCKED_TC,ATTACK_DIVERSE_HIGH,13,r13-t036-112f6694,1789126432524761327,1789126432864378003,0.0,406,0,0.0,False,False,False,False
B5_LOCKED_TC,ATTACK_DIVERSE_HIGH,13,r13-t037-89c7d5e7,1789126432875790405,1789126433202711598,0.0,406,0,0.0,False,False,False,False
B5_LOCKED_TC,ATTACK_DIVERSE_HIGH,13,r13-t038-fbc9a4cb,1789126433214367912,1789126433560112507,0.0,406,0,0.0,False,False,False,False
B5_LOCKED_TC,ATTACK_DIVERSE_HIGH,13,r13-t039-80aa3593,1789126433571097405,1789126433900971234,0.0,406,0,0.0,False,False,False,False
B5_LOCKED_TC,ATTACK_DIVERSE_HIGH,13,r13-t040-da409102,1789126433912290946,1789126434264824243,0.0,406,0,0.0,False,False,False,False
B5_LOCKED_TC,ATTACK_DIVERSE_HIGH,13,r13-t041-7415c64f,1789126434276257913,1789126434616676996,0.0,406,0,0.0,False,False,False,False
B5_LOCKED_TC,ATTACK_DIVERSE_HIGH,13,r13-t042-d00fd209,1789126434628287483,1789126434977866261,0.0,406,0,0.0,False,False,False,False
B5_LOCKED_TC,ATTACK_DIVERSE_HIGH,13,r13-t043-6ca4efbf,1789126434989921756,1789126435338619646,0.0,406,0,0.0,False,False,False,False
B5_LOCKED_TC,ATTACK_DIVERSE_HIGH,13,r13-t044-ac32bf84,1789126435349292595,1789126435659631518,0.0,406,0,0.0,False,False,False,False
B5_LOCKED_TC,ATTACK_DIVERSE_HIGH,13,r13-t045-a97e95d7,1789126435670355470,1789126436026248019,0.0,406,0,0.0,False,False,False,False
B5_LOCKED_TC,ATTACK_DIVERSE_HIGH,13,r13-t046-7973edc9,1789126436037911862,1789126436390106769,0.0,406,0,0.0,False,False,False,False
B5_LOCKED_TC,ATTACK_DIVERSE_HIGH,13,r13-t047-f49549b6,1789126436402107685,1789126436729298103,0.0,406,0,0.0,False,False,False,False
B5_LOCKED_TC,ATTACK_DIVERSE_HIGH,13,r13-t048-babebf37,1789126436740016127,1789126437081616283,0.0,406,0,0.0,False,False,False,False
B5_LOCKED_TC,ATTACK_DIVERSE_HIGH,13,r13-t049-5dc2691c,1789126437093749601,1789126437399938157,0.0,406,0,0.0,False,False,False,False
B1_RL2_TC,BENIGN_DIVERSE_MODERATE,14,r14-t000-6b4f7aab,1789126450331876081,1789126451470458108,0.0,24,0,0.0,False,False,False,False
B1_RL2_TC,BENIGN_DIVERSE_MODERATE,14,r14-t001-4846bb5e,1789126451480503591,1789126451836528390,0.0,27,0,0.0,False,False,False,False
B1_RL2_TC,BENIGN_DIVERSE_MODERATE,14,r14-t002-1404fa82,1789126451846421461,1789126452209040322,0.0,28,0,0.0,False,False,False,False
B1_RL2_TC,BENIGN_DIVERSE_MODERATE,14,r14-t003-886129cc,1789126452218728135,1789126452570100486,0.0,29,0,0.0,False,False,False,False
B1_RL2_TC,BENIGN_DIVERSE_MODERATE,14,r14-t004-377d18af,1789126452580563078,1789126452955377026,0.0,30,0,0.0,False,False,False,False
B1_RL2_TC,BENIGN_DIVERSE_MODERATE,14,r14-t005-237f3845,1789126452965479218,1789126453352339889,0.0,30,0,0.0,False,False,False,False
B1_RL2_TC,BENIGN_DIVERSE_MODERATE,14,r14-t006-15049a98,1789126453362221185,1789126453731544132,0.0,30,0,0.0,False,False,False,False
B1_RL2_TC,BENIGN_DIVERSE_MODERATE,14,r14-t007-ba5e73b3,1789126453741498620,1789126454123720690,0.0,30,0,0.0,False,False,False,False
B1_RL2_TC,BENIGN_DIVERSE_MODERATE,14,r14-t008-3e01dd15,1789126454134633739,1789126454548515162,0.0,30,0,0.0,False,False,False,False
B1_RL2_TC,BENIGN_DIVERSE_MODERATE,14,r14-t009-e760d512,1789126454558890338,1789126454950973357,0.0,29,0,0.0,False,False,False,False
B1_RL2_TC,BENIGN_DIVERSE_MODERATE,14,r14-t010-0aad57c8,1789126454961028168,1789126455359164457,0.0,29,0,0.0,False,False,False,False
B1_RL2_TC,BENIGN_DIVERSE_MODERATE,14,r14-t011-74e969f7,1789126455369005625,1789126455748111430,0.0,29,0,0.0,False,False,False,False
B1_RL2_TC,BENIGN_DIVERSE_MODERATE,14,r14-t012-eecb4713,1789126455759408054,1789126456158657484,0.0,29,0,0.0,False,False,False,False
B1_RL2_TC,BENIGN_DIVERSE_MODERATE,14,r14-t013-61f5322a,1789126456169450429,1789126456510837677,0.0,29,0,0.0,False,False,False,False
B1_RL2_TC,BENIGN_DIVERSE_MODERATE,14,r14-t014-0b4018df,1789126456520756747,1789126456886027664,0.0,29,0,0.0,False,False,False,False
B1_RL2_TC,BENIGN_DIVERSE_MODERATE,14,r14-t015-f5579075,1789126458921458721,1789126460941761673,0.0,2,0,0.0,False,False,False,False
B1_RL2_TC,BENIGN_DIVERSE_MODERATE,14,r14-t016-c9b033f2,1789126460953506154,1789126461323165187,0.0,23,0,0.0,False,False,False,False
B1_RL2_TC,BENIGN_DIVERSE_MODERATE,14,r14-t017-45611966,1789126461333161276,1789126461725716502,0.0,25,0,0.0,False,False,False,False
B1_RL2_TC,BENIGN_DIVERSE_MODERATE,14,r14-t018-6cc18019,1789126461735459330,1789126462120838123,0.0,26,0,0.0,False,False,False,False
B1_RL2_TC,BENIGN_DIVERSE_MODERATE,14,r14-t019-14a5a252,1789126462130679462,1789126462486213698,0.0,27,0,0.0,False,False,False,False
B1_RL2_TC,BENIGN_DIVERSE_MODERATE,14,r14-t020-262b8ed6,1789126462498409405,1789126462856388972,0.0,28,0,0.0,False,False,False,False
B1_RL2_TC,BENIGN_DIVERSE_MODERATE,14,r14-t021-e2ee9109,1789126462866838932,1789126463253145470,0.0,29,0,0.0,False,False,False,False
B1_RL2_TC,BENIGN_DIVERSE_MODERATE,14,r14-t022-fd0fd89b,1789126463263337545,1789126463619856990,0.0,30,0,0.0,False,False,False,False
B1_RL2_TC,BENIGN_DIVERSE_MODERATE,14,r14-t023-7a3b2f91,1789126463629780328,1789126464017005363,0.0,30,0,0.0,False,False,False,False
B1_RL2_TC,BENIGN_DIVERSE_MODERATE,14,r14-t024-e0eb91d3,1789126464027127329,1789126464417041049,0.0,30,0,0.0,False,False,False,False
B1_RL2_TC,BENIGN_DIVERSE_MODERATE,14,r14-t025-5662247e,1789126464427355130,1789126464804883291,0.0,30,0,0.0,False,False,False,False
B1_RL2_TC,BENIGN_DIVERSE_MODERATE,14,r14-t026-a97d2aa0,1789126464815017334,1789126465185984004,0.0,30,0,0.0,False,False,False,False
B1_RL2_TC,BENIGN_DIVERSE_MODERATE,14,r14-t027-cdf312b0,1789126465196862262,1789126465574211800,0.0,29,0,0.0,False,False,False,False
B1_RL2_TC,BENIGN_DIVERSE_MODERATE,14,r14-t028-2cd0fb9a,1789126465584662042,1789126465944971162,0.0,30,0,0.0,False,False,False,False
B1_RL2_TC,BENIGN_DIVERSE_MODERATE,14,r14-t029-aca18b81,1789126465955502553,1789126466316989470,0.0,29,0,0.0,False,False,False,False
B1_RL2_TC,BENIGN_DIVERSE_MODERATE,14,r14-t030-1eccca16,1789126466327373661,1789126466700634593,0.0,30,0,0.0,False,False,False,False
B1_RL2_TC,BENIGN_DIVERSE_MODERATE,14,r14-t031-4e553aa8,1789126466711794138,1789126467079162873,0.0,30,0,0.0,False,False,False,False
B1_RL2_TC,BENIGN_DIVERSE_MODERATE,14,r14-t032-67adf4ae,1789126467089303519,1789126467479764177,0.0,30,0,0.0,False,False,False,False
B1_RL2_TC,BENIGN_DIVERSE_MODERATE,14,r14-t033-8c265760,1789126467489604523,1789126467842780106,0.0,30,0,0.0,False,False,False,False
B1_RL2_TC,BENIGN_DIVERSE_MODERATE,14,r14-t034-ea110ba2,1789126467852679246,1789126468225149696,0.0,30,0,0.0,False,False,False,False
B1_RL2_TC,BENIGN_DIVERSE_MODERATE,14,r14-t035-829b6bce,1789126468235318382,1789126468620329011,0.0,30,0,0.0,False,False,False,False
B1_RL2_TC,BENIGN_DIVERSE_MODERATE,14,r14-t036-3dda3169,1789126468630362222,1789126469006897075,0.0,30,0,0.0,False,False,False,False
B1_RL2_TC,BENIGN_DIVERSE_MODERATE,14,r14-t037-e6a89c33,1789126469016762231,1789126469421758298,0.0,30,0,0.0,False,False,False,False
B1_RL2_TC,BENIGN_DIVERSE_MODERATE,14,r14-t038-51663aaf,1789126469432327038,1789126469815012704,0.0,29,0,0.0,False,False,False,False
B1_RL2_TC,BENIGN_DIVERSE_MODERATE,14,r14-t039-13a3352f,1789126469828892923,1789126470199147387,0.0,29,0,0.0,False,False,False,False
B1_RL2_TC,BENIGN_DIVERSE_MODERATE,14,r14-t040-7d719b59,1789126470209415688,1789126470591999023,0.0,29,0,0.0,False,False,False,False
B1_RL2_TC,BENIGN_DIVERSE_MODERATE,14,r14-t041-d2d26455,1789126470602283615,1789126471000171283,0.0,29,0,0.0,False,False,False,False
B1_RL2_TC,BENIGN_DIVERSE_MODERATE,14,r14-t042-61ff519a,1789126471014298107,1789126471396774523,0.0,29,0,0.0,False,False,False,False
B1_RL2_TC,BENIGN_DIVERSE_MODERATE,14,r14-t043-ce7ea43a,1789126471406639025,1789126471773365645,0.0,29,0,0.0,False,False,False,False
B1_RL2_TC,BENIGN_DIVERSE_MODERATE,14,r14-t044-8b82cc0b,1789126471783815857,1789126472175979544,0.0,29,0,0.0,False,False,False,False
B1_RL2_TC,BENIGN_DIVERSE_MODERATE,14,r14-t045-4dbc5f41,1789126472186216386,1789126472557189696,0.0,29,0,0.0,False,False,False,False
B1_RL2_TC,BENIGN_DIVERSE_MODERATE,14,r14-t046-685a47f6,1789126472567467546,1789126472947831245,0.0,29,0,0.0,False,False,False,False
B1_RL2_TC,BENIGN_DIVERSE_MODERATE,14,r14-t047-770ee276,1789126472958012288,1789126473312507501,0.0,29,0,0.0,False,False,False,False
B1_RL2_TC,BENIGN_DIVERSE_MODERATE,14,r14-t048-aea5aa5d,1789126473322658584,1789126473692907992,0.0,30,0,0.0,False,False,False,False
B1_RL2_TC,BENIGN_DIVERSE_MODERATE,14,r14-t049-ea91221f,1789126473555334973,1789126473932301993,0.0,29,0,0.0,False,False,False,False
RFC_DROP_NATIVE,BENIGN_DIVERSE_MODERATE,14,r14-t000-6b4f7aab,1789126486158018767,1789126488178451828,0.0,24,0,0.0,False,False,False,False
RFC_DROP_NATIVE,BENIGN_DIVERSE_MODERATE,14,r14-t001-4846bb5e,1789126486163748163,1789126488185380725,0.0,24,0,0.0,False,False,False,False
RFC_DROP_NATIVE,BENIGN_DIVERSE_MODERATE,14,r14-t002-1404fa82,1789126486172864168,1789126488182927747,0.0,24,0,0.0,False,False,False,False
RFC_DROP_NATIVE,BENIGN_DIVERSE_MODERATE,14,r14-t003-886129cc,1789126486182610826,1789126488191958265,0.0,24,0,0.0,False,False,False,False
RFC_DROP_NATIVE,BENIGN_DIVERSE_MODERATE,14,r14-t004-377d18af,1789126486192544118,1789126488202618697,0.0,24,0,0.0,False,False,False,False
RFC_DROP_NATIVE,BENIGN_DIVERSE_MODERATE,14,r14-t005-237f3845,1789126486202387729,1789126488211937835,0.0,24,0,0.0,False,False,False,False
RFC_DROP_NATIVE,BENIGN_DIVERSE_MODERATE,14,r14-t006-15049a98,1789126486212413498,1789126488221927247,0.0,24,0,0.0,False,False,False,False
RFC_DROP_NATIVE,BENIGN_DIVERSE_MODERATE,14,r14-t007-ba5e73b3,1789126486222347627,1789126488231763958,0.0,24,0,0.0,False,False,False,False
RFC_DROP_NATIVE,BENIGN_DIVERSE_MODERATE,14,r14-t008-3e01dd15,1789126486232736873,1789126488243386825,0.0,24,0,0.0,False,False,False,False
RFC_DROP_NATIVE,BENIGN_DIVERSE_MODERATE,14,r14-t009-e760d512,1789126486243102067,1789126488251860802,0.0,24,0,0.0,False,False,False,False
RFC_DROP_NATIVE,BENIGN_DIVERSE_MODERATE,14,r14-t010-0aad57c8,1789126486252321922,1789126488262033025,0.0,24,0,0.0,False,False,False,False
RFC_DROP_NATIVE,BENIGN_DIVERSE_MODERATE,14,r14-t011-74e969f7,1789126486262413412,1789126488272271807,0.0,24,0,0.0,False,False,False,False
RFC_DROP_NATIVE,BENIGN_DIVERSE_MODERATE,14,r14-t012-eecb4713,1789126486272891499,1789126488282921425,0.0,24,0,0.0,False,False,False,False
RFC_DROP_NATIVE,BENIGN_DIVERSE_MODERATE,14,r14-t013-61f5322a,1789126486282513518,1789126488291783955,0.0,24,0,0.0,False,False,False,False
RFC_DROP_NATIVE,BENIGN_DIVERSE_MODERATE,14,r14-t014-0b4018df,1789126486292681173,1789126488302784092,0.0,24,0,0.0,False,False,False,False
RFC_DROP_NATIVE,BENIGN_DIVERSE_MODERATE,14,r14-t015-f5579075,1789126486302327524,1789126488311810975,0.0,24,0,0.0,False,False,False,False
RFC_DROP_NATIVE,BENIGN_DIVERSE_MODERATE,14,r14-t016-c9b033f2,1789126486312545144,1789126488322646945,0.0,24,0,0.0,False,False,False,False
RFC_DROP_NATIVE,BENIGN_DIVERSE_MODERATE,14,r14-t017-45611966,1789126486322527099,1789126488331988457,0.0,24,0,0.0,False,False,False,False
RFC_DROP_NATIVE,BENIGN_DIVERSE_MODERATE,14,r14-t018-6cc18019,1789126486332599852,1789126488342431585,0.0,24,0,0.0,False,False,False,False
RFC_DROP_NATIVE,BENIGN_DIVERSE_MODERATE,14,r14-t019-14a5a252,1789126486342671672,1789126488351902303,0.0,24,0,0.0,False,False,False,False
RFC_DROP_NATIVE,BENIGN_DIVERSE_MODERATE,14,r14-t020-262b8ed6,1789126486352454688,1789126488363609815,0.0,24,0,0.0,False,False,False,False
RFC_DROP_NATIVE,BENIGN_DIVERSE_MODERATE,14,r14-t021-e2ee9109,1789126486362611715,1789126488371899585,0.0,24,0,0.0,False,False,False,False
RFC_DROP_NATIVE,BENIGN_DIVERSE_MODERATE,14,r14-t022-fd0fd89b,1789126486372585745,1789126488382048408,0.0,24,0,0.0,False,False,False,False
RFC_DROP_NATIVE,BENIGN_DIVERSE_MODERATE,14,r14-t023-7a3b2f91,1789126486382522298,1789126488391737081,0.0,24,0,0.0,False,False,False,False
RFC_DROP_NATIVE,BENIGN_DIVERSE_MODERATE,14,r14-t024-e0eb91d3,1789126486392345027,1789126488402588340,0.0,24,0,0.0,False,False,False,False
RFC_DROP_NATIVE,BENIGN_DIVERSE_MODERATE,14,r14-t025-5662247e,1789126486402867021,1789126488411869162,0.0,24,0,0.0,False,False,False,False
RFC_DROP_NATIVE,BENIGN_DIVERSE_MODERATE,14,r14-t026-a97d2aa0,1789126486412202847,1789126488421948162,0.0,24,0,0.0,False,False,False,False
RFC_DROP_NATIVE,BENIGN_DIVERSE_MODERATE,14,r14-t027-cdf312b0,1789126486422530938,1789126488431885928,0.0,24,0,0.0,False,False,False,False
RFC_DROP_NATIVE,BENIGN_DIVERSE_MODERATE,14,r14-t028-2cd0fb9a,1789126486432377065,1789126488452150946,0.0,24,0,0.0,False,False,False,False
RFC_DROP_NATIVE,BENIGN_DIVERSE_MODERATE,14,r14-t029-aca18b81,1789126486443764916,1789126488452029663,0.0,24,0,0.0,False,False,False,False
RFC_DROP_NATIVE,BENIGN_DIVERSE_MODERATE,14,r14-t030-1eccca16,1789126486452470460,1789126488462187156,0.0,24,0,0.0,False,False,False,False
RFC_DROP_NATIVE,BENIGN_DIVERSE_MODERATE,14,r14-t031-4e553aa8,1789126486462189245,1789126488482312525,0.0,24,0,0.0,False,False,False,False
RFC_DROP_NATIVE,BENIGN_DIVERSE_MODERATE,14,r14-t032-67adf4ae,1789126486472364543,1789126488482134003,0.0,24,0,0.0,False,False,False,False
RFC_DROP_NATIVE,BENIGN_DIVERSE_MODERATE,14,r14-t033-8c265760,1789126486482496493,1789126488492018539,0.0,24,0,0.0,False,False,False,False
RFC_DROP_NATIVE,BENIGN_DIVERSE_MODERATE,14,r14-t034-ea110ba2,1789126486492445353,1789126488502057172,0.0,24,0,0.0,False,False,False,False
RFC_DROP_NATIVE,BENIGN_DIVERSE_MODERATE,14,r14-t035-829b6bce,1789126486502230232,1789126488522034783,0.0,24,0,0.0,False,False,False,False
RFC_DROP_NATIVE,BENIGN_DIVERSE_MODERATE,14,r14-t036-3dda3169,1789126486512210787,1789126488532098866,0.0,24,0,0.0,False,False,False,False
RFC_DROP_NATIVE,BENIGN_DIVERSE_MODERATE,14,r14-t037-e6a89c33,1789126486522909347,1789126488531905988,0.0,24,0,0.0,False,False,False,False
RFC_DROP_NATIVE,BENIGN_DIVERSE_MODERATE,14,r14-t038-51663aaf,1789126486532837417,1789126488543429104,0.0,24,0,0.0,False,False,False,False
RFC_DROP_NATIVE,BENIGN_DIVERSE_MODERATE,14,r14-t039-13a3352f,1789126486542755980,1789126488552096893,0.0,25,0,0.0,False,False,False,False
RFC_DROP_NATIVE,BENIGN_DIVERSE_MODERATE,14,r14-t040-7d719b59,1789126486552524546,1789126488563273221,0.0,25,0,0.0,False,False,False,False
RFC_DROP_NATIVE,BENIGN_DIVERSE_MODERATE,14,r14-t041-d2d26455,1789126486563030505,1789126488571848624,0.0,25,0,0.0,False,False,False,False
RFC_DROP_NATIVE,BENIGN_DIVERSE_MODERATE,14,r14-t042-61ff519a,1789126486572776047,1789126488583840189,0.0,25,0,0.0,False,False,False,False
RFC_DROP_NATIVE,BENIGN_DIVERSE_MODERATE,14,r14-t043-ce7ea43a,1789126486582777670,1789126488591856720,0.0,25,0,0.0,False,False,False,False
RFC_DROP_NATIVE,BENIGN_DIVERSE_MODERATE,14,r14-t044-8b82cc0b,1789126486592611026,1789126488603475018,0.0,25,0,0.0,False,False,False,False
RFC_DROP_NATIVE,BENIGN_DIVERSE_MODERATE,14,r14-t045-4dbc5f41,1789126486603001297,1789126488612162011,0.0,25,0,0.0,False,False,False,False
RFC_DROP_NATIVE,BENIGN_DIVERSE_MODERATE,14,r14-t046-685a47f6,1789126486612831111,1789126488622141913,0.0,25,0,0.0,False,False,False,False
RFC_DROP_NATIVE,BENIGN_DIVERSE_MODERATE,14,r14-t047-770ee276,1789126486622791156,1789126488631890063,0.0,25,0,0.0,False,False,False,False
RFC_DROP_NATIVE,BENIGN_DIVERSE_MODERATE,14,r14-t048-aea5aa5d,1789126486633062941,1789126488643667307,0.0,25,0,0.0,False,False,False,False
RFC_DROP_NATIVE,BENIGN_DIVERSE_MODERATE,14,r14-t049-ea91221f,1789126486643668463,1789126488655640039,0.0,25,0,0.0,False,False,False,False
B1_RL2_TC,ATTACK_DIVERSE_MODERATE,14,r14-t000-6b4f7aab,1789126519613671626,1789126519838208823,0.0,24,0,0.0,False,False,False,False
B1_RL2_TC,ATTACK_DIVERSE_MODERATE,14,r14-t001-4846bb5e,1789126519848570189,1789126520120640638,0.0,25,0,0.0,False,False,False,False
B1_RL2_TC,ATTACK_DIVERSE_MODERATE,14,r14-t002-1404fa82,1789126520130514240,1789126520489836234,0.0,26,0,0.0,False,False,False,False
B1_RL2_TC,ATTACK_DIVERSE_MODERATE,14,r14-t003-886129cc,1789126520500916375,1789126520810644528,0.0,27,0,0.0,False,False,False,False
B1_RL2_TC,ATTACK_DIVERSE_MODERATE,14,r14-t004-377d18af,1789126520822128640,1789126521113204186,0.0,28,0,0.0,False,False,False,False
B1_RL2_TC,ATTACK_DIVERSE_MODERATE,14,r14-t005-237f3845,1789126521124871534,1789126521469644319,0.0,29,0,0.0,False,False,False,False
B1_RL2_TC,ATTACK_DIVERSE_MODERATE,14,r14-t006-15049a98,1789126521479279501,1789126521840206263,0.0,30,0,0.0,False,False,False,False
B1_RL2_TC,ATTACK_DIVERSE_MODERATE,14,r14-t007-ba5e73b3,1789126521851316498,1789126522188575983,0.0,30,0,0.0,False,False,False,False
B1_RL2_TC,ATTACK_DIVERSE_MODERATE,14,r14-t008-3e01dd15,1789126522199253174,1789126522504047396,0.0,30,0,0.0,False,False,False,False
B1_RL2_TC,ATTACK_DIVERSE_MODERATE,14,r14-t009-e760d512,1789126522513776557,1789126522833962741,0.0,30,0,0.0,False,False,False,False
B1_RL2_TC,ATTACK_DIVERSE_MODERATE,14,r14-t010-0aad57c8,1789126522845959800,1789126523194609788,0.0,30,0,0.0,False,False,False,False
B1_RL2_TC,ATTACK_DIVERSE_MODERATE,14,r14-t011-74e969f7,1789126523204845603,1789126523534698358,0.0,30,0,0.0,False,False,False,False
B1_RL2_TC,ATTACK_DIVERSE_MODERATE,14,r14-t012-eecb4713,1789126523544763436,1789126523914985762,0.0,30,0,0.0,False,False,False,False
B1_RL2_TC,ATTACK_DIVERSE_MODERATE,14,r14-t013-61f5322a,1789126523926071830,1789126524230258847,0.0,30,0,0.0,False,False,False,False
B1_RL2_TC,ATTACK_DIVERSE_MODERATE,14,r14-t014-0b4018df,1789126524240217170,1789126524565737458,0.0,30,0,0.0,False,False,False,False
B1_RL2_TC,ATTACK_DIVERSE_MODERATE,14,r14-t015-f5579075,1789126524575575414,1789126524897996533,0.0,30,0,0.0,False,False,False,False
B1_RL2_TC,ATTACK_DIVERSE_MODERATE,14,r14-t016-c9b033f2,1789126524908499005,1789126525233781152,0.0,30,0,0.0,False,False,False,False
B1_RL2_TC,ATTACK_DIVERSE_MODERATE,14,r14-t017-45611966,1789126525243683180,1789126525525167059,0.0,30,0,0.0,False,False,False,False
B1_RL2_TC,ATTACK_DIVERSE_MODERATE,14,r14-t018-6cc18019,1789126525535857675,1789126525906565912,0.0,30,0,0.0,False,False,False,False
B1_RL2_TC,ATTACK_DIVERSE_MODERATE,14,r14-t019-14a5a252,1789126525916724693,1789126526214045520,0.0,30,0,0.0,False,False,False,False
B1_RL2_TC,ATTACK_DIVERSE_MODERATE,14,r14-t020-262b8ed6,1789126526224013014,1789126526540452178,0.0,30,0,0.0,False,False,False,False
B1_RL2_TC,ATTACK_DIVERSE_MODERATE,14,r14-t021-e2ee9109,1789126526550455342,1789126526897814262,0.0,30,0,0.0,False,False,False,False
B1_RL2_TC,ATTACK_DIVERSE_MODERATE,14,r14-t022-fd0fd89b,1789126526907949424,1789126527208933122,0.0,30,0,0.0,False,False,False,False
B1_RL2_TC,ATTACK_DIVERSE_MODERATE,14,r14-t023-7a3b2f91,1789126527218862313,1789126527525048044,0.0,30,0,0.0,False,False,False,False
B1_RL2_TC,ATTACK_DIVERSE_MODERATE,14,r14-t024-e0eb91d3,1789126527536475931,1789126527877257157,0.0,30,0,0.0,False,False,False,False
B1_RL2_TC,ATTACK_DIVERSE_MODERATE,14,r14-t025-5662247e,1789126527887296364,1789126528198214630,0.0,30,0,0.0,False,False,False,False
B1_RL2_TC,ATTACK_DIVERSE_MODERATE,14,r14-t026-a97d2aa0,1789126528209533822,1789126528550112757,0.0,30,0,0.0,False,False,False,False
B1_RL2_TC,ATTACK_DIVERSE_MODERATE,14,r14-t027-cdf312b0,1789126528560105164,1789126528909217061,0.0,30,0,0.0,False,False,False,False
B1_RL2_TC,ATTACK_DIVERSE_MODERATE,14,r14-t028-2cd0fb9a,1789126528919552817,1789126529251244401,0.0,30,0,0.0,False,False,False,False
B1_RL2_TC,ATTACK_DIVERSE_MODERATE,14,r14-t029-aca18b81,1789126529262131553,1789126529566379188,0.0,30,0,0.0,False,False,False,False
B1_RL2_TC,ATTACK_DIVERSE_MODERATE,14,r14-t030-1eccca16,1789126529576489914,1789126529869950599,0.0,30,0,0.0,False,False,False,False
B1_RL2_TC,ATTACK_DIVERSE_MODERATE,14,r14-t031-4e553aa8,1789126529879921779,1789126530237692597,0.0,30,0,0.0,False,False,False,False
B1_RL2_TC,ATTACK_DIVERSE_MODERATE,14,r14-t032-67adf4ae,1789126530247456010,1789126530589508071,0.0,30,0,0.0,False,False,False,False
B1_RL2_TC,ATTACK_DIVERSE_MODERATE,14,r14-t033-8c265760,1789126530599219968,1789126530913802321,0.0,30,0,0.0,False,False,False,False
B1_RL2_TC,ATTACK_DIVERSE_MODERATE,14,r14-t034-ea110ba2,1789126530924429721,1789126531231531899,0.0,30,0,0.0,False,False,False,False
B1_RL2_TC,ATTACK_DIVERSE_MODERATE,14,r14-t035-829b6bce,1789126531241527514,1789126531542033316,0.0,30,0,0.0,False,False,False,False
B1_RL2_TC,ATTACK_DIVERSE_MODERATE,14,r14-t036-3dda3169,1789126531552167440,1789126531882073120,0.0,30,0,0.0,False,False,False,False
B1_RL2_TC,ATTACK_DIVERSE_MODERATE,14,r14-t037-e6a89c33,1789126531891836250,1789126532199432929,0.0,30,0,0.0,False,False,False,False
B1_RL2_TC,ATTACK_DIVERSE_MODERATE,14,r14-t038-51663aaf,1789126532211150762,1789126532550481790,0.0,30,0,0.0,False,False,False,False
B1_RL2_TC,ATTACK_DIVERSE_MODERATE,14,r14-t039-13a3352f,1789126532562685066,1789126532872923145,0.0,30,0,0.0,False,False,False,False
B1_RL2_TC,ATTACK_DIVERSE_MODERATE,14,r14-t040-7d719b59,1789126532882857147,1789126533223230582,0.0,30,0,0.0,False,False,False,False
B1_RL2_TC,ATTACK_DIVERSE_MODERATE,14,r14-t041-d2d26455,1789126533233224216,1789126533569242431,0.0,30,0,0.0,False,False,False,False
B1_RL2_TC,ATTACK_DIVERSE_MODERATE,14,r14-t042-61ff519a,1789126533580650127,1789126533915385619,0.0,30,0,0.0,False,False,False,False
B1_RL2_TC,ATTACK_DIVERSE_MODERATE,14,r14-t043-ce7ea43a,1789126533925813085,1789126534197556550,0.0,30,0,0.0,False,False,False,False
B1_RL2_TC,ATTACK_DIVERSE_MODERATE,14,r14-t044-8b82cc0b,1789126534207688505,1789126534550623400,0.0,30,0,0.0,False,False,False,False
B1_RL2_TC,ATTACK_DIVERSE_MODERATE,14,r14-t045-4dbc5f41,1789126534561534555,1789126534867544087,0.0,30,0,0.0,False,False,False,False
B1_RL2_TC,ATTACK_DIVERSE_MODERATE,14,r14-t046-685a47f6,1789126534879031762,1789126535205691297,0.0,30,0,0.0,False,False,False,False
B1_RL2_TC,ATTACK_DIVERSE_MODERATE,14,r14-t047-770ee276,1789126535216108874,1789126535594924216,0.0,30,0,0.0,False,False,False,False
B1_RL2_TC,ATTACK_DIVERSE_MODERATE,14,r14-t048-aea5aa5d,1789126535605272079,1789126535898426936,0.0,30,0,0.0,False,False,False,False
B1_RL2_TC,ATTACK_DIVERSE_MODERATE,14,r14-t049-ea91221f,1789126535908587286,1789126536226515913,0.0,30,0,0.0,False,False,False,False
B0_OFF,BENIGN_DIVERSE_HIGH,14,r14-t000-c82e459b,1789126549884486085,1789126550620175840,0.0,400,0,0.0,False,False,False,False
B0_OFF,BENIGN_DIVERSE_HIGH,14,r14-t001-49735766,1789126550631764429,1789126551007624279,0.0,402,0,0.0,False,False,False,False
B0_OFF,BENIGN_DIVERSE_HIGH,14,r14-t002-a3f53d48,1789126551020465171,1789126551354052894,0.0,403,0,0.0,False,False,False,False
B0_OFF,BENIGN_DIVERSE_HIGH,14,r14-t003-51694f7b,1789126551364876414,1789126551704291286,0.0,404,0,0.0,False,False,False,False
B0_OFF,BENIGN_DIVERSE_HIGH,14,r14-t004-358bc779,1789126551715647635,1789126552041926311,0.0,405,0,0.0,False,False,False,False
B0_OFF,BENIGN_DIVERSE_HIGH,14,r14-t005-61cffa50,1789126552053604113,1789126552403926025,0.0,406,0,0.0,False,False,False,False
B0_OFF,BENIGN_DIVERSE_HIGH,14,r14-t006-772d2f34,1789126552415740936,1789126552744117000,0.0,406,0,0.0,False,False,False,False
B0_OFF,BENIGN_DIVERSE_HIGH,14,r14-t007-1eced229,1789126552755689895,1789126553121561799,0.0,406,0,0.0,False,False,False,False
B0_OFF,BENIGN_DIVERSE_HIGH,14,r14-t008-5b4653e3,1789126553133959071,1789126553472322884,0.0,406,0,0.0,False,False,False,False
B0_OFF,BENIGN_DIVERSE_HIGH,14,r14-t009-5570f902,1789126553483845719,1789126553823942879,0.0,406,0,0.0,False,False,False,False
B0_OFF,BENIGN_DIVERSE_HIGH,14,r14-t010-3670fb7c,1789126553835338685,1789126554160094208,0.0,406,0,0.0,False,False,False,False
B0_OFF,BENIGN_DIVERSE_HIGH,14,r14-t011-b7dd72a2,1789126554172276658,1789126554516079422,0.0,406,0,0.0,False,False,False,False
B0_OFF,BENIGN_DIVERSE_HIGH,14,r14-t012-8c8a0537,1789126554528199580,1789126554872352853,0.0,406,0,0.0,False,False,False,False
B0_OFF,BENIGN_DIVERSE_HIGH,14,r14-t013-d7958f73,1789126554883550115,1789126555234561967,0.0,406,0,0.0,False,False,False,False
B0_OFF,BENIGN_DIVERSE_HIGH,14,r14-t014-2cc15862,1789126555245608299,1789126555584258448,0.0,406,0,0.0,False,False,False,False
B0_OFF,BENIGN_DIVERSE_HIGH,14,r14-t015-5ef1575a,1789126555594922280,1789126555931359850,0.0,406,0,0.0,False,False,False,False
B0_OFF,BENIGN_DIVERSE_HIGH,14,r14-t016-a07af76e,1789126555943599603,1789126556292547831,0.0,406,0,0.0,False,False,False,False
B0_OFF,BENIGN_DIVERSE_HIGH,14,r14-t017-c9e09e0d,1789126556304437266,1789126556636242949,0.0,406,0,0.0,False,False,False,False
B0_OFF,BENIGN_DIVERSE_HIGH,14,r14-t018-d19a79b8,1789126556648064445,1789126556980272296,0.0,406,0,0.0,False,False,False,False
B0_OFF,BENIGN_DIVERSE_HIGH,14,r14-t019-b8937767,1789126556991479250,1789126557349655589,0.0,406,0,0.0,False,False,False,False
B0_OFF,BENIGN_DIVERSE_HIGH,14,r14-t020-cfb00d3e,1789126557360960874,1789126557716481346,0.0,406,0,0.0,False,False,False,False
B0_OFF,BENIGN_DIVERSE_HIGH,14,r14-t021-6a4d3db6,1789126557728094797,1789126558089269511,0.0,406,0,0.0,False,False,False,False
B0_OFF,BENIGN_DIVERSE_HIGH,14,r14-t022-813c157e,1789126558100961720,1789126558449478140,0.0,406,0,0.0,False,False,False,False
B0_OFF,BENIGN_DIVERSE_HIGH,14,r14-t023-8ee69965,1789126558460333645,1789126558796498336,0.0,406,0,0.0,False,False,False,False
B0_OFF,BENIGN_DIVERSE_HIGH,14,r14-t024-7ce12387,1789126558808108492,1789126559131970949,0.0,406,0,0.0,False,False,False,False
B0_OFF,BENIGN_DIVERSE_HIGH,14,r14-t025-074d2cc0,1789126559143716134,1789126559479928437,0.0,406,0,0.0,False,False,False,False
B0_OFF,BENIGN_DIVERSE_HIGH,14,r14-t026-ee9a7e70,1789126559492466384,1789126559846198651,0.0,406,0,0.0,False,False,False,False
B0_OFF,BENIGN_DIVERSE_HIGH,14,r14-t027-e4346fc7,1789126559858165339,1789126560217080521,0.0,406,0,0.0,False,False,False,False
B0_OFF,BENIGN_DIVERSE_HIGH,14,r14-t028-cf1b5c58,1789126560228392203,1789126560585579147,0.0,406,0,0.0,False,False,False,False
B0_OFF,BENIGN_DIVERSE_HIGH,14,r14-t029-d7db4b92,1789126560598163937,1789126560940517648,0.0,406,0,0.0,False,False,False,False
B0_OFF,BENIGN_DIVERSE_HIGH,14,r14-t030-15f0b961,1789126560951953853,1789126561289397036,0.0,406,0,0.0,False,False,False,False
B0_OFF,BENIGN_DIVERSE_HIGH,14,r14-t031-ef8c6fdc,1789126561300984844,1789126561661694207,0.0,406,0,0.0,False,False,False,False
B0_OFF,BENIGN_DIVERSE_HIGH,14,r14-t032-8c7cedb4,1789126561674284452,1789126562012435803,0.0,406,0,0.0,False,False,False,False
B0_OFF,BENIGN_DIVERSE_HIGH,14,r14-t033-83398254,1789126562023081549,1789126562376511644,0.0,406,0,0.0,False,False,False,False
B0_OFF,BENIGN_DIVERSE_HIGH,14,r14-t034-84754bad,1789126562389560553,1789126562736116717,0.0,406,0,0.0,False,False,False,False
B0_OFF,BENIGN_DIVERSE_HIGH,14,r14-t035-e85beed9,1789126562748323725,1789126563084412078,0.0,406,0,0.0,False,False,False,False
B0_OFF,BENIGN_DIVERSE_HIGH,14,r14-t036-363e940e,1789126563096106628,1789126563433217640,0.0,405,0,0.0,False,False,False,False
B0_OFF,BENIGN_DIVERSE_HIGH,14,r14-t037-edcde4ce,1789126563444223395,1789126563789525077,0.0,406,0,0.0,False,False,False,False
B0_OFF,BENIGN_DIVERSE_HIGH,14,r14-t038-78eea25a,1789126563801017804,1789126564132486420,0.0,406,0,0.0,False,False,False,False
B0_OFF,BENIGN_DIVERSE_HIGH,14,r14-t039-8f903a8d,1789126564144349501,1789126564461341493,0.0,406,0,0.0,False,False,False,False
B0_OFF,BENIGN_DIVERSE_HIGH,14,r14-t040-37c1e83e,1789126564474047322,1789126564816732639,0.0,406,0,0.0,False,False,False,False
B0_OFF,BENIGN_DIVERSE_HIGH,14,r14-t041-d3393646,1789126564828563369,1789126565172344606,0.0,406,0,0.0,False,False,False,False
B0_OFF,BENIGN_DIVERSE_HIGH,14,r14-t042-0d85f2d3,1789126565183592342,1789126565520028290,0.0,406,0,0.0,False,False,False,False
B0_OFF,BENIGN_DIVERSE_HIGH,14,r14-t043-a4ebaf0b,1789126565531129408,1789126565883791521,0.0,406,0,0.0,False,False,False,False
B0_OFF,BENIGN_DIVERSE_HIGH,14,r14-t044-07a7eca6,1789126565894592445,1789126566234098531,0.0,406,0,0.0,False,False,False,False
B0_OFF,BENIGN_DIVERSE_HIGH,14,r14-t045-1025c8db,1789126566245548371,1789126566572255524,0.0,406,0,0.0,False,False,False,False
B0_OFF,BENIGN_DIVERSE_HIGH,14,r14-t046-94d620e3,1789126566584300114,1789126566932540646,0.0,406,0,0.0,False,False,False,False
B0_OFF,BENIGN_DIVERSE_HIGH,14,r14-t047-0995d791,1789126566943784243,1789126567280337655,0.0,406,0,0.0,False,False,False,False
B0_OFF,BENIGN_DIVERSE_HIGH,14,r14-t048-20ed599c,1789126567292041609,1789126567639572092,0.0,406,0,0.0,False,False,False,False
B0_OFF,BENIGN_DIVERSE_HIGH,14,r14-t049-2e0b4ea8,1789126567651864682,1789126567989196608,0.0,406,0,0.0,False,False,False,False
B0_OFF,BENIGN_DIVERSE_MODERATE,14,r14-t000-6b4f7aab,1789126582066539186,1789126582413286536,0.0,24,0,0.0,False,False,False,False
B0_OFF,BENIGN_DIVERSE_MODERATE,14,r14-t001-4846bb5e,1789126582423566739,1789126582766930350,0.0,25,0,0.0,False,False,False,False
B0_OFF,BENIGN_DIVERSE_MODERATE,14,r14-t002-1404fa82,1789126582777345358,1789126583099108893,0.0,26,0,0.0,False,False,False,False
B0_OFF,BENIGN_DIVERSE_MODERATE,14,r14-t003-886129cc,1789126583109690249,1789126583435292068,0.0,27,0,0.0,False,False,False,False
B0_OFF,BENIGN_DIVERSE_MODERATE,14,r14-t004-377d18af,1789126583445798791,1789126583797983782,0.0,28,0,0.0,False,False,False,False
B0_OFF,BENIGN_DIVERSE_MODERATE,14,r14-t005-237f3845,1789126583809041649,1789126584139577747,0.0,29,0,0.0,False,False,False,False
B0_OFF,BENIGN_DIVERSE_MODERATE,14,r14-t006-15049a98,1789126584151682232,1789126584490470731,0.0,30,0,0.0,False,False,False,False
B0_OFF,BENIGN_DIVERSE_MODERATE,14,r14-t007-ba5e73b3,1789126584500535583,1789126584851447998,0.0,30,0,0.0,False,False,False,False
B0_OFF,BENIGN_DIVERSE_MODERATE,14,r14-t008-3e01dd15,1789126584861849113,1789126585187622818,0.0,30,0,0.0,False,False,False,False
B0_OFF,BENIGN_DIVERSE_MODERATE,14,r14-t009-e760d512,1789126585199872433,1789126585537791739,0.0,30,0,0.0,False,False,False,False
B0_OFF,BENIGN_DIVERSE_MODERATE,14,r14-t010-0aad57c8,1789126585550356588,1789126585876796057,0.0,30,0,0.0,False,False,False,False
B0_OFF,BENIGN_DIVERSE_MODERATE,14,r14-t011-74e969f7,1789126585887697435,1789126586227646703,0.0,30,0,0.0,False,False,False,False
B0_OFF,BENIGN_DIVERSE_MODERATE,14,r14-t012-eecb4713,1789126586240857508,1789126586574299740,0.0,30,0,0.0,False,False,False,False
B0_OFF,BENIGN_DIVERSE_MODERATE,14,r14-t013-61f5322a,1789126586584740739,1789126586943259063,0.0,30,0,0.0,False,False,False,False
B0_OFF,BENIGN_DIVERSE_MODERATE,14,r14-t014-0b4018df,1789126586953824021,1789126587281543851,0.0,30,0,0.0,False,False,False,False
B0_OFF,BENIGN_DIVERSE_MODERATE,14,r14-t015-f5579075,1789126587301075798,1789126587627079790,0.0,30,0,0.0,False,False,False,False
B0_OFF,BENIGN_DIVERSE_MODERATE,14,r14-t016-c9b033f2,1789126587637276528,1789126587979903424,0.0,30,0,0.0,False,False,False,False
B0_OFF,BENIGN_DIVERSE_MODERATE,14,r14-t017-45611966,1789126587991072714,1789126588315100023,0.0,30,0,0.0,False,False,False,False
B0_OFF,BENIGN_DIVERSE_MODERATE,14,r14-t018-6cc18019,1789126588326234366,1789126588652361568,0.0,30,0,0.0,False,False,False,False
B0_OFF,BENIGN_DIVERSE_MODERATE,14,r14-t019-14a5a252,1789126588662458050,1789126588990513683,0.0,30,0,0.0,False,False,False,False
B0_OFF,BENIGN_DIVERSE_MODERATE,14,r14-t020-262b8ed6,1789126589000900246,1789126589338124125,0.0,30,0,0.0,False,False,False,False
B0_OFF,BENIGN_DIVERSE_MODERATE,14,r14-t021-e2ee9109,1789126589348360119,1789126589681781853,0.0,30,0,0.0,False,False,False,False
B0_OFF,BENIGN_DIVERSE_MODERATE,14,r14-t022-fd0fd89b,1789126589692934373,1789126590042440452,0.0,30,0,0.0,False,False,False,False
B0_OFF,BENIGN_DIVERSE_MODERATE,14,r14-t023-7a3b2f91,1789126590054198148,1789126590392796627,0.0,30,0,0.0,False,False,False,False
B0_OFF,BENIGN_DIVERSE_MODERATE,14,r14-t024-e0eb91d3,1789126590404608948,1789126590731036254,0.0,30,0,0.0,False,False,False,False
B0_OFF,BENIGN_DIVERSE_MODERATE,14,r14-t025-5662247e,1789126590741009247,1789126591075068857,0.0,30,0,0.0,False,False,False,False
B0_OFF,BENIGN_DIVERSE_MODERATE,14,r14-t026-a97d2aa0,1789126591085503860,1789126591445333632,0.0,30,0,0.0,False,False,False,False
B0_OFF,BENIGN_DIVERSE_MODERATE,14,r14-t027-cdf312b0,1789126591457187179,1789126591791790595,0.0,30,0,0.0,False,False,False,False
B0_OFF,BENIGN_DIVERSE_MODERATE,14,r14-t028-2cd0fb9a,1789126591802194398,1789126592149994572,0.0,30,0,0.0,False,False,False,False
B0_OFF,BENIGN_DIVERSE_MODERATE,14,r14-t029-aca18b81,1789126592159933460,1789126592499133273,0.0,30,0,0.0,False,False,False,False
B0_OFF,BENIGN_DIVERSE_MODERATE,14,r14-t030-1eccca16,1789126592509544665,1789126592831003230,0.0,30,0,0.0,False,False,False,False
B0_OFF,BENIGN_DIVERSE_MODERATE,14,r14-t031-4e553aa8,1789126592843058033,1789126593200436650,0.0,30,0,0.0,False,False,False,False
B0_OFF,BENIGN_DIVERSE_MODERATE,14,r14-t032-67adf4ae,1789126593211106078,1789126593578642454,0.0,30,0,0.0,False,False,False,False
B0_OFF,BENIGN_DIVERSE_MODERATE,14,r14-t033-8c265760,1789126593591049832,1789126593948910135,0.0,30,0,0.0,False,False,False,False
B0_OFF,BENIGN_DIVERSE_MODERATE,14,r14-t034-ea110ba2,1789126593959793565,1789126594279068943,0.0,30,0,0.0,False,False,False,False
B0_OFF,BENIGN_DIVERSE_MODERATE,14,r14-t035-829b6bce,1789126594290145688,1789126594631225791,0.0,30,0,0.0,False,False,False,False
B0_OFF,BENIGN_DIVERSE_MODERATE,14,r14-t036-3dda3169,1789126594642961477,1789126594979508606,0.0,30,0,0.0,False,False,False,False
B0_OFF,BENIGN_DIVERSE_MODERATE,14,r14-t037-e6a89c33,1789126594990375420,1789126595322422738,0.0,30,0,0.0,False,False,False,False
B0_OFF,BENIGN_DIVERSE_MODERATE,14,r14-t038-51663aaf,1789126595332673623,1789126595683906635,0.0,30,0,0.0,False,False,False,False
B0_OFF,BENIGN_DIVERSE_MODERATE,14,r14-t039-13a3352f,1789126595694790312,1789126596041334533,0.0,30,0,0.0,False,False,False,False
B0_OFF,BENIGN_DIVERSE_MODERATE,14,r14-t040-7d719b59,1789126596052070209,1789126596406018182,0.0,30,0,0.0,False,False,False,False
B0_OFF,BENIGN_DIVERSE_MODERATE,14,r14-t041-d2d26455,1789126596415955169,1789126596731132690,0.0,30,0,0.0,False,False,False,False
B0_OFF,BENIGN_DIVERSE_MODERATE,14,r14-t042-61ff519a,1789126596741517632,1789126597082579176,0.0,30,0,0.0,False,False,False,False
B0_OFF,BENIGN_DIVERSE_MODERATE,14,r14-t043-ce7ea43a,1789126597094116086,1789126597406311757,0.0,30,0,0.0,False,False,False,False
B0_OFF,BENIGN_DIVERSE_MODERATE,14,r14-t044-8b82cc0b,1789126597416497828,1789126597777119447,0.0,30,0,0.0,False,False,False,False
B0_OFF,BENIGN_DIVERSE_MODERATE,14,r14-t045-4dbc5f41,1789126597787281400,1789126598106374082,0.0,30,0,0.0,False,False,False,False
B0_OFF,BENIGN_DIVERSE_MODERATE,14,r14-t046-685a47f6,1789126598117892810,1789126598459725158,0.0,30,0,0.0,False,False,False,False
B0_OFF,BENIGN_DIVERSE_MODERATE,14,r14-t047-770ee276,1789126598469910382,1789126598804800687,0.0,30,0,0.0,False,False,False,False
B0_OFF,BENIGN_DIVERSE_MODERATE,14,r14-t048-aea5aa5d,1789126598815830950,1789126599157031921,0.0,30,0,0.0,False,False,False,False
B0_OFF,BENIGN_DIVERSE_MODERATE,14,r14-t049-ea91221f,1789126599169534361,1789126599532759116,0.0,30,0,0.0,False,False,False,False
B1_RL2_TC,BENIGN_DIVERSE_HIGH,14,r14-t000-c82e459b,1789126613652417957,1789126614857662843,0.0,400,0,0.0,False,False,False,False
B1_RL2_TC,BENIGN_DIVERSE_HIGH,14,r14-t001-49735766,1789126614868781050,1789126615274673955,0.0,403,0,0.0,False,False,False,False
B1_RL2_TC,BENIGN_DIVERSE_HIGH,14,r14-t002-a3f53d48,1789126615286606238,1789126615685239931,0.0,404,0,0.0,False,False,False,False
B1_RL2_TC,BENIGN_DIVERSE_HIGH,14,r14-t003-51694f7b,1789126615695912175,1789126616097620265,0.0,405,0,0.0,False,False,False,False
B1_RL2_TC,BENIGN_DIVERSE_HIGH,14,r14-t004-358bc779,1789126616108974835,1789126616513713999,0.0,405,0,0.0,False,False,False,False
B1_RL2_TC,BENIGN_DIVERSE_HIGH,14,r14-t005-61cffa50,1789126616525526792,1789126616945809737,0.0,405,0,0.0,False,False,False,False
B1_RL2_TC,BENIGN_DIVERSE_HIGH,14,r14-t006-772d2f34,1789126616956801061,1789126617352989722,0.0,405,0,0.0,False,False,False,False
B1_RL2_TC,BENIGN_DIVERSE_HIGH,14,r14-t007-1eced229,1789126617366680781,1789126617749575127,0.0,405,0,0.0,False,False,False,False
B1_RL2_TC,BENIGN_DIVERSE_HIGH,14,r14-t008-5b4653e3,1789126617760185427,1789126618135831417,0.0,405,0,0.0,False,False,False,False
B1_RL2_TC,BENIGN_DIVERSE_HIGH,14,r14-t009-5570f902,1789126618146666288,1789126618559151798,0.0,405,0,0.0,False,False,False,False
B1_RL2_TC,BENIGN_DIVERSE_HIGH,14,r14-t010-3670fb7c,1789126618571207409,1789126618960633164,0.0,405,0,0.0,False,False,False,False
B1_RL2_TC,BENIGN_DIVERSE_HIGH,14,r14-t011-b7dd72a2,1789126618971848874,1789126619350814512,0.0,405,0,0.0,False,False,False,False
B1_RL2_TC,BENIGN_DIVERSE_HIGH,14,r14-t012-8c8a0537,1789126619361540092,1789126619748075880,0.0,405,0,0.0,False,False,False,False
B1_RL2_TC,BENIGN_DIVERSE_HIGH,14,r14-t013-d7958f73,1789126619759288596,1789126620158352346,0.0,405,0,0.0,False,False,False,False
B1_RL2_TC,BENIGN_DIVERSE_HIGH,14,r14-t014-2cc15862,1789126620169484216,1789126620578664470,0.0,405,0,0.0,False,False,False,False
B1_RL2_TC,BENIGN_DIVERSE_HIGH,14,r14-t015-5ef1575a,1789126620590577155,1789126620985715421,0.0,405,0,0.0,False,False,False,False
B1_RL2_TC,BENIGN_DIVERSE_HIGH,14,r14-t016-a07af76e,1789126620996416715,1789126621400638548,0.0,405,0,0.0,False,False,False,False
B1_RL2_TC,BENIGN_DIVERSE_HIGH,14,r14-t017-c9e09e0d,1789126621412281534,1789126621803706271,0.0,405,0,0.0,False,False,False,False
B1_RL2_TC,BENIGN_DIVERSE_HIGH,14,r14-t018-d19a79b8,1789126621815978054,1789126622233865994,0.0,405,0,0.0,False,False,False,False
B1_RL2_TC,BENIGN_DIVERSE_HIGH,14,r14-t019-b8937767,1789126622246560168,1789126622623459931,0.0,405,0,0.0,False,False,False,False
B1_RL2_TC,BENIGN_DIVERSE_HIGH,14,r14-t020-cfb00d3e,1789126622635697346,1789126623011989817,0.0,405,0,0.0,False,False,False,False
B1_RL2_TC,BENIGN_DIVERSE_HIGH,14,r14-t021-6a4d3db6,1789126623023241212,1789126623405094633,0.0,405,0,0.0,False,False,False,False
B1_RL2_TC,BENIGN_DIVERSE_HIGH,14,r14-t022-813c157e,1789126623416555910,1789126623807747853,0.0,405,0,0.0,False,False,False,False
B1_RL2_TC,BENIGN_DIVERSE_HIGH,14,r14-t023-8ee69965,1789126623819605323,1789126624215749233,0.0,405,0,0.0,False,False,False,False
B1_RL2_TC,BENIGN_DIVERSE_HIGH,14,r14-t024-7ce12387,1789126624226913953,1789126624638111437,0.0,405,0,0.0,False,False,False,False
B1_RL2_TC,BENIGN_DIVERSE_HIGH,14,r14-t025-074d2cc0,1789126624649621170,1789126625066770254,0.0,405,0,0.0,False,False,False,False
B1_RL2_TC,BENIGN_DIVERSE_HIGH,14,r14-t026-ee9a7e70,1789126625079864657,1789126625495136927,0.0,405,0,0.0,False,False,False,False
B1_RL2_TC,BENIGN_DIVERSE_HIGH,14,r14-t027-e4346fc7,1789126625505892310,1789126625906711069,0.0,405,0,0.0,False,False,False,False
B1_RL2_TC,BENIGN_DIVERSE_HIGH,14,r14-t028-cf1b5c58,1789126625917948943,1789126626305492246,0.0,405,0,0.0,False,False,False,False
B1_RL2_TC,BENIGN_DIVERSE_HIGH,14,r14-t029-d7db4b92,1789126626316573109,1789126626694375970,0.0,405,0,0.0,False,False,False,False
B1_RL2_TC,BENIGN_DIVERSE_HIGH,14,r14-t030-15f0b961,1789126626705183471,1789126627112103330,0.0,405,0,0.0,False,False,False,False
B1_RL2_TC,BENIGN_DIVERSE_HIGH,14,r14-t031-ef8c6fdc,1789126627123942298,1789126627547898751,0.0,405,0,0.0,False,False,False,False
B1_RL2_TC,BENIGN_DIVERSE_HIGH,14,r14-t032-8c7cedb4,1789126627559431585,1789126627956411262,0.0,405,0,0.0,False,False,False,False
B1_RL2_TC,BENIGN_DIVERSE_HIGH,14,r14-t033-83398254,1789126627967509499,1789126628362808738,0.0,405,0,0.0,False,False,False,False
B1_RL2_TC,BENIGN_DIVERSE_HIGH,14,r14-t034-84754bad,1789126628373792903,1789126628780127801,0.0,405,0,0.0,False,False,False,False
B1_RL2_TC,BENIGN_DIVERSE_HIGH,14,r14-t035-e85beed9,1789126628791085841,1789126629199532911,0.0,405,0,0.0,False,False,False,False
B1_RL2_TC,BENIGN_DIVERSE_HIGH,14,r14-t036-363e940e,1789126629211171177,1789126629584026997,0.0,405,0,0.0,False,False,False,False
B1_RL2_TC,BENIGN_DIVERSE_HIGH,14,r14-t037-edcde4ce,1789126629597387426,1789126630007212398,0.0,405,0,0.0,False,False,False,False
B1_RL2_TC,BENIGN_DIVERSE_HIGH,14,r14-t038-78eea25a,1789126630019030530,1789126630413984086,0.0,405,0,0.0,False,False,False,False
B1_RL2_TC,BENIGN_DIVERSE_HIGH,14,r14-t039-8f903a8d,1789126630426885655,1789126630835234823,0.0,405,0,0.0,False,False,False,False
B1_RL2_TC,BENIGN_DIVERSE_HIGH,14,r14-t040-37c1e83e,1789126630846558630,1789126631236972722,0.0,405,0,0.0,False,False,False,False
B1_RL2_TC,BENIGN_DIVERSE_HIGH,14,r14-t041-d3393646,1789126631249159827,1789126631657106914,0.0,405,0,0.0,False,False,False,False
B1_RL2_TC,BENIGN_DIVERSE_HIGH,14,r14-t042-0d85f2d3,1789126631668924951,1789126632071228480,0.0,405,0,0.0,False,False,False,False
B1_RL2_TC,BENIGN_DIVERSE_HIGH,14,r14-t043-a4ebaf0b,1789126632083873504,1789126632471925195,0.0,405,0,0.0,False,False,False,False
B1_RL2_TC,BENIGN_DIVERSE_HIGH,14,r14-t044-07a7eca6,1789126634404887155,1789126634810377051,0.0,68,0,0.0,False,False,False,False
B1_RL2_TC,BENIGN_DIVERSE_HIGH,14,r14-t045-1025c8db,1789126634821142587,1789126635216443801,0.0,84,0,0.0,False,False,False,False
B1_RL2_TC,BENIGN_DIVERSE_HIGH,14,r14-t046-94d620e3,1789126635228253255,1789126635625227588,0.0,166,0,0.0,False,False,False,False
B1_RL2_TC,BENIGN_DIVERSE_HIGH,14,r14-t047-0995d791,1789126635638330435,1789126636031596064,0.0,198,0,0.0,False,False,False,False
B1_RL2_TC,BENIGN_DIVERSE_HIGH,14,r14-t048-20ed599c,1789126636042440638,1789126636416843378,0.0,280,0,0.0,False,False,False,False
B1_RL2_TC,BENIGN_DIVERSE_HIGH,14,r14-t049-2e0b4ea8,1789126636427677388,1789126636821219748,0.0,358,0,0.0,False,False,False,False
B1_RL2_TC,ATTACK_DIVERSE_HIGH,14,r14-t000-c82e459b,1789126650480833990,1789126650791776859,0.0,400,0,0.0,False,False,False,False
B1_RL2_TC,ATTACK_DIVERSE_HIGH,14,r14-t001-49735766,1789126650804365383,1789126651064030505,0.0,401,0,0.0,False,False,False,False
B1_RL2_TC,ATTACK_DIVERSE_HIGH,14,r14-t002-a3f53d48,1789126651075876361,1789126651409932274,0.0,402,0,0.0,False,False,False,False
B1_RL2_TC,ATTACK_DIVERSE_HIGH,14,r14-t003-51694f7b,1789126651421114942,1789126651735295665,0.0,403,0,0.0,False,False,False,False
B1_RL2_TC,ATTACK_DIVERSE_HIGH,14,r14-t004-358bc779,1789126651746630766,1789126652079651271,0.0,404,0,0.0,False,False,False,False
B1_RL2_TC,ATTACK_DIVERSE_HIGH,14,r14-t005-61cffa50,1789126652090714064,1789126652410411490,0.0,405,0,0.0,False,False,False,False
B1_RL2_TC,ATTACK_DIVERSE_HIGH,14,r14-t006-772d2f34,1789126652421155703,1789126652747920473,0.0,406,0,0.0,False,False,False,False
B1_RL2_TC,ATTACK_DIVERSE_HIGH,14,r14-t007-1eced229,1789126652759113777,1789126653086900895,0.0,406,0,0.0,False,False,False,False
B1_RL2_TC,ATTACK_DIVERSE_HIGH,14,r14-t008-5b4653e3,1789126653099122143,1789126653450296386,0.0,406,0,0.0,False,False,False,False
B1_RL2_TC,ATTACK_DIVERSE_HIGH,14,r14-t009-5570f902,1789126653461609005,1789126653803997065,0.0,406,0,0.0,False,False,False,False
B1_RL2_TC,ATTACK_DIVERSE_HIGH,14,r14-t010-3670fb7c,1789126653815296437,1789126654126218690,0.0,406,0,0.0,False,False,False,False
B1_RL2_TC,ATTACK_DIVERSE_HIGH,14,r14-t011-b7dd72a2,1789126654138352247,1789126654526664318,0.0,405,0,0.0,False,False,False,False
B1_RL2_TC,ATTACK_DIVERSE_HIGH,14,r14-t012-8c8a0537,1789126654537615109,1789126654857182128,0.0,406,0,0.0,False,False,False,False
B1_RL2_TC,ATTACK_DIVERSE_HIGH,14,r14-t013-d7958f73,1789126654868264438,1789126655195052497,0.0,406,0,0.0,False,False,False,False
B1_RL2_TC,ATTACK_DIVERSE_HIGH,14,r14-t014-2cc15862,1789126655207567459,1789126655558981405,0.0,406,0,0.0,False,False,False,False
B1_RL2_TC,ATTACK_DIVERSE_HIGH,14,r14-t015-5ef1575a,1789126655571273569,1789126655906109406,0.0,406,0,0.0,False,False,False,False
B1_RL2_TC,ATTACK_DIVERSE_HIGH,14,r14-t016-a07af76e,1789126655917130178,1789126656254307768,0.0,406,0,0.0,False,False,False,False
B1_RL2_TC,ATTACK_DIVERSE_HIGH,14,r14-t017-c9e09e0d,1789126656265398709,1789126656630780811,0.0,406,0,0.0,False,False,False,False
B1_RL2_TC,ATTACK_DIVERSE_HIGH,14,r14-t018-d19a79b8,1789126656641762184,1789126656974527656,0.0,406,0,0.0,False,False,False,False
B1_RL2_TC,ATTACK_DIVERSE_HIGH,14,r14-t019-b8937767,1789126656986578731,1789126657334400638,0.0,406,0,0.0,False,False,False,False
B1_RL2_TC,ATTACK_DIVERSE_HIGH,14,r14-t020-cfb00d3e,1789126657346352559,1789126657679899648,0.0,406,0,0.0,False,False,False,False
B1_RL2_TC,ATTACK_DIVERSE_HIGH,14,r14-t021-6a4d3db6,1789126657692574647,1789126658021174438,0.0,406,0,0.0,False,False,False,False
B1_RL2_TC,ATTACK_DIVERSE_HIGH,14,r14-t022-813c157e,1789126658032658533,1789126658386179991,0.0,406,0,0.0,False,False,False,False
B1_RL2_TC,ATTACK_DIVERSE_HIGH,14,r14-t023-8ee69965,1789126658396821867,1789126658710980987,0.0,406,0,0.0,False,False,False,False
B1_RL2_TC,ATTACK_DIVERSE_HIGH,14,r14-t024-7ce12387,1789126658722174930,1789126659023898451,0.0,406,0,0.0,False,False,False,False
B1_RL2_TC,ATTACK_DIVERSE_HIGH,14,r14-t025-074d2cc0,1789126659035668945,1789126659390022770,0.0,406,0,0.0,False,False,False,False
B1_RL2_TC,ATTACK_DIVERSE_HIGH,14,r14-t026-ee9a7e70,1789126659403444113,1789126659720603337,0.0,406,0,0.0,False,False,False,False
B1_RL2_TC,ATTACK_DIVERSE_HIGH,14,r14-t027-e4346fc7,1789126659731556005,1789126660048995531,0.0,406,0,0.0,False,False,False,False
B1_RL2_TC,ATTACK_DIVERSE_HIGH,14,r14-t028-cf1b5c58,1789126660060199980,1789126660416011034,0.0,406,0,0.0,False,False,False,False
B1_RL2_TC,ATTACK_DIVERSE_HIGH,14,r14-t029-d7db4b92,1789126660430225626,1789126660761130491,0.0,406,0,0.0,False,False,False,False
B1_RL2_TC,ATTACK_DIVERSE_HIGH,14,r14-t030-15f0b961,1789126660772778939,1789126661116170999,0.0,406,0,0.0,False,False,False,False
B1_RL2_TC,ATTACK_DIVERSE_HIGH,14,r14-t031-ef8c6fdc,1789126661128194775,1789126661458963993,0.0,406,0,0.0,False,False,False,False
B1_RL2_TC,ATTACK_DIVERSE_HIGH,14,r14-t032-8c7cedb4,1789126661470841711,1789126661784217713,0.0,406,0,0.0,False,False,False,False
B1_RL2_TC,ATTACK_DIVERSE_HIGH,14,r14-t033-83398254,1789126661795162406,1789126662138229886,0.0,406,0,0.0,False,False,False,False
B1_RL2_TC,ATTACK_DIVERSE_HIGH,14,r14-t034-84754bad,1789126662149118202,1789126662500024639,0.0,406,0,0.0,False,False,False,False
B1_RL2_TC,ATTACK_DIVERSE_HIGH,14,r14-t035-e85beed9,1789126662511629209,1789126662868231160,0.0,406,0,0.0,False,False,False,False
B1_RL2_TC,ATTACK_DIVERSE_HIGH,14,r14-t036-363e940e,1789126662879755071,1789126663177662000,0.0,406,0,0.0,False,False,False,False
B1_RL2_TC,ATTACK_DIVERSE_HIGH,14,r14-t037-edcde4ce,1789126663189750324,1789126663522508267,0.0,406,0,0.0,False,False,False,False
B1_RL2_TC,ATTACK_DIVERSE_HIGH,14,r14-t038-78eea25a,1789126663534415349,1789126663862038981,0.0,406,0,0.0,False,False,False,False
B1_RL2_TC,ATTACK_DIVERSE_HIGH,14,r14-t039-8f903a8d,1789126663873839906,1789126664251806262,0.0,406,0,0.0,False,False,False,False
B1_RL2_TC,ATTACK_DIVERSE_HIGH,14,r14-t040-37c1e83e,1789126665108784919,1789126665415943182,0.0,263,0,0.0,False,False,False,False
B1_RL2_TC,ATTACK_DIVERSE_HIGH,14,r14-t041-d3393646,1789126666532453438,1789126666910068170,0.0,53,0,0.0,False,False,False,False
B1_RL2_TC,ATTACK_DIVERSE_HIGH,14,r14-t042-0d85f2d3,1789126666923247921,1789126667229420823,0.0,115,0,0.0,False,False,False,False
B1_RL2_TC,ATTACK_DIVERSE_HIGH,14,r14-t043-a4ebaf0b,1789126667240726185,1789126667566344242,0.0,180,0,0.0,False,False,False,False
B1_RL2_TC,ATTACK_DIVERSE_HIGH,14,r14-t044-07a7eca6,1789126667577653853,1789126667915336434,0.0,195,0,0.0,False,False,False,False
B1_RL2_TC,ATTACK_DIVERSE_HIGH,14,r14-t045-1025c8db,1789126667931475106,1789126668289423772,0.0,267,0,0.0,False,False,False,False
B1_RL2_TC,ATTACK_DIVERSE_HIGH,14,r14-t046-94d620e3,1789126668300804975,1789126668655303788,0.0,342,0,0.0,False,False,False,False
B1_RL2_TC,ATTACK_DIVERSE_HIGH,14,r14-t047-0995d791,1789126668667143057,1789126668969885467,0.0,406,0,0.0,False,False,False,False
B1_RL2_TC,ATTACK_DIVERSE_HIGH,14,r14-t048-20ed599c,1789126668982729554,1789126669325526234,0.0,406,0,0.0,False,False,False,False
B1_RL2_TC,ATTACK_DIVERSE_HIGH,14,r14-t049-2e0b4ea8,1789126669337040039,1789126669653549658,0.0,406,0,0.0,False,False,False,False
B5_LOCKED_TC,ATTACK_DIVERSE_MODERATE,14,r14-t000-6b4f7aab,1789126681861062991,1789126682030846012,0.0,24,0,0.0,False,False,False,False
B5_LOCKED_TC,ATTACK_DIVERSE_MODERATE,14,r14-t001-4846bb5e,1789126682041214209,1789126682309237332,0.0,25,0,0.0,False,False,False,False
B5_LOCKED_TC,ATTACK_DIVERSE_MODERATE,14,r14-t002-1404fa82,1789126682320157077,1789126682633453936,0.0,26,0,0.0,False,False,False,False
B5_LOCKED_TC,ATTACK_DIVERSE_MODERATE,14,r14-t003-886129cc,1789126682643651478,1789126682941770401,0.0,27,0,0.0,False,False,False,False
B5_LOCKED_TC,ATTACK_DIVERSE_MODERATE,14,r14-t004-377d18af,1789126682952559923,1789126683269442413,0.0,28,0,0.0,False,False,False,False
B5_LOCKED_TC,ATTACK_DIVERSE_MODERATE,14,r14-t005-237f3845,1789126683280968430,1789126683611058194,0.0,29,0,0.0,False,False,False,False
B5_LOCKED_TC,ATTACK_DIVERSE_MODERATE,14,r14-t006-15049a98,1789126683620962943,1789126683944012043,0.0,30,0,0.0,False,False,False,False
B5_LOCKED_TC,ATTACK_DIVERSE_MODERATE,14,r14-t007-ba5e73b3,1789126683956613985,1789126684261276368,0.0,31,0,0.0,False,False,False,False
B5_LOCKED_TC,ATTACK_DIVERSE_MODERATE,14,r14-t008-3e01dd15,1789126684271733042,1789126684592766911,0.0,31,0,0.0,False,False,False,False
B5_LOCKED_TC,ATTACK_DIVERSE_MODERATE,14,r14-t009-e760d512,1789126684603015884,1789126684934386076,0.0,31,0,0.0,False,False,False,False
B5_LOCKED_TC,ATTACK_DIVERSE_MODERATE,14,r14-t010-0aad57c8,1789126684947290589,1789126685270245570,0.0,30,0,0.0,False,False,False,False
B5_LOCKED_TC,ATTACK_DIVERSE_MODERATE,14,r14-t011-74e969f7,1789126685281337099,1789126685589688823,0.0,30,0,0.0,False,False,False,False
B5_LOCKED_TC,ATTACK_DIVERSE_MODERATE,14,r14-t012-eecb4713,1789126685600656334,1789126685912474748,0.0,30,0,0.0,False,False,False,False
B5_LOCKED_TC,ATTACK_DIVERSE_MODERATE,14,r14-t013-61f5322a,1789126685924163335,1789126686271772061,0.0,31,0,0.0,False,False,False,False
B5_LOCKED_TC,ATTACK_DIVERSE_MODERATE,14,r14-t014-0b4018df,1789126686282954793,1789126686589327203,0.0,30,0,0.0,False,False,False,False
B5_LOCKED_TC,ATTACK_DIVERSE_MODERATE,14,r14-t015-f5579075,1789126686599211173,1789126686922050786,0.0,30,0,0.0,False,False,False,False
B5_LOCKED_TC,ATTACK_DIVERSE_MODERATE,14,r14-t016-c9b033f2,1789126686933002594,1789126687271098184,0.0,30,0,0.0,False,False,False,False
B5_LOCKED_TC,ATTACK_DIVERSE_MODERATE,14,r14-t017-45611966,1789126687282675727,1789126687602427381,0.0,30,0,0.0,False,False,False,False
B5_LOCKED_TC,ATTACK_DIVERSE_MODERATE,14,r14-t018-6cc18019,1789126687613360102,1789126687936213067,0.0,30,0,0.0,False,False,False,False
B5_LOCKED_TC,ATTACK_DIVERSE_MODERATE,14,r14-t019-14a5a252,1789126687947856332,1789126688271124544,0.0,30,0,0.0,False,False,False,False
B5_LOCKED_TC,ATTACK_DIVERSE_MODERATE,14,r14-t020-262b8ed6,1789126688282277700,1789126688608648243,0.0,30,0,0.0,False,False,False,False
B5_LOCKED_TC,ATTACK_DIVERSE_MODERATE,14,r14-t021-e2ee9109,1789126688618965435,1789126688909329589,0.0,30,0,0.0,False,False,False,False
B5_LOCKED_TC,ATTACK_DIVERSE_MODERATE,14,r14-t022-fd0fd89b,1789126688919497718,1789126689283127893,0.0,30,0,0.0,False,False,False,False
B5_LOCKED_TC,ATTACK_DIVERSE_MODERATE,14,r14-t023-7a3b2f91,1789126689293168780,1789126689585756718,0.0,30,0,0.0,False,False,False,False
B5_LOCKED_TC,ATTACK_DIVERSE_MODERATE,14,r14-t024-e0eb91d3,1789126689595701962,1789126689941908071,0.0,30,0,0.0,False,False,False,False
B5_LOCKED_TC,ATTACK_DIVERSE_MODERATE,14,r14-t025-5662247e,1789126689952331720,1789126690276151767,0.0,30,0,0.0,False,False,False,False
B5_LOCKED_TC,ATTACK_DIVERSE_MODERATE,14,r14-t026-a97d2aa0,1789126690287774301,1789126690584845546,0.0,30,0,0.0,False,False,False,False
B5_LOCKED_TC,ATTACK_DIVERSE_MODERATE,14,r14-t027-cdf312b0,1789126690595858857,1789126690928806615,0.0,31,0,0.0,False,False,False,False
B5_LOCKED_TC,ATTACK_DIVERSE_MODERATE,14,r14-t028-2cd0fb9a,1789126690939555378,1789126691295417260,0.0,30,0,0.0,False,False,False,False
B5_LOCKED_TC,ATTACK_DIVERSE_MODERATE,14,r14-t029-aca18b81,1789126691306193766,1789126691608839144,0.0,30,0,0.0,False,False,False,False
B5_LOCKED_TC,ATTACK_DIVERSE_MODERATE,14,r14-t030-1eccca16,1789126691619229973,1789126691940068328,0.0,30,0,0.0,False,False,False,False
B5_LOCKED_TC,ATTACK_DIVERSE_MODERATE,14,r14-t031-4e553aa8,1789126691952538205,1789126692263428871,0.0,30,0,0.0,False,False,False,False
B5_LOCKED_TC,ATTACK_DIVERSE_MODERATE,14,r14-t032-67adf4ae,1789126692276441387,1789126692595389158,0.0,30,0,0.0,False,False,False,False
B5_LOCKED_TC,ATTACK_DIVERSE_MODERATE,14,r14-t033-8c265760,1789126692606174788,1789126692918825597,0.0,30,0,0.0,False,False,False,False
B5_LOCKED_TC,ATTACK_DIVERSE_MODERATE,14,r14-t034-ea110ba2,1789126692928663066,1789126693261585150,0.0,30,0,0.0,False,False,False,False
B5_LOCKED_TC,ATTACK_DIVERSE_MODERATE,14,r14-t035-829b6bce,1789126693272766048,1789126693593024899,0.0,31,0,0.0,False,False,False,False
B5_LOCKED_TC,ATTACK_DIVERSE_MODERATE,14,r14-t036-3dda3169,1789126693603298171,1789126693923110120,0.0,30,0,0.0,False,False,False,False
B5_LOCKED_TC,ATTACK_DIVERSE_MODERATE,14,r14-t037-e6a89c33,1789126693935265231,1789126694240254958,0.0,30,0,0.0,False,False,False,False
B5_LOCKED_TC,ATTACK_DIVERSE_MODERATE,14,r14-t038-51663aaf,1789126694250308634,1789126694585548266,0.0,30,0,0.0,False,False,False,False
B5_LOCKED_TC,ATTACK_DIVERSE_MODERATE,14,r14-t039-13a3352f,1789126694595790881,1789126694926311153,0.0,30,0,0.0,False,False,False,False
B5_LOCKED_TC,ATTACK_DIVERSE_MODERATE,14,r14-t040-7d719b59,1789126694936393890,1789126695237848095,0.0,30,0,0.0,False,False,False,False
B5_LOCKED_TC,ATTACK_DIVERSE_MODERATE,14,r14-t041-d2d26455,1789126695248010206,1789126695561288013,0.0,31,0,0.0,False,False,False,False
B5_LOCKED_TC,ATTACK_DIVERSE_MODERATE,14,r14-t042-61ff519a,1789126695571676584,1789126695903279031,0.0,31,0,0.0,False,False,False,False
B5_LOCKED_TC,ATTACK_DIVERSE_MODERATE,14,r14-t043-ce7ea43a,1789126695914675105,1789126696249115309,0.0,30,0,0.0,False,False,False,False
B5_LOCKED_TC,ATTACK_DIVERSE_MODERATE,14,r14-t044-8b82cc0b,1789126698100108295,1789126698437804513,0.0,8,0,0.0,False,False,False,False
B5_LOCKED_TC,ATTACK_DIVERSE_MODERATE,14,r14-t045-4dbc5f41,1789126698449309432,1789126698783250602,0.0,4,0,0.0,False,False,False,False
B5_LOCKED_TC,ATTACK_DIVERSE_MODERATE,14,r14-t046-685a47f6,1789126698793858686,1789126699097014021,0.0,9,0,0.0,False,False,False,False
B5_LOCKED_TC,ATTACK_DIVERSE_MODERATE,14,r14-t047-770ee276,1789126699107053329,1789126699456143258,0.0,13,0,0.0,False,False,False,False
B5_LOCKED_TC,ATTACK_DIVERSE_MODERATE,14,r14-t048-aea5aa5d,1789126699466077678,1789126699765612849,0.0,16,0,0.0,False,False,False,False
B5_LOCKED_TC,ATTACK_DIVERSE_MODERATE,14,r14-t049-ea91221f,1789126699775709788,1789126700094123111,0.0,20,0,0.0,False,False,False,False
RFC_DROP_NATIVE,ATTACK_DIVERSE_MODERATE,14,r14-t000-6b4f7aab,1789126710812199363,1789126712823734248,0.0,24,0,0.0,False,False,False,False
RFC_DROP_NATIVE,ATTACK_DIVERSE_MODERATE,14,r14-t001-4846bb5e,1789126710816947935,1789126712827157600,0.0,24,0,0.0,False,False,False,False
RFC_DROP_NATIVE,ATTACK_DIVERSE_MODERATE,14,r14-t002-1404fa82,1789126710826192571,1789126712835647059,0.0,24,0,0.0,False,False,False,False
RFC_DROP_NATIVE,ATTACK_DIVERSE_MODERATE,14,r14-t003-886129cc,1789126710836226259,1789126712845601082,0.0,24,0,0.0,False,False,False,False
RFC_DROP_NATIVE,ATTACK_DIVERSE_MODERATE,14,r14-t004-377d18af,1789126710846517241,1789126712856006447,0.0,24,0,0.0,False,False,False,False
RFC_DROP_NATIVE,ATTACK_DIVERSE_MODERATE,14,r14-t005-237f3845,1789126710856692900,1789126712867901337,0.0,24,0,0.0,False,False,False,False
RFC_DROP_NATIVE,ATTACK_DIVERSE_MODERATE,14,r14-t006-15049a98,1789126710866776883,1789126712878165293,0.0,24,0,0.0,False,False,False,False
RFC_DROP_NATIVE,ATTACK_DIVERSE_MODERATE,14,r14-t007-ba5e73b3,1789126710876400141,1789126712886940572,0.0,24,0,0.0,False,False,False,False
RFC_DROP_NATIVE,ATTACK_DIVERSE_MODERATE,14,r14-t008-3e01dd15,1789126710886168935,1789126712896001669,0.0,24,0,0.0,False,False,False,False
RFC_DROP_NATIVE,ATTACK_DIVERSE_MODERATE,14,r14-t009-e760d512,1789126710896283789,1789126712906745399,0.0,24,0,0.0,False,False,False,False
RFC_DROP_NATIVE,ATTACK_DIVERSE_MODERATE,14,r14-t010-0aad57c8,1789126710906499985,1789126712915999983,0.0,24,0,0.0,False,False,False,False
RFC_DROP_NATIVE,ATTACK_DIVERSE_MODERATE,14,r14-t011-74e969f7,1789126710916027343,1789126712926335910,0.0,24,0,0.0,False,False,False,False
RFC_DROP_NATIVE,ATTACK_DIVERSE_MODERATE,14,r14-t012-eecb4713,1789126710926656409,1789126712935896205,0.0,24,0,0.0,False,False,False,False
RFC_DROP_NATIVE,ATTACK_DIVERSE_MODERATE,14,r14-t013-61f5322a,1789126710936511344,1789126712946769522,0.0,24,0,0.0,False,False,False,False
RFC_DROP_NATIVE,ATTACK_DIVERSE_MODERATE,14,r14-t014-0b4018df,1789126710946355488,1789126712956931669,0.0,24,0,0.0,False,False,False,False
RFC_DROP_NATIVE,ATTACK_DIVERSE_MODERATE,14,r14-t015-f5579075,1789126710956715155,1789126712976603628,0.0,24,0,0.0,False,False,False,False
RFC_DROP_NATIVE,ATTACK_DIVERSE_MODERATE,14,r14-t016-c9b033f2,1789126710966608186,1789126712976201267,0.0,24,0,0.0,False,False,False,False
RFC_DROP_NATIVE,ATTACK_DIVERSE_MODERATE,14,r14-t017-45611966,1789126710976702490,1789126712986986660,0.0,25,0,0.0,False,False,False,False
RFC_DROP_NATIVE,ATTACK_DIVERSE_MODERATE,14,r14-t018-6cc18019,1789126710986510601,1789126712995665476,0.0,25,0,0.0,False,False,False,False
RFC_DROP_NATIVE,ATTACK_DIVERSE_MODERATE,14,r14-t019-14a5a252,1789126710995963737,1789126713006158108,0.0,25,0,0.0,False,False,False,False
RFC_DROP_NATIVE,ATTACK_DIVERSE_MODERATE,14,r14-t020-262b8ed6,1789126711005906593,1789126713014600086,0.0,25,0,0.0,False,False,False,False
RFC_DROP_NATIVE,ATTACK_DIVERSE_MODERATE,14,r14-t021-e2ee9109,1789126711016135550,1789126713025911514,0.0,25,0,0.0,False,False,False,False
RFC_DROP_NATIVE,ATTACK_DIVERSE_MODERATE,14,r14-t022-fd0fd89b,1789126711025803191,1789126713035858875,0.0,25,0,0.0,False,False,False,False
RFC_DROP_NATIVE,ATTACK_DIVERSE_MODERATE,14,r14-t023-7a3b2f91,1789126711035747456,1789126713056440181,0.0,25,0,0.0,False,False,False,False
RFC_DROP_NATIVE,ATTACK_DIVERSE_MODERATE,14,r14-t024-e0eb91d3,1789126711046079255,1789126713056293518,0.0,25,0,0.0,False,False,False,False
RFC_DROP_NATIVE,ATTACK_DIVERSE_MODERATE,14,r14-t025-5662247e,1789126711056417436,1789126713064004999,0.0,25,0,0.0,False,False,False,False
RFC_DROP_NATIVE,ATTACK_DIVERSE_MODERATE,14,r14-t026-a97d2aa0,1789126711066148414,1789126713075733801,0.0,25,0,0.0,False,False,False,False
RFC_DROP_NATIVE,ATTACK_DIVERSE_MODERATE,14,r14-t027-cdf312b0,1789126711076248444,1789126713085698334,0.0,25,0,0.0,False,False,False,False
RFC_DROP_NATIVE,ATTACK_DIVERSE_MODERATE,14,r14-t028-2cd0fb9a,1789126711085911205,1789126713115840216,0.0,25,0,0.0,False,False,False,False
RFC_DROP_NATIVE,ATTACK_DIVERSE_MODERATE,14,r14-t029-aca18b81,1789126711108308013,1789126713117358358,0.0,25,0,0.0,False,False,False,False
RFC_DROP_NATIVE,ATTACK_DIVERSE_MODERATE,14,r14-t030-1eccca16,1789126711109897658,1789126713120363022,0.0,25,0,0.0,False,False,False,False
RFC_DROP_NATIVE,ATTACK_DIVERSE_MODERATE,14,r14-t031-4e553aa8,1789126711116153301,1789126713126725636,0.0,25,0,0.0,False,False,False,False
RFC_DROP_NATIVE,ATTACK_DIVERSE_MODERATE,14,r14-t032-67adf4ae,1789126711125894601,1789126713135629185,0.0,25,0,0.0,False,False,False,False
RFC_DROP_NATIVE,ATTACK_DIVERSE_MODERATE,14,r14-t033-8c265760,1789126711136158466,1789126713147770014,0.0,25,0,0.0,False,False,False,False
RFC_DROP_NATIVE,ATTACK_DIVERSE_MODERATE,14,r14-t034-ea110ba2,1789126711146492329,1789126713158461198,0.0,25,0,0.0,False,False,False,False
RFC_DROP_NATIVE,ATTACK_DIVERSE_MODERATE,14,r14-t035-829b6bce,1789126711156523859,1789126713167429774,0.0,25,0,0.0,False,False,False,False
RFC_DROP_NATIVE,ATTACK_DIVERSE_MODERATE,14,r14-t036-3dda3169,1789126711166388082,1789126713175951042,0.0,25,0,0.0,False,False,False,False
RFC_DROP_NATIVE,ATTACK_DIVERSE_MODERATE,14,r14-t037-e6a89c33,1789126711176372413,1789126713186086916,0.0,25,0,0.0,False,False,False,False
RFC_DROP_NATIVE,ATTACK_DIVERSE_MODERATE,14,r14-t038-51663aaf,1789126711186169640,1789126713195962307,0.0,25,0,0.0,False,False,False,False
RFC_DROP_NATIVE,ATTACK_DIVERSE_MODERATE,14,r14-t039-13a3352f,1789126711196084345,1789126713205863125,0.0,25,0,0.0,False,False,False,False
RFC_DROP_NATIVE,ATTACK_DIVERSE_MODERATE,14,r14-t040-7d719b59,1789126711205935246,1789126713215653595,0.0,25,0,0.0,False,False,False,False
RFC_DROP_NATIVE,ATTACK_DIVERSE_MODERATE,14,r14-t041-d2d26455,1789126711216354685,1789126713223959138,0.0,25,0,0.0,False,False,False,False
RFC_DROP_NATIVE,ATTACK_DIVERSE_MODERATE,14,r14-t042-61ff519a,1789126711226103962,1789126713235683625,0.0,25,0,0.0,False,False,False,False
RFC_DROP_NATIVE,ATTACK_DIVERSE_MODERATE,14,r14-t043-ce7ea43a,1789126711236276150,1789126713247329291,0.0,25,0,0.0,False,False,False,False
RFC_DROP_NATIVE,ATTACK_DIVERSE_MODERATE,14,r14-t044-8b82cc0b,1789126711246762776,1789126713256347318,0.0,25,0,0.0,False,False,False,False
RFC_DROP_NATIVE,ATTACK_DIVERSE_MODERATE,14,r14-t045-4dbc5f41,1789126711256453780,1789126713266767227,0.0,25,0,0.0,False,False,False,False
RFC_DROP_NATIVE,ATTACK_DIVERSE_MODERATE,14,r14-t046-685a47f6,1789126711266002346,1789126713275778216,0.0,25,0,0.0,False,False,False,False
RFC_DROP_NATIVE,ATTACK_DIVERSE_MODERATE,14,r14-t047-770ee276,1789126711276211974,1789126713287411590,0.0,26,0,0.0,False,False,False,False
RFC_DROP_NATIVE,ATTACK_DIVERSE_MODERATE,14,r14-t048-aea5aa5d,1789126711286020178,1789126713295813032,0.0,26,0,0.0,False,False,False,False
RFC_DROP_NATIVE,ATTACK_DIVERSE_MODERATE,14,r14-t049-ea91221f,1789126711296169001,1789126713305912217,0.0,26,0,0.0,False,False,False,False
B0_OFF,ATTACK_DIVERSE_MODERATE,14,r14-t000-6b4f7aab,1789126744275357884,1789126744428906689,0.0,24,0,0.0,False,False,False,False
B0_OFF,ATTACK_DIVERSE_MODERATE,14,r14-t001-4846bb5e,1789126744440165102,1789126744741707151,0.0,25,0,0.0,False,False,False,False
B0_OFF,ATTACK_DIVERSE_MODERATE,14,r14-t002-1404fa82,1789126744751971066,1789126745047760511,0.0,26,0,0.0,False,False,False,False
B0_OFF,ATTACK_DIVERSE_MODERATE,14,r14-t003-886129cc,1789126745057772195,1789126745379396640,0.0,27,0,0.0,False,False,False,False
B0_OFF,ATTACK_DIVERSE_MODERATE,14,r14-t004-377d18af,1789126745389521510,1789126745702330592,0.0,28,0,0.0,False,False,False,False
B0_OFF,ATTACK_DIVERSE_MODERATE,14,r14-t005-237f3845,1789126745712046195,1789126746019130406,0.0,29,0,0.0,False,False,False,False
B0_OFF,ATTACK_DIVERSE_MODERATE,14,r14-t006-15049a98,1789126746030820197,1789126746336220772,0.0,30,0,0.0,False,False,False,False
B0_OFF,ATTACK_DIVERSE_MODERATE,14,r14-t007-ba5e73b3,1789126746346947269,1789126746675417198,0.0,31,0,0.0,False,False,False,False
B0_OFF,ATTACK_DIVERSE_MODERATE,14,r14-t008-3e01dd15,1789126746686322186,1789126747003064657,0.0,31,0,0.0,False,False,False,False
B0_OFF,ATTACK_DIVERSE_MODERATE,14,r14-t009-e760d512,1789126747012926894,1789126747326407969,0.0,31,0,0.0,False,False,False,False
B0_OFF,ATTACK_DIVERSE_MODERATE,14,r14-t010-0aad57c8,1789126747336463222,1789126747650538616,0.0,31,0,0.0,False,False,False,False
B0_OFF,ATTACK_DIVERSE_MODERATE,14,r14-t011-74e969f7,1789126747660583844,1789126748006602440,0.0,31,0,0.0,False,False,False,False
B0_OFF,ATTACK_DIVERSE_MODERATE,14,r14-t012-eecb4713,1789126748017063684,1789126748342623673,0.0,30,0,0.0,False,False,False,False
B0_OFF,ATTACK_DIVERSE_MODERATE,14,r14-t013-61f5322a,1789126748353157107,1789126748681695281,0.0,30,0,0.0,False,False,False,False
B0_OFF,ATTACK_DIVERSE_MODERATE,14,r14-t014-0b4018df,1789126748692960942,1789126749007059636,0.0,30,0,0.0,False,False,False,False
B0_OFF,ATTACK_DIVERSE_MODERATE,14,r14-t015-f5579075,1789126749017198326,1789126749365497286,0.0,30,0,0.0,False,False,False,False
B0_OFF,ATTACK_DIVERSE_MODERATE,14,r14-t016-c9b033f2,1789126749378244858,1789126749671127139,0.0,30,0,0.0,False,False,False,False
B0_OFF,ATTACK_DIVERSE_MODERATE,14,r14-t017-45611966,1789126749681599273,1789126750034463751,0.0,30,0,0.0,False,False,False,False
B0_OFF,ATTACK_DIVERSE_MODERATE,14,r14-t018-6cc18019,1789126750045250273,1789126750361005673,0.0,30,0,0.0,False,False,False,False
B0_OFF,ATTACK_DIVERSE_MODERATE,14,r14-t019-14a5a252,1789126750371128029,1789126750693778831,0.0,30,0,0.0,False,False,False,False
B0_OFF,ATTACK_DIVERSE_MODERATE,14,r14-t020-262b8ed6,1789126750704612008,1789126751019964872,0.0,30,0,0.0,False,False,False,False
B0_OFF,ATTACK_DIVERSE_MODERATE,14,r14-t021-e2ee9109,1789126751030720321,1789126751366266829,0.0,30,0,0.0,False,False,False,False
B0_OFF,ATTACK_DIVERSE_MODERATE,14,r14-t022-fd0fd89b,1789126751379684761,1789126751734040444,0.0,30,0,0.0,False,False,False,False
B0_OFF,ATTACK_DIVERSE_MODERATE,14,r14-t023-7a3b2f91,1789126751744727083,1789126752050601479,0.0,30,0,0.0,False,False,False,False
B0_OFF,ATTACK_DIVERSE_MODERATE,14,r14-t024-e0eb91d3,1789126752060504357,1789126752376251402,0.0,30,0,0.0,False,False,False,False
B0_OFF,ATTACK_DIVERSE_MODERATE,14,r14-t025-5662247e,1789126752387271578,1789126752694862292,0.0,30,0,0.0,False,False,False,False
B0_OFF,ATTACK_DIVERSE_MODERATE,14,r14-t026-a97d2aa0,1789126752704788449,1789126753049710350,0.0,30,0,0.0,False,False,False,False
B0_OFF,ATTACK_DIVERSE_MODERATE,14,r14-t027-cdf312b0,1789126753059783891,1789126753362279256,0.0,30,0,0.0,False,False,False,False
B0_OFF,ATTACK_DIVERSE_MODERATE,14,r14-t028-2cd0fb9a,1789126753374293569,1789126753690815834,0.0,30,0,0.0,False,False,False,False
B0_OFF,ATTACK_DIVERSE_MODERATE,14,r14-t029-aca18b81,1789126753700862621,1789126754058322938,0.0,31,0,0.0,False,False,False,False
B0_OFF,ATTACK_DIVERSE_MODERATE,14,r14-t030-1eccca16,1789126754068366063,1789126754375477357,0.0,30,0,0.0,False,False,False,False
B0_OFF,ATTACK_DIVERSE_MODERATE,14,r14-t031-4e553aa8,1789126754385496356,1789126754694201366,0.0,30,0,0.0,False,False,False,False
B0_OFF,ATTACK_DIVERSE_MODERATE,14,r14-t032-67adf4ae,1789126754704075330,1789126755065239018,0.0,30,0,0.0,False,False,False,False
B0_OFF,ATTACK_DIVERSE_MODERATE,14,r14-t033-8c265760,1789126755075483317,1789126755383358191,0.0,30,0,0.0,False,False,False,False
B0_OFF,ATTACK_DIVERSE_MODERATE,14,r14-t034-ea110ba2,1789126755393587939,1789126755732195148,0.0,30,0,0.0,False,False,False,False
B0_OFF,ATTACK_DIVERSE_MODERATE,14,r14-t035-829b6bce,1789126755742834568,1789126756056260067,0.0,30,0,0.0,False,False,False,False
B0_OFF,ATTACK_DIVERSE_MODERATE,14,r14-t036-3dda3169,1789126756067762616,1789126756391301944,0.0,30,0,0.0,False,False,False,False
B0_OFF,ATTACK_DIVERSE_MODERATE,14,r14-t037-e6a89c33,1789126756401926742,1789126756724015623,0.0,30,0,0.0,False,False,False,False
B0_OFF,ATTACK_DIVERSE_MODERATE,14,r14-t038-51663aaf,1789126756735024636,1789126757057220480,0.0,30,0,0.0,False,False,False,False
B0_OFF,ATTACK_DIVERSE_MODERATE,14,r14-t039-13a3352f,1789126757067500642,1789126757362493943,0.0,30,0,0.0,False,False,False,False
B0_OFF,ATTACK_DIVERSE_MODERATE,14,r14-t040-7d719b59,1789126757372675058,1789126757699264367,0.0,31,0,0.0,False,False,False,False
B0_OFF,ATTACK_DIVERSE_MODERATE,14,r14-t041-d2d26455,1789126757710092723,1789126758012127537,0.0,31,0,0.0,False,False,False,False
B0_OFF,ATTACK_DIVERSE_MODERATE,14,r14-t042-61ff519a,1789126758023334455,1789126758327213449,0.0,31,0,0.0,False,False,False,False
B0_OFF,ATTACK_DIVERSE_MODERATE,14,r14-t043-ce7ea43a,1789126758337790372,1789126758663245221,0.0,31,0,0.0,False,False,False,False
B0_OFF,ATTACK_DIVERSE_MODERATE,14,r14-t044-8b82cc0b,1789126758673346233,1789126758987538374,0.0,31,0,0.0,False,False,False,False
B0_OFF,ATTACK_DIVERSE_MODERATE,14,r14-t045-4dbc5f41,1789126758998234605,1789126759317479137,0.0,31,0,0.0,False,False,False,False
B0_OFF,ATTACK_DIVERSE_MODERATE,14,r14-t046-685a47f6,1789126759327536234,1789126759643732575,0.0,31,0,0.0,False,False,False,False
B0_OFF,ATTACK_DIVERSE_MODERATE,14,r14-t047-770ee276,1789126759654760155,1789126759958828760,0.0,31,0,0.0,False,False,False,False
B0_OFF,ATTACK_DIVERSE_MODERATE,14,r14-t048-aea5aa5d,1789126760775536975,1789126761106242777,0.0,20,0,0.0,False,False,False,False
B0_OFF,ATTACK_DIVERSE_MODERATE,14,r14-t049-ea91221f,1789126762220926958,1789126762566035354,0.0,4,0,0.0,False,False,False,False
B5_LOCKED_TC,BENIGN_DIVERSE_HIGH,14,r14-t000-c82e459b,1789126774153201597,1789126775344243204,0.0,400,0,0.0,False,False,False,False
B5_LOCKED_TC,BENIGN_DIVERSE_HIGH,14,r14-t001-49735766,1789126775357221095,1789126775755256753,0.0,403,0,0.0,False,False,False,False
B5_LOCKED_TC,BENIGN_DIVERSE_HIGH,14,r14-t002-a3f53d48,1789126775767279640,1789126776138091047,0.0,404,0,0.0,False,False,False,False
B5_LOCKED_TC,BENIGN_DIVERSE_HIGH,14,r14-t003-51694f7b,1789126776149110097,1789126776526456771,0.0,405,0,0.0,False,False,False,False
B5_LOCKED_TC,BENIGN_DIVERSE_HIGH,14,r14-t004-358bc779,1789126776537446428,1789126776961164957,0.0,405,0,0.0,False,False,False,False
B5_LOCKED_TC,BENIGN_DIVERSE_HIGH,14,r14-t005-61cffa50,1789126776972312092,1789126777352406017,0.0,405,0,0.0,False,False,False,False
B5_LOCKED_TC,BENIGN_DIVERSE_HIGH,14,r14-t006-772d2f34,1789126777363656771,1789126777731756552,0.0,405,0,0.0,False,False,False,False
B5_LOCKED_TC,BENIGN_DIVERSE_HIGH,14,r14-t007-1eced229,1789126777742768254,1789126778124765490,0.0,405,0,0.0,False,False,False,False
B5_LOCKED_TC,BENIGN_DIVERSE_HIGH,14,r14-t008-5b4653e3,1789126778137571393,1789126778544315099,0.0,405,0,0.0,False,False,False,False
B5_LOCKED_TC,BENIGN_DIVERSE_HIGH,14,r14-t009-5570f902,1789126778556424584,1789126778982789441,0.0,405,0,0.0,False,False,False,False
B5_LOCKED_TC,BENIGN_DIVERSE_HIGH,14,r14-t010-3670fb7c,1789126778993846162,1789126779398166501,0.0,405,0,0.0,False,False,False,False
B5_LOCKED_TC,BENIGN_DIVERSE_HIGH,14,r14-t011-b7dd72a2,1789126779409251036,1789126779810938534,0.0,405,0,0.0,False,False,False,False
B5_LOCKED_TC,BENIGN_DIVERSE_HIGH,14,r14-t012-8c8a0537,1789126779821846242,1789126780255090808,0.0,405,0,0.0,False,False,False,False
B5_LOCKED_TC,BENIGN_DIVERSE_HIGH,14,r14-t013-d7958f73,1789126780266010516,1789126780690952681,0.0,405,0,0.0,False,False,False,False
B5_LOCKED_TC,BENIGN_DIVERSE_HIGH,14,r14-t014-2cc15862,1789126780701732213,1789126781102198587,0.0,405,0,0.0,False,False,False,False
B5_LOCKED_TC,BENIGN_DIVERSE_HIGH,14,r14-t015-5ef1575a,1789126781113419111,1789126781508326335,0.0,405,0,0.0,False,False,False,False
B5_LOCKED_TC,BENIGN_DIVERSE_HIGH,14,r14-t016-a07af76e,1789126781520906117,1789126781926772888,0.0,405,0,0.0,False,False,False,False
B5_LOCKED_TC,BENIGN_DIVERSE_HIGH,14,r14-t017-c9e09e0d,1789126781937295556,1789126782327233204,0.0,405,0,0.0,False,False,False,False
B5_LOCKED_TC,BENIGN_DIVERSE_HIGH,14,r14-t018-d19a79b8,1789126782338479673,1789126782718482599,0.0,405,0,0.0,False,False,False,False
B5_LOCKED_TC,BENIGN_DIVERSE_HIGH,14,r14-t019-b8937767,1789126782731411528,1789126783112696950,0.0,405,0,0.0,False,False,False,False
B5_LOCKED_TC,BENIGN_DIVERSE_HIGH,14,r14-t020-cfb00d3e,1789126783124004830,1789126783484830799,0.0,405,0,0.0,False,False,False,False
B5_LOCKED_TC,BENIGN_DIVERSE_HIGH,14,r14-t021-6a4d3db6,1789126783498544752,1789126783876660266,0.0,405,0,0.0,False,False,False,False
B5_LOCKED_TC,BENIGN_DIVERSE_HIGH,14,r14-t022-813c157e,1789126783887245563,1789126784248486780,0.0,405,0,0.0,False,False,False,False
B5_LOCKED_TC,BENIGN_DIVERSE_HIGH,14,r14-t023-8ee69965,1789126784260124494,1789126784669671129,0.0,405,0,0.0,False,False,False,False
B5_LOCKED_TC,BENIGN_DIVERSE_HIGH,14,r14-t024-7ce12387,1789126784681648242,1789126785108329536,0.0,405,0,0.0,False,False,False,False
B5_LOCKED_TC,BENIGN_DIVERSE_HIGH,14,r14-t025-074d2cc0,1789126785119073001,1789126785516271903,0.0,405,0,0.0,False,False,False,False
B5_LOCKED_TC,BENIGN_DIVERSE_HIGH,14,r14-t026-ee9a7e70,1789126785527407739,1789126785924329591,0.0,405,0,0.0,False,False,False,False
B5_LOCKED_TC,BENIGN_DIVERSE_HIGH,14,r14-t027-e4346fc7,1789126785935052804,1789126786324180489,0.0,405,0,0.0,False,False,False,False
B5_LOCKED_TC,BENIGN_DIVERSE_HIGH,14,r14-t028-cf1b5c58,1789126786334974677,1789126786761220003,0.0,405,0,0.0,False,False,False,False
B5_LOCKED_TC,BENIGN_DIVERSE_HIGH,14,r14-t029-d7db4b92,1789126786774474923,1789126787191870478,0.0,405,0,0.0,False,False,False,False
B5_LOCKED_TC,BENIGN_DIVERSE_HIGH,14,r14-t030-15f0b961,1789126787203132886,1789126787619442178,0.0,405,0,0.0,False,False,False,False
B5_LOCKED_TC,BENIGN_DIVERSE_HIGH,14,r14-t031-ef8c6fdc,1789126787630434285,1789126788042872277,0.0,405,0,0.0,False,False,False,False
B5_LOCKED_TC,BENIGN_DIVERSE_HIGH,14,r14-t032-8c7cedb4,1789126788054023301,1789126788436710008,0.0,405,0,0.0,False,False,False,False
B5_LOCKED_TC,BENIGN_DIVERSE_HIGH,14,r14-t033-83398254,1789126788447882034,1789126788860361372,0.0,405,0,0.0,False,False,False,False
B5_LOCKED_TC,BENIGN_DIVERSE_HIGH,14,r14-t034-84754bad,1789126788873074474,1789126789287312966,0.0,405,0,0.0,False,False,False,False
B5_LOCKED_TC,BENIGN_DIVERSE_HIGH,14,r14-t035-e85beed9,1789126789298697351,1789126789689510216,0.0,405,0,0.0,False,False,False,False
B5_LOCKED_TC,BENIGN_DIVERSE_HIGH,14,r14-t036-363e940e,1789126789701873327,1789126790089332215,0.0,405,0,0.0,False,False,False,False
B5_LOCKED_TC,BENIGN_DIVERSE_HIGH,14,r14-t037-edcde4ce,1789126790101545110,1789126790506358477,0.0,405,0,0.0,False,False,False,False
B5_LOCKED_TC,BENIGN_DIVERSE_HIGH,14,r14-t038-78eea25a,1789126790517205610,1789126790918238615,0.0,405,0,0.0,False,False,False,False
B5_LOCKED_TC,BENIGN_DIVERSE_HIGH,14,r14-t039-8f903a8d,1789126790931409944,1789126791335188550,0.0,405,0,0.0,False,False,False,False
B5_LOCKED_TC,BENIGN_DIVERSE_HIGH,14,r14-t040-37c1e83e,1789126791346047962,1789126791750225680,0.0,405,0,0.0,False,False,False,False
B5_LOCKED_TC,BENIGN_DIVERSE_HIGH,14,r14-t041-d3393646,1789126792629129128,1789126793022133340,0.0,286,0,0.0,False,False,False,False
B5_LOCKED_TC,BENIGN_DIVERSE_HIGH,14,r14-t042-0d85f2d3,1789126794129795525,1789126794535738211,0.0,53,0,0.0,False,False,False,False
B5_LOCKED_TC,BENIGN_DIVERSE_HIGH,14,r14-t043-a4ebaf0b,1789126794546589217,1789126794961034623,0.0,110,0,0.0,False,False,False,False
B5_LOCKED_TC,BENIGN_DIVERSE_HIGH,14,r14-t044-07a7eca6,1789126794973655226,1789126795354935300,0.0,183,0,0.0,False,False,False,False
B5_LOCKED_TC,BENIGN_DIVERSE_HIGH,14,r14-t045-1025c8db,1789126795365582923,1789126795746990713,0.0,223,0,0.0,False,False,False,False
B5_LOCKED_TC,BENIGN_DIVERSE_HIGH,14,r14-t046-94d620e3,1789126795758612356,1789126796139940796,0.0,303,0,0.0,False,False,False,False
B5_LOCKED_TC,BENIGN_DIVERSE_HIGH,14,r14-t047-0995d791,1789126796151996882,1789126796552617079,0.0,382,0,0.0,False,False,False,False
B5_LOCKED_TC,BENIGN_DIVERSE_HIGH,14,r14-t048-20ed599c,1789126796563479325,1789126796970132193,0.0,405,0,0.0,False,False,False,False
B5_LOCKED_TC,BENIGN_DIVERSE_HIGH,14,r14-t049-2e0b4ea8,1789126796980851704,1789126797379522633,0.0,405,0,0.0,False,False,False,False
B0_OFF,ATTACK_DIVERSE_HIGH,14,r14-t000-c82e459b,1789126810735425838,1789126810897920326,0.0,400,0,0.0,False,False,False,False
B0_OFF,ATTACK_DIVERSE_HIGH,14,r14-t001-49735766,1789126810910373204,1789126811235632756,0.0,401,0,0.0,False,False,False,False
B0_OFF,ATTACK_DIVERSE_HIGH,14,r14-t002-a3f53d48,1789126811246865600,1789126811565844841,0.0,402,0,0.0,False,False,False,False
B0_OFF,ATTACK_DIVERSE_HIGH,14,r14-t003-51694f7b,1789126811576771666,1789126811915612185,0.0,403,0,0.0,False,False,False,False
B0_OFF,ATTACK_DIVERSE_HIGH,14,r14-t004-358bc779,1789126811927148416,1789126812240819182,0.0,404,0,0.0,False,False,False,False
B0_OFF,ATTACK_DIVERSE_HIGH,14,r14-t005-61cffa50,1789126812251688658,1789126812611133928,0.0,405,0,0.0,False,False,False,False
B0_OFF,ATTACK_DIVERSE_HIGH,14,r14-t006-772d2f34,1789126812622534683,1789126812945702678,0.0,406,0,0.0,False,False,False,False
B0_OFF,ATTACK_DIVERSE_HIGH,14,r14-t007-1eced229,1789126812956415148,1789126813321397068,0.0,406,0,0.0,False,False,False,False
B0_OFF,ATTACK_DIVERSE_HIGH,14,r14-t008-5b4653e3,1789126813332739252,1789126813640758387,0.0,406,0,0.0,False,False,False,False
B0_OFF,ATTACK_DIVERSE_HIGH,14,r14-t009-5570f902,1789126813651714074,1789126813991593086,0.0,406,0,0.0,False,False,False,False
B0_OFF,ATTACK_DIVERSE_HIGH,14,r14-t010-3670fb7c,1789126814003270246,1789126814360441100,0.0,406,0,0.0,False,False,False,False
B0_OFF,ATTACK_DIVERSE_HIGH,14,r14-t011-b7dd72a2,1789126814371633517,1789126814707573103,0.0,406,0,0.0,False,False,False,False
B0_OFF,ATTACK_DIVERSE_HIGH,14,r14-t012-8c8a0537,1789126814719422405,1789126815031180431,0.0,406,0,0.0,False,False,False,False
B0_OFF,ATTACK_DIVERSE_HIGH,14,r14-t013-d7958f73,1789126815043200747,1789126815400679219,0.0,406,0,0.0,False,False,False,False
B0_OFF,ATTACK_DIVERSE_HIGH,14,r14-t014-2cc15862,1789126815411738605,1789126815752049240,0.0,406,0,0.0,False,False,False,False
B0_OFF,ATTACK_DIVERSE_HIGH,14,r14-t015-5ef1575a,1789126815763912174,1789126816087083984,0.0,406,0,0.0,False,False,False,False
B0_OFF,ATTACK_DIVERSE_HIGH,14,r14-t016-a07af76e,1789126816099097049,1789126816440388612,0.0,406,0,0.0,False,False,False,False
B0_OFF,ATTACK_DIVERSE_HIGH,14,r14-t017-c9e09e0d,1789126816451223717,1789126816775618685,0.0,406,0,0.0,False,False,False,False
B0_OFF,ATTACK_DIVERSE_HIGH,14,r14-t018-d19a79b8,1789126816786619464,1789126817116580780,0.0,406,0,0.0,False,False,False,False
B0_OFF,ATTACK_DIVERSE_HIGH,14,r14-t019-b8937767,1789126817128756604,1789126817467380175,0.0,406,0,0.0,False,False,False,False
B0_OFF,ATTACK_DIVERSE_HIGH,14,r14-t020-cfb00d3e,1789126817478684566,1789126817820964720,0.0,406,0,0.0,False,False,False,False
B0_OFF,ATTACK_DIVERSE_HIGH,14,r14-t021-6a4d3db6,1789126817833044448,1789126818175614391,0.0,406,0,0.0,False,False,False,False
B0_OFF,ATTACK_DIVERSE_HIGH,14,r14-t022-813c157e,1789126818187267525,1789126818521813369,0.0,406,0,0.0,False,False,False,False
B0_OFF,ATTACK_DIVERSE_HIGH,14,r14-t023-8ee69965,1789126818534474649,1789126818885521333,0.0,406,0,0.0,False,False,False,False
B0_OFF,ATTACK_DIVERSE_HIGH,14,r14-t024-7ce12387,1789126818896639268,1789126819227472113,0.0,406,0,0.0,False,False,False,False
B0_OFF,ATTACK_DIVERSE_HIGH,14,r14-t025-074d2cc0,1789126819239333420,1789126819583394994,0.0,406,0,0.0,False,False,False,False
B0_OFF,ATTACK_DIVERSE_HIGH,14,r14-t026-ee9a7e70,1789126819595135007,1789126819887404431,0.0,406,0,0.0,False,False,False,False
B0_OFF,ATTACK_DIVERSE_HIGH,14,r14-t027-e4346fc7,1789126819899819175,1789126820225864960,0.0,406,0,0.0,False,False,False,False
B0_OFF,ATTACK_DIVERSE_HIGH,14,r14-t028-cf1b5c58,1789126820237403381,1789126820570867078,0.0,406,0,0.0,False,False,False,False
B0_OFF,ATTACK_DIVERSE_HIGH,14,r14-t029-d7db4b92,1789126820582418380,1789126820935644778,0.0,406,0,0.0,False,False,False,False
B0_OFF,ATTACK_DIVERSE_HIGH,14,r14-t030-15f0b961,1789126820946464087,1789126821275554909,0.0,406,0,0.0,False,False,False,False
B0_OFF,ATTACK_DIVERSE_HIGH,14,r14-t031-ef8c6fdc,1789126821286575621,1789126821618377218,0.0,406,0,0.0,False,False,False,False
B0_OFF,ATTACK_DIVERSE_HIGH,14,r14-t032-8c7cedb4,1789126821631612623,1789126821956309132,0.0,406,0,0.0,False,False,False,False
B0_OFF,ATTACK_DIVERSE_HIGH,14,r14-t033-83398254,1789126821967787094,1789126822311383803,0.0,406,0,0.0,False,False,False,False
B0_OFF,ATTACK_DIVERSE_HIGH,14,r14-t034-84754bad,1789126822323450275,1789126822647348032,0.0,406,0,0.0,False,False,False,False
B0_OFF,ATTACK_DIVERSE_HIGH,14,r14-t035-e85beed9,1789126822660173859,1789126822991529771,0.0,406,0,0.0,False,False,False,False
B0_OFF,ATTACK_DIVERSE_HIGH,14,r14-t036-363e940e,1789126823003036317,1789126823328030043,0.0,406,0,0.0,False,False,False,False
B0_OFF,ATTACK_DIVERSE_HIGH,14,r14-t037-edcde4ce,1789126824088340838,1789126824753532568,0.0,390,0,0.0,False,False,False,False
B0_OFF,ATTACK_DIVERSE_HIGH,14,r14-t038-78eea25a,1789126825868926822,1789126826221893823,0.0,77,0,0.0,False,False,False,False
B0_OFF,ATTACK_DIVERSE_HIGH,14,r14-t039-8f903a8d,1789126826233110240,1789126826559081869,0.0,75,0,0.0,False,False,False,False
B0_OFF,ATTACK_DIVERSE_HIGH,14,r14-t040-37c1e83e,1789126826570594906,1789126826902507508,0.0,144,0,0.0,False,False,False,False
B0_OFF,ATTACK_DIVERSE_HIGH,14,r14-t041-d3393646,1789126826914400874,1789126827278187069,0.0,183,0,0.0,False,False,False,False
B0_OFF,ATTACK_DIVERSE_HIGH,14,r14-t042-0d85f2d3,1789126827290133757,1789126827622354870,0.0,242,0,0.0,False,False,False,False
B0_OFF,ATTACK_DIVERSE_HIGH,14,r14-t043-a4ebaf0b,1789126827634496062,1789126827978004750,0.0,312,0,0.0,False,False,False,False
B0_OFF,ATTACK_DIVERSE_HIGH,14,r14-t044-07a7eca6,1789126827989590643,1789126828366228767,0.0,384,0,0.0,False,False,False,False
B0_OFF,ATTACK_DIVERSE_HIGH,14,r14-t045-1025c8db,1789126828377492465,1789126828701128230,0.0,406,0,0.0,False,False,False,False
B0_OFF,ATTACK_DIVERSE_HIGH,14,r14-t046-94d620e3,1789126828713235354,1789126829036696337,0.0,405,0,0.0,False,False,False,False
B0_OFF,ATTACK_DIVERSE_HIGH,14,r14-t047-0995d791,1789126829048920674,1789126829391770816,0.0,406,0,0.0,False,False,False,False
B0_OFF,ATTACK_DIVERSE_HIGH,14,r14-t048-20ed599c,1789126829402589350,1789126829722756661,0.0,406,0,0.0,False,False,False,False
B0_OFF,ATTACK_DIVERSE_HIGH,14,r14-t049-2e0b4ea8,1789126829734215054,1789126830052540456,0.0,406,0,0.0,False,False,False,False
B5_LOCKED_TC,BENIGN_DIVERSE_MODERATE,14,r14-t000-6b4f7aab,1789126842217171664,1789126842588264532,0.0,24,0,0.0,False,False,False,False
B5_LOCKED_TC,BENIGN_DIVERSE_MODERATE,14,r14-t001-4846bb5e,1789126842598529783,1789126842937980794,0.0,25,0,0.0,False,False,False,False
B5_LOCKED_TC,BENIGN_DIVERSE_MODERATE,14,r14-t002-1404fa82,1789126842948267458,1789126843300451528,0.0,26,0,0.0,False,False,False,False
B5_LOCKED_TC,BENIGN_DIVERSE_MODERATE,14,r14-t003-886129cc,1789126843311860594,1789126843669752797,0.0,27,0,0.0,False,False,False,False
B5_LOCKED_TC,BENIGN_DIVERSE_MODERATE,14,r14-t004-377d18af,1789126843680824039,1789126844019966866,0.0,28,0,0.0,False,False,False,False
B5_LOCKED_TC,BENIGN_DIVERSE_MODERATE,14,r14-t005-237f3845,1789126844030706829,1789126844381562885,0.0,29,0,0.0,False,False,False,False
B5_LOCKED_TC,BENIGN_DIVERSE_MODERATE,14,r14-t006-15049a98,1789126844393974203,1789126844731531697,0.0,30,0,0.0,False,False,False,False
B5_LOCKED_TC,BENIGN_DIVERSE_MODERATE,14,r14-t007-ba5e73b3,1789126844741537946,1789126845094032258,0.0,30,0,0.0,False,False,False,False
B5_LOCKED_TC,BENIGN_DIVERSE_MODERATE,14,r14-t008-3e01dd15,1789126845104630939,1789126845430438551,0.0,30,0,0.0,False,False,False,False
B5_LOCKED_TC,BENIGN_DIVERSE_MODERATE,14,r14-t009-e760d512,1789126845441102123,1789126845786105959,0.0,30,0,0.0,False,False,False,False
B5_LOCKED_TC,BENIGN_DIVERSE_MODERATE,14,r14-t010-0aad57c8,1789126845799918503,1789126846130092396,0.0,30,0,0.0,False,False,False,False
B5_LOCKED_TC,BENIGN_DIVERSE_MODERATE,14,r14-t011-74e969f7,1789126846141120533,1789126846474013662,0.0,30,0,0.0,False,False,False,False
B5_LOCKED_TC,BENIGN_DIVERSE_MODERATE,14,r14-t012-eecb4713,1789126846483963997,1789126846830978602,0.0,30,0,0.0,False,False,False,False
B5_LOCKED_TC,BENIGN_DIVERSE_MODERATE,14,r14-t013-61f5322a,1789126846840841045,1789126847188801987,0.0,30,0,0.0,False,False,False,False
B5_LOCKED_TC,BENIGN_DIVERSE_MODERATE,14,r14-t014-0b4018df,1789126847199386175,1789126847552501996,0.0,30,0,0.0,False,False,False,False
B5_LOCKED_TC,BENIGN_DIVERSE_MODERATE,14,r14-t015-f5579075,1789126847562647378,1789126847883446910,0.0,30,0,0.0,False,False,False,False
B5_LOCKED_TC,BENIGN_DIVERSE_MODERATE,14,r14-t016-c9b033f2,1789126847893794724,1789126848225238940,0.0,30,0,0.0,False,False,False,False
B5_LOCKED_TC,BENIGN_DIVERSE_MODERATE,14,r14-t017-45611966,1789126848234877258,1789126848595514877,0.0,30,0,0.0,False,False,False,False
B5_LOCKED_TC,BENIGN_DIVERSE_MODERATE,14,r14-t018-6cc18019,1789126848605871293,1789126848938837821,0.0,30,0,0.0,False,False,False,False
B5_LOCKED_TC,BENIGN_DIVERSE_MODERATE,14,r14-t019-14a5a252,1789126848949242672,1789126849290044886,0.0,30,0,0.0,False,False,False,False
B5_LOCKED_TC,BENIGN_DIVERSE_MODERATE,14,r14-t020-262b8ed6,1789126849300721454,1789126849643046915,0.0,30,0,0.0,False,False,False,False
B5_LOCKED_TC,BENIGN_DIVERSE_MODERATE,14,r14-t021-e2ee9109,1789126849652964526,1789126849980112518,0.0,30,0,0.0,False,False,False,False
B5_LOCKED_TC,BENIGN_DIVERSE_MODERATE,14,r14-t022-fd0fd89b,1789126849990144184,1789126850324637155,0.0,30,0,0.0,False,False,False,False
B5_LOCKED_TC,BENIGN_DIVERSE_MODERATE,14,r14-t023-7a3b2f91,1789126850335697875,1789126850663112993,0.0,30,0,0.0,False,False,False,False
B5_LOCKED_TC,BENIGN_DIVERSE_MODERATE,14,r14-t024-e0eb91d3,1789126850673175875,1789126851011573817,0.0,30,0,0.0,False,False,False,False
B5_LOCKED_TC,BENIGN_DIVERSE_MODERATE,14,r14-t025-5662247e,1789126851021569459,1789126851373951756,0.0,30,0,0.0,False,False,False,False
B5_LOCKED_TC,BENIGN_DIVERSE_MODERATE,14,r14-t026-a97d2aa0,1789126851385829438,1789126851741615382,0.0,30,0,0.0,False,False,False,False
B5_LOCKED_TC,BENIGN_DIVERSE_MODERATE,14,r14-t027-cdf312b0,1789126851754565309,1789126852082850670,0.0,30,0,0.0,False,False,False,False
B5_LOCKED_TC,BENIGN_DIVERSE_MODERATE,14,r14-t028-2cd0fb9a,1789126852093320478,1789126852426644448,0.0,30,0,0.0,False,False,False,False
B5_LOCKED_TC,BENIGN_DIVERSE_MODERATE,14,r14-t029-aca18b81,1789126852437416783,1789126852786975125,0.0,30,0,0.0,False,False,False,False
B5_LOCKED_TC,BENIGN_DIVERSE_MODERATE,14,r14-t030-1eccca16,1789126852797844219,1789126853152509445,0.0,30,0,0.0,False,False,False,False
B5_LOCKED_TC,BENIGN_DIVERSE_MODERATE,14,r14-t031-4e553aa8,1789126853164549897,1789126853494579614,0.0,30,0,0.0,False,False,False,False
B5_LOCKED_TC,BENIGN_DIVERSE_MODERATE,14,r14-t032-67adf4ae,1789126853505724548,1789126853846534240,0.0,30,0,0.0,False,False,False,False
B5_LOCKED_TC,BENIGN_DIVERSE_MODERATE,14,r14-t033-8c265760,1789126853857719725,1789126854187643537,0.0,30,0,0.0,False,False,False,False
B5_LOCKED_TC,BENIGN_DIVERSE_MODERATE,14,r14-t034-ea110ba2,1789126854198255838,1789126854518679579,0.0,30,0,0.0,False,False,False,False
B5_LOCKED_TC,BENIGN_DIVERSE_MODERATE,14,r14-t035-829b6bce,1789126854529985775,1789126854858756995,0.0,30,0,0.0,False,False,False,False
B5_LOCKED_TC,BENIGN_DIVERSE_MODERATE,14,r14-t036-3dda3169,1789126854869130705,1789126855174301409,0.0,30,0,0.0,False,False,False,False
B5_LOCKED_TC,BENIGN_DIVERSE_MODERATE,14,r14-t037-e6a89c33,1789126855184373060,1789126855520187807,0.0,30,0,0.0,False,False,False,False
B5_LOCKED_TC,BENIGN_DIVERSE_MODERATE,14,r14-t038-51663aaf,1789126856355416644,1789126856676191765,0.0,23,0,0.0,False,False,False,False
B5_LOCKED_TC,BENIGN_DIVERSE_MODERATE,14,r14-t039-13a3352f,1789126857830367221,1789126858155482435,0.0,3,0,0.0,False,False,False,False
B5_LOCKED_TC,BENIGN_DIVERSE_MODERATE,14,r14-t040-7d719b59,1789126858165660935,1789126858498362493,0.0,6,0,0.0,False,False,False,False
B5_LOCKED_TC,BENIGN_DIVERSE_MODERATE,14,r14-t041-d2d26455,1789126858510635877,1789126858857785394,0.0,11,0,0.0,False,False,False,False
B5_LOCKED_TC,BENIGN_DIVERSE_MODERATE,14,r14-t042-61ff519a,1789126858868064987,1789126859208411737,0.0,14,0,0.0,False,False,False,False
B5_LOCKED_TC,BENIGN_DIVERSE_MODERATE,14,r14-t043-ce7ea43a,1789126859218395308,1789126859571704998,0.0,18,0,0.0,False,False,False,False
B5_LOCKED_TC,BENIGN_DIVERSE_MODERATE,14,r14-t044-8b82cc0b,1789126859583298163,1789126859907498843,0.0,24,0,0.0,False,False,False,False
B5_LOCKED_TC,BENIGN_DIVERSE_MODERATE,14,r14-t045-4dbc5f41,1789126859917781437,1789126860217362711,0.0,29,0,0.0,False,False,False,False
B5_LOCKED_TC,BENIGN_DIVERSE_MODERATE,14,r14-t046-685a47f6,1789126860229531769,1789126860567780080,0.0,30,0,0.0,False,False,False,False
B5_LOCKED_TC,BENIGN_DIVERSE_MODERATE,14,r14-t047-770ee276,1789126860579727306,1789126860907642114,0.0,30,0,0.0,False,False,False,False
B5_LOCKED_TC,BENIGN_DIVERSE_MODERATE,14,r14-t048-aea5aa5d,1789126860918049812,1789126861236838133,0.0,30,0,0.0,False,False,False,False
B5_LOCKED_TC,BENIGN_DIVERSE_MODERATE,14,r14-t049-ea91221f,1789126861246873064,1789126861576643036,0.0,30,0,0.0,False,False,False,False
B5_LOCKED_TC,ATTACK_DIVERSE_HIGH,14,r14-t000-c82e459b,1789126873730119655,1789126874058091367,0.0,400,0,0.0,False,False,False,False
B5_LOCKED_TC,ATTACK_DIVERSE_HIGH,14,r14-t001-49735766,1789126874068760173,1789126874273725016,0.0,401,0,0.0,False,False,False,False
B5_LOCKED_TC,ATTACK_DIVERSE_HIGH,14,r14-t002-a3f53d48,1789126874284775835,1789126874625917042,0.0,402,0,0.0,False,False,False,False
B5_LOCKED_TC,ATTACK_DIVERSE_HIGH,14,r14-t003-51694f7b,1789126874636794823,1789126874975040036,0.0,403,0,0.0,False,False,False,False
B5_LOCKED_TC,ATTACK_DIVERSE_HIGH,14,r14-t004-358bc779,1789126874986166659,1789126875345838856,0.0,404,0,0.0,False,False,False,False
B5_LOCKED_TC,ATTACK_DIVERSE_HIGH,14,r14-t005-61cffa50,1789126875357012178,1789126875686041403,0.0,404,0,0.0,False,False,False,False
B5_LOCKED_TC,ATTACK_DIVERSE_HIGH,14,r14-t006-772d2f34,1789126875696959239,1789126876004187631,0.0,406,0,0.0,False,False,False,False
B5_LOCKED_TC,ATTACK_DIVERSE_HIGH,14,r14-t007-1eced229,1789126876016926197,1789126876334002720,0.0,406,0,0.0,False,False,False,False
B5_LOCKED_TC,ATTACK_DIVERSE_HIGH,14,r14-t008-5b4653e3,1789126876344692510,1789126876668690783,0.0,406,0,0.0,False,False,False,False
B5_LOCKED_TC,ATTACK_DIVERSE_HIGH,14,r14-t009-5570f902,1789126876679912482,1789126877077212468,0.0,406,0,0.0,False,False,False,False
B5_LOCKED_TC,ATTACK_DIVERSE_HIGH,14,r14-t010-3670fb7c,1789126877091193309,1789126877467319681,0.0,406,0,0.0,False,False,False,False
B5_LOCKED_TC,ATTACK_DIVERSE_HIGH,14,r14-t011-b7dd72a2,1789126877480899854,1789126877780759873,0.0,401,0,0.0,False,False,False,False
B5_LOCKED_TC,ATTACK_DIVERSE_HIGH,14,r14-t012-8c8a0537,1789126877793625735,1789126878107537379,0.0,406,0,0.0,False,False,False,False
B5_LOCKED_TC,ATTACK_DIVERSE_HIGH,14,r14-t013-d7958f73,1789126878119932166,1789126878465564520,0.0,406,0,0.0,False,False,False,False
B5_LOCKED_TC,ATTACK_DIVERSE_HIGH,14,r14-t014-2cc15862,1789126878477505128,1789126878846939375,0.0,406,0,0.0,False,False,False,False
B5_LOCKED_TC,ATTACK_DIVERSE_HIGH,14,r14-t015-5ef1575a,1789126878865420686,1789126879204536465,0.0,406,0,0.0,False,False,False,False
B5_LOCKED_TC,ATTACK_DIVERSE_HIGH,14,r14-t016-a07af76e,1789126879219368678,1789126879553735775,0.0,406,0,0.0,False,False,False,False
B5_LOCKED_TC,ATTACK_DIVERSE_HIGH,14,r14-t017-c9e09e0d,1789126879564764649,1789126879894055715,0.0,406,0,0.0,False,False,False,False
B5_LOCKED_TC,ATTACK_DIVERSE_HIGH,14,r14-t018-d19a79b8,1789126879904244858,1789126880255193851,0.0,406,0,0.0,False,False,False,False
B5_LOCKED_TC,ATTACK_DIVERSE_HIGH,14,r14-t019-b8937767,1789126880270922309,1789126880602850666,0.0,406,0,0.0,False,False,False,False
B5_LOCKED_TC,ATTACK_DIVERSE_HIGH,14,r14-t020-cfb00d3e,1789126880619857544,1789126880967825279,0.0,406,0,0.0,False,False,False,False
B5_LOCKED_TC,ATTACK_DIVERSE_HIGH,14,r14-t021-6a4d3db6,1789126880979792831,1789126881271211512,0.0,406,0,0.0,False,False,False,False
B5_LOCKED_TC,ATTACK_DIVERSE_HIGH,14,r14-t022-813c157e,1789126881282790976,1789126881635817845,0.0,406,0,0.0,False,False,False,False
B5_LOCKED_TC,ATTACK_DIVERSE_HIGH,14,r14-t023-8ee69965,1789126881649147459,1789126881988081210,0.0,406,0,0.0,False,False,False,False
B5_LOCKED_TC,ATTACK_DIVERSE_HIGH,14,r14-t024-7ce12387,1789126882000460131,1789126882358974682,0.0,406,0,0.0,False,False,False,False
B5_LOCKED_TC,ATTACK_DIVERSE_HIGH,14,r14-t025-074d2cc0,1789126882369991446,1789126882699653797,0.0,406,0,0.0,False,False,False,False
B5_LOCKED_TC,ATTACK_DIVERSE_HIGH,14,r14-t026-ee9a7e70,1789126882711445892,1789126883026249650,0.0,406,0,0.0,False,False,False,False
B5_LOCKED_TC,ATTACK_DIVERSE_HIGH,14,r14-t027-e4346fc7,1789126883038615053,1789126883389339492,0.0,406,0,0.0,False,False,False,False
B5_LOCKED_TC,ATTACK_DIVERSE_HIGH,14,r14-t028-cf1b5c58,1789126883400841696,1789126883715881648,0.0,406,0,0.0,False,False,False,False
B5_LOCKED_TC,ATTACK_DIVERSE_HIGH,14,r14-t029-d7db4b92,1789126883727579774,1789126884083794421,0.0,406,0,0.0,False,False,False,False
B5_LOCKED_TC,ATTACK_DIVERSE_HIGH,14,r14-t030-15f0b961,1789126884094209983,1789126884449667481,0.0,406,0,0.0,False,False,False,False
B5_LOCKED_TC,ATTACK_DIVERSE_HIGH,14,r14-t031-ef8c6fdc,1789126884460451974,1789126884825591413,0.0,406,0,0.0,False,False,False,False
B5_LOCKED_TC,ATTACK_DIVERSE_HIGH,14,r14-t032-8c7cedb4,1789126884836233763,1789126885210156192,0.0,406,0,0.0,False,False,False,False
B5_LOCKED_TC,ATTACK_DIVERSE_HIGH,14,r14-t033-83398254,1789126885221964342,1789126885533951510,0.0,405,0,0.0,False,False,False,False
B5_LOCKED_TC,ATTACK_DIVERSE_HIGH,14,r14-t034-84754bad,1789126885546917824,1789126885870904960,0.0,406,0,0.0,False,False,False,False
B5_LOCKED_TC,ATTACK_DIVERSE_HIGH,14,r14-t035-e85beed9,1789126885882504890,1789126886223718294,0.0,406,0,0.0,False,False,False,False
B5_LOCKED_TC,ATTACK_DIVERSE_HIGH,14,r14-t036-363e940e,1789126886234806208,1789126886610310026,0.0,406,0,0.0,False,False,False,False
B5_LOCKED_TC,ATTACK_DIVERSE_HIGH,14,r14-t037-edcde4ce,1789126886624017689,1789126886914242074,0.0,406,0,0.0,False,False,False,False
B5_LOCKED_TC,ATTACK_DIVERSE_HIGH,14,r14-t038-78eea25a,1789126886926501914,1789126887278840370,0.0,406,0,0.0,False,False,False,False
B5_LOCKED_TC,ATTACK_DIVERSE_HIGH,14,r14-t039-8f903a8d,1789126887289969287,1789126887598910936,0.0,406,0,0.0,False,False,False,False
B5_LOCKED_TC,ATTACK_DIVERSE_HIGH,14,r14-t040-37c1e83e,1789126888425464505,1789126888791706024,0.0,280,0,0.0,False,False,False,False
B5_LOCKED_TC,ATTACK_DIVERSE_HIGH,14,r14-t041-d3393646,1789126889904890468,1789126890240990870,0.0,50,0,0.0,False,False,False,False
B5_LOCKED_TC,ATTACK_DIVERSE_HIGH,14,r14-t042-0d85f2d3,1789126890251952759,1789126890573588972,0.0,108,0,0.0,False,False,False,False
B5_LOCKED_TC,ATTACK_DIVERSE_HIGH,14,r14-t043-a4ebaf0b,1789126890584747487,1789126890890055250,0.0,176,0,0.0,False,False,False,False
B5_LOCKED_TC,ATTACK_DIVERSE_HIGH,14,r14-t044-07a7eca6,1789126890900841439,1789126891245331958,0.0,190,0,0.0,False,False,False,False
B5_LOCKED_TC,ATTACK_DIVERSE_HIGH,14,r14-t045-1025c8db,1789126891256806241,1789126891579911014,0.0,262,0,0.0,False,False,False,False
B5_LOCKED_TC,ATTACK_DIVERSE_HIGH,14,r14-t046-94d620e3,1789126891590846228,1789126891940760523,0.0,330,0,0.0,False,False,False,False
B5_LOCKED_TC,ATTACK_DIVERSE_HIGH,14,r14-t047-0995d791,1789126891952605339,1789126892296772831,0.0,403,0,0.0,False,False,False,False
B5_LOCKED_TC,ATTACK_DIVERSE_HIGH,14,r14-t048-20ed599c,1789126892308463722,1789126892667114254,0.0,406,0,0.0,False,False,False,False
B5_LOCKED_TC,ATTACK_DIVERSE_HIGH,14,r14-t049-2e0b4ea8,1789126892678530474,1789126892997550519,0.0,406,0,0.0,False,False,False,False
RFC_DROP_NATIVE,ATTACK_DIVERSE_HIGH,14,r14-t000-c82e459b,1789126908072274933,1789126910082067813,0.0,400,0,0.0,False,False,False,False
RFC_DROP_NATIVE,ATTACK_DIVERSE_HIGH,14,r14-t001-49735766,1789126908079613185,1789126910090394137,0.0,400,0,0.0,False,False,False,False
RFC_DROP_NATIVE,ATTACK_DIVERSE_HIGH,14,r14-t002-a3f53d48,1789126908088861969,1789126910098064969,0.0,400,0,0.0,False,False,False,False
RFC_DROP_NATIVE,ATTACK_DIVERSE_HIGH,14,r14-t003-51694f7b,1789126908098402088,1789126910108267602,0.0,400,0,0.0,False,False,False,False
RFC_DROP_NATIVE,ATTACK_DIVERSE_HIGH,14,r14-t004-358bc779,1789126908109120087,1789126910120303062,0.0,400,0,0.0,False,False,False,False
RFC_DROP_NATIVE,ATTACK_DIVERSE_HIGH,14,r14-t005-61cffa50,1789126908119405493,1789126910140321553,0.0,400,0,0.0,False,False,False,False
RFC_DROP_NATIVE,ATTACK_DIVERSE_HIGH,14,r14-t006-772d2f34,1789126908128665792,1789126910137965951,0.0,400,0,0.0,False,False,False,False
RFC_DROP_NATIVE,ATTACK_DIVERSE_HIGH,14,r14-t007-1eced229,1789126908138729239,1789126910147484728,0.0,400,0,0.0,False,False,False,False
RFC_DROP_NATIVE,ATTACK_DIVERSE_HIGH,14,r14-t008-5b4653e3,1789126908149001361,1789126910157903011,0.0,400,0,0.0,False,False,False,False
RFC_DROP_NATIVE,ATTACK_DIVERSE_HIGH,14,r14-t009-5570f902,1789126908159238668,1789126910180108796,0.0,400,0,0.0,False,False,False,False
RFC_DROP_NATIVE,ATTACK_DIVERSE_HIGH,14,r14-t010-3670fb7c,1789126908169054888,1789126910177916713,0.0,400,0,0.0,False,False,False,False
RFC_DROP_NATIVE,ATTACK_DIVERSE_HIGH,14,r14-t011-b7dd72a2,1789126908180055118,1789126910190102543,0.0,400,0,0.0,False,False,False,False
RFC_DROP_NATIVE,ATTACK_DIVERSE_HIGH,14,r14-t012-8c8a0537,1789126908189113792,1789126910197839872,0.0,400,0,0.0,False,False,False,False
RFC_DROP_NATIVE,ATTACK_DIVERSE_HIGH,14,r14-t013-d7958f73,1789126908199624971,1789126910209966719,0.0,400,0,0.0,False,False,False,False
RFC_DROP_NATIVE,ATTACK_DIVERSE_HIGH,14,r14-t014-2cc15862,1789126908208901429,1789126910217933598,0.0,400,0,0.0,False,False,False,False
RFC_DROP_NATIVE,ATTACK_DIVERSE_HIGH,14,r14-t015-5ef1575a,1789126908219158043,1789126910229897299,0.0,400,0,0.0,False,False,False,False
RFC_DROP_NATIVE,ATTACK_DIVERSE_HIGH,14,r14-t016-a07af76e,1789126908228837470,1789126910239722360,0.0,400,0,0.0,False,False,False,False
RFC_DROP_NATIVE,ATTACK_DIVERSE_HIGH,14,r14-t017-c9e09e0d,1789126908239112385,1789126910249125612,0.0,400,0,0.0,False,False,False,False
RFC_DROP_NATIVE,ATTACK_DIVERSE_HIGH,14,r14-t018-d19a79b8,1789126908249170259,1789126910260171962,0.0,401,0,0.0,False,False,False,False
RFC_DROP_NATIVE,ATTACK_DIVERSE_HIGH,14,r14-t019-b8937767,1789126908259074244,1789126910277563599,0.0,401,0,0.0,False,False,False,False
RFC_DROP_NATIVE,ATTACK_DIVERSE_HIGH,14,r14-t020-cfb00d3e,1789126908269055870,1789126910277771828,0.0,401,0,0.0,False,False,False,False
RFC_DROP_NATIVE,ATTACK_DIVERSE_HIGH,14,r14-t021-6a4d3db6,1789126908279380931,1789126910289938780,0.0,401,0,0.0,False,False,False,False
RFC_DROP_NATIVE,ATTACK_DIVERSE_HIGH,14,r14-t022-813c157e,1789126908289162420,1789126910298041284,0.0,401,0,0.0,False,False,False,False
RFC_DROP_NATIVE,ATTACK_DIVERSE_HIGH,14,r14-t023-8ee69965,1789126908298800147,1789126910308868887,0.0,401,0,0.0,False,False,False,False
RFC_DROP_NATIVE,ATTACK_DIVERSE_HIGH,14,r14-t024-7ce12387,1789126908309004848,1789126910321550164,0.0,401,0,0.0,False,False,False,False
RFC_DROP_NATIVE,ATTACK_DIVERSE_HIGH,14,r14-t025-074d2cc0,1789126908319590317,1789126910331156666,0.0,401,0,0.0,False,False,False,False
RFC_DROP_NATIVE,ATTACK_DIVERSE_HIGH,14,r14-t026-ee9a7e70,1789126908329611603,1789126910340924059,0.0,401,0,0.0,False,False,False,False
RFC_DROP_NATIVE,ATTACK_DIVERSE_HIGH,14,r14-t027-e4346fc7,1789126908338891776,1789126910349416909,0.0,401,0,0.0,False,False,False,False
RFC_DROP_NATIVE,ATTACK_DIVERSE_HIGH,14,r14-t028-cf1b5c58,1789126908348764620,1789126910376117967,0.0,401,0,0.0,False,False,False,False
RFC_DROP_NATIVE,ATTACK_DIVERSE_HIGH,14,r14-t029-d7db4b92,1789126908366089455,1789126910377220067,0.0,401,0,0.0,False,False,False,False
RFC_DROP_NATIVE,ATTACK_DIVERSE_HIGH,14,r14-t030-15f0b961,1789126908374173924,1789126910385783078,0.0,400,0,0.0,False,False,False,False
RFC_DROP_NATIVE,ATTACK_DIVERSE_HIGH,14,r14-t031-ef8c6fdc,1789126908379044796,1789126910389874106,0.0,401,0,0.0,False,False,False,False
RFC_DROP_NATIVE,ATTACK_DIVERSE_HIGH,14,r14-t032-8c7cedb4,1789126908389028739,1789126910398002815,0.0,401,0,0.0,False,False,False,False
RFC_DROP_NATIVE,ATTACK_DIVERSE_HIGH,14,r14-t033-83398254,1789126908399067947,1789126910420150084,0.0,401,0,0.0,False,False,False,False
RFC_DROP_NATIVE,ATTACK_DIVERSE_HIGH,14,r14-t034-84754bad,1789126908409150806,1789126910418555075,0.0,401,0,0.0,False,False,False,False
RFC_DROP_NATIVE,ATTACK_DIVERSE_HIGH,14,r14-t035-e85beed9,1789126908419113856,1789126910440365253,0.0,401,0,0.0,False,False,False,False
RFC_DROP_NATIVE,ATTACK_DIVERSE_HIGH,14,r14-t036-363e940e,1789126908429320598,1789126910440187643,0.0,401,0,0.0,False,False,False,False
RFC_DROP_NATIVE,ATTACK_DIVERSE_HIGH,14,r14-t037-edcde4ce,1789126908439225234,1789126910450185618,0.0,401,0,0.0,False,False,False,False
RFC_DROP_NATIVE,ATTACK_DIVERSE_HIGH,14,r14-t038-78eea25a,1789126908449129127,1789126910461897886,0.0,401,0,0.0,False,False,False,False
RFC_DROP_NATIVE,ATTACK_DIVERSE_HIGH,14,r14-t039-8f903a8d,1789126908459855301,1789126910480072096,0.0,401,0,0.0,False,False,False,False
RFC_DROP_NATIVE,ATTACK_DIVERSE_HIGH,14,r14-t040-37c1e83e,1789126908469630662,1789126910482105352,0.0,401,0,0.0,False,False,False,False
RFC_DROP_NATIVE,ATTACK_DIVERSE_HIGH,14,r14-t041-d3393646,1789126908479614606,1789126910492709135,0.0,401,0,0.0,False,False,False,False
RFC_DROP_NATIVE,ATTACK_DIVERSE_HIGH,14,r14-t042-0d85f2d3,1789126908489323383,1789126910502117364,0.0,401,0,0.0,False,False,False,False
RFC_DROP_NATIVE,ATTACK_DIVERSE_HIGH,14,r14-t043-a4ebaf0b,1789126908499250399,1789126910510288713,0.0,401,0,0.0,False,False,False,False
RFC_DROP_NATIVE,ATTACK_DIVERSE_HIGH,14,r14-t044-07a7eca6,1789126908509747362,1789126910521483556,0.0,401,0,0.0,False,False,False,False
RFC_DROP_NATIVE,ATTACK_DIVERSE_HIGH,14,r14-t045-1025c8db,1789126908519351563,1789126910531692672,0.0,401,0,0.0,False,False,False,False
RFC_DROP_NATIVE,ATTACK_DIVERSE_HIGH,14,r14-t046-94d620e3,1789126908529124694,1789126910541900942,0.0,401,0,0.0,False,False,False,False
RFC_DROP_NATIVE,ATTACK_DIVERSE_HIGH,14,r14-t047-0995d791,1789126908539009831,1789126910550380924,0.0,401,0,0.0,False,False,False,False
RFC_DROP_NATIVE,ATTACK_DIVERSE_HIGH,14,r14-t048-20ed599c,1789126908549166052,1789126910570585666,0.0,402,0,0.0,False,False,False,False
RFC_DROP_NATIVE,ATTACK_DIVERSE_HIGH,14,r14-t049-2e0b4ea8,1789126908559131427,1789126910570069463,0.0,402,0,0.0,False,False,False,False
RFC_DROP_NATIVE,BENIGN_DIVERSE_HIGH,14,r14-t000-c82e459b,1789126944121590689,1789126946134004596,0.0,400,0,0.0,False,False,False,False
RFC_DROP_NATIVE,BENIGN_DIVERSE_HIGH,14,r14-t001-49735766,1789126944130000610,1789126946140167872,0.0,400,0,0.0,False,False,False,False
RFC_DROP_NATIVE,BENIGN_DIVERSE_HIGH,14,r14-t002-a3f53d48,1789126944138747236,1789126946147922341,0.0,400,0,0.0,False,False,False,False
RFC_DROP_NATIVE,BENIGN_DIVERSE_HIGH,14,r14-t003-51694f7b,1789126944149005979,1789126946157778937,0.0,400,0,0.0,False,False,False,False
RFC_DROP_NATIVE,BENIGN_DIVERSE_HIGH,14,r14-t004-358bc779,1789126944158887587,1789126946167830637,0.0,400,0,0.0,False,False,False,False
RFC_DROP_NATIVE,BENIGN_DIVERSE_HIGH,14,r14-t005-61cffa50,1789126944168864066,1789126946179413635,0.0,400,0,0.0,False,False,False,False
RFC_DROP_NATIVE,BENIGN_DIVERSE_HIGH,14,r14-t006-772d2f34,1789126944179013176,1789126946188225985,0.0,400,0,0.0,False,False,False,False
RFC_DROP_NATIVE,BENIGN_DIVERSE_HIGH,14,r14-t007-1eced229,1789126944188867140,1789126946199284133,0.0,400,0,0.0,False,False,False,False
RFC_DROP_NATIVE,BENIGN_DIVERSE_HIGH,14,r14-t008-5b4653e3,1789126944198875493,1789126946208198688,0.0,400,0,0.0,False,False,False,False
RFC_DROP_NATIVE,BENIGN_DIVERSE_HIGH,14,r14-t009-5570f902,1789126944209030903,1789126946219766455,0.0,400,0,0.0,False,False,False,False
RFC_DROP_NATIVE,BENIGN_DIVERSE_HIGH,14,r14-t010-3670fb7c,1789126944218797329,1789126946227883486,0.0,400,0,0.0,False,False,False,False
RFC_DROP_NATIVE,BENIGN_DIVERSE_HIGH,14,r14-t011-b7dd72a2,1789126944228822607,1789126946238751515,0.0,400,0,0.0,False,False,False,False
RFC_DROP_NATIVE,BENIGN_DIVERSE_HIGH,14,r14-t012-8c8a0537,1789126944239190891,1789126946248574262,0.0,400,0,0.0,False,False,False,False
RFC_DROP_NATIVE,BENIGN_DIVERSE_HIGH,14,r14-t013-d7958f73,1789126944249057924,1789126946259202808,0.0,400,0,0.0,False,False,False,False
RFC_DROP_NATIVE,BENIGN_DIVERSE_HIGH,14,r14-t014-2cc15862,1789126944259314224,1789126946268315852,0.0,400,0,0.0,False,False,False,False
RFC_DROP_NATIVE,BENIGN_DIVERSE_HIGH,14,r14-t015-5ef1575a,1789126944269662479,1789126946280044025,0.0,400,0,0.0,False,False,False,False
RFC_DROP_NATIVE,BENIGN_DIVERSE_HIGH,14,r14-t016-a07af76e,1789126944278865222,1789126946298314679,0.0,400,0,0.0,False,False,False,False
RFC_DROP_NATIVE,BENIGN_DIVERSE_HIGH,14,r14-t017-c9e09e0d,1789126944288891253,1789126946298931486,0.0,400,0,0.0,False,False,False,False
RFC_DROP_NATIVE,BENIGN_DIVERSE_HIGH,14,r14-t018-d19a79b8,1789126944299032747,1789126946318011794,0.0,400,0,0.0,False,False,False,False
RFC_DROP_NATIVE,BENIGN_DIVERSE_HIGH,14,r14-t019-b8937767,1789126944309775721,1789126946319842846,0.0,400,0,0.0,False,False,False,False
RFC_DROP_NATIVE,BENIGN_DIVERSE_HIGH,14,r14-t020-cfb00d3e,1789126944319658646,1789126946328110225,0.0,400,0,0.0,False,False,False,False
RFC_DROP_NATIVE,BENIGN_DIVERSE_HIGH,14,r14-t021-6a4d3db6,1789126944329241534,1789126946339502257,0.0,400,0,0.0,False,False,False,False
RFC_DROP_NATIVE,BENIGN_DIVERSE_HIGH,14,r14-t022-813c157e,1789126944339282608,1789126946347906724,0.0,400,0,0.0,False,False,False,False
RFC_DROP_NATIVE,BENIGN_DIVERSE_HIGH,14,r14-t023-8ee69965,1789126944349379440,1789126946359587885,0.0,400,0,0.0,False,False,False,False
RFC_DROP_NATIVE,BENIGN_DIVERSE_HIGH,14,r14-t024-7ce12387,1789126944359892052,1789126946370618577,0.0,400,0,0.0,False,False,False,False
RFC_DROP_NATIVE,BENIGN_DIVERSE_HIGH,14,r14-t025-074d2cc0,1789126944369176880,1789126946389783790,0.0,400,0,0.0,False,False,False,False
RFC_DROP_NATIVE,BENIGN_DIVERSE_HIGH,14,r14-t026-ee9a7e70,1789126944379728043,1789126946390660014,0.0,400,0,0.0,False,False,False,False
RFC_DROP_NATIVE,BENIGN_DIVERSE_HIGH,14,r14-t027-e4346fc7,1789126944389489768,1789126946400151885,0.0,400,0,0.0,False,False,False,False
RFC_DROP_NATIVE,BENIGN_DIVERSE_HIGH,14,r14-t028-cf1b5c58,1789126944399611140,1789126946438961935,0.0,400,0,0.0,False,False,False,False
RFC_DROP_NATIVE,BENIGN_DIVERSE_HIGH,14,r14-t029-d7db4b92,1789126944429252672,1789126946442147801,0.0,400,0,0.0,False,False,False,False
RFC_DROP_NATIVE,BENIGN_DIVERSE_HIGH,14,r14-t030-15f0b961,1789126944431129232,1789126946444134370,0.0,400,0,0.0,False,False,False,False
RFC_DROP_NATIVE,BENIGN_DIVERSE_HIGH,14,r14-t031-ef8c6fdc,1789126944433388194,1789126946454042494,0.0,400,0,0.0,False,False,False,False
RFC_DROP_NATIVE,BENIGN_DIVERSE_HIGH,14,r14-t032-8c7cedb4,1789126944440699521,1789126946453406786,0.0,400,0,0.0,False,False,False,False
RFC_DROP_NATIVE,BENIGN_DIVERSE_HIGH,14,r14-t033-83398254,1789126944450598711,1789126946464075105,0.0,400,0,0.0,False,False,False,False
RFC_DROP_NATIVE,BENIGN_DIVERSE_HIGH,14,r14-t034-84754bad,1789126944460211029,1789126946482201242,0.0,400,0,0.0,False,False,False,False
RFC_DROP_NATIVE,BENIGN_DIVERSE_HIGH,14,r14-t035-e85beed9,1789126944469317490,1789126946482046476,0.0,400,0,0.0,False,False,False,False
RFC_DROP_NATIVE,BENIGN_DIVERSE_HIGH,14,r14-t036-363e940e,1789126944481060427,1789126946494702024,0.0,400,0,0.0,False,False,False,False
RFC_DROP_NATIVE,BENIGN_DIVERSE_HIGH,14,r14-t037-edcde4ce,1789126944489285964,1789126946500099086,0.0,400,0,0.0,False,False,False,False
RFC_DROP_NATIVE,BENIGN_DIVERSE_HIGH,14,r14-t038-78eea25a,1789126944500723880,1789126946512064485,0.0,401,0,0.0,False,False,False,False
RFC_DROP_NATIVE,BENIGN_DIVERSE_HIGH,14,r14-t039-8f903a8d,1789126944509489217,1789126946520244608,0.0,401,0,0.0,False,False,False,False
RFC_DROP_NATIVE,BENIGN_DIVERSE_HIGH,14,r14-t040-37c1e83e,1789126944519285449,1789126946531668515,0.0,401,0,0.0,False,False,False,False
RFC_DROP_NATIVE,BENIGN_DIVERSE_HIGH,14,r14-t041-d3393646,1789126944530189019,1789126946540299302,0.0,401,0,0.0,False,False,False,False
RFC_DROP_NATIVE,BENIGN_DIVERSE_HIGH,14,r14-t042-0d85f2d3,1789126944539059383,1789126946551187828,0.0,401,0,0.0,False,False,False,False
RFC_DROP_NATIVE,BENIGN_DIVERSE_HIGH,14,r14-t043-a4ebaf0b,1789126944548914945,1789126946570434278,0.0,401,0,0.0,False,False,False,False
RFC_DROP_NATIVE,BENIGN_DIVERSE_HIGH,14,r14-t044-07a7eca6,1789126944559068192,1789126946569025683,0.0,401,0,0.0,False,False,False,False
RFC_DROP_NATIVE,BENIGN_DIVERSE_HIGH,14,r14-t045-1025c8db,1789126944569258015,1789126946580514750,0.0,401,0,0.0,False,False,False,False
RFC_DROP_NATIVE,BENIGN_DIVERSE_HIGH,14,r14-t046-94d620e3,1789126944579031775,1789126946591476898,0.0,401,0,0.0,False,False,False,False
RFC_DROP_NATIVE,BENIGN_DIVERSE_HIGH,14,r14-t047-0995d791,1789126944589283843,1789126946599869424,0.0,401,0,0.0,False,False,False,False
RFC_DROP_NATIVE,BENIGN_DIVERSE_HIGH,14,r14-t048-20ed599c,1789126944598986427,1789126946610632521,0.0,401,0,0.0,False,False,False,False
RFC_DROP_NATIVE,BENIGN_DIVERSE_HIGH,14,r14-t049-2e0b4ea8,1789126944608685154,1789126946630477725,0.0,401,0,0.0,False,False,False,False
B1_RL2_TC,BENIGN_DIVERSE_HIGH,15,r15-t000-da1d8728,1789126986217512999,1789126987452542039,0.0,148,0,0.0,False,False,False,False
B1_RL2_TC,BENIGN_DIVERSE_HIGH,15,r15-t001-3c9b5be3,1789126987464299190,1789126987852119440,0.0,352,0,0.0,False,False,False,False
B1_RL2_TC,BENIGN_DIVERSE_HIGH,15,r15-t002-3756e6ca,1789126987865541615,1789126988257155730,0.0,404,0,0.0,False,False,False,False
B1_RL2_TC,BENIGN_DIVERSE_HIGH,15,r15-t003-1bf19d32,1789126988268026022,1789126988662433556,0.0,405,0,0.0,False,False,False,False
B1_RL2_TC,BENIGN_DIVERSE_HIGH,15,r15-t004-fcbe8af5,1789126988673316953,1789126989110893696,0.0,405,0,0.0,False,False,False,False
B1_RL2_TC,BENIGN_DIVERSE_HIGH,15,r15-t005-06664fb0,1789126989122198793,1789126989510795017,0.0,405,0,0.0,False,False,False,False
B1_RL2_TC,BENIGN_DIVERSE_HIGH,15,r15-t006-ab47443b,1789126989522391429,1789126989913139237,0.0,405,0,0.0,False,False,False,False
B1_RL2_TC,BENIGN_DIVERSE_HIGH,15,r15-t007-305317f0,1789126989925072215,1789126990344268583,0.0,405,0,0.0,False,False,False,False
B1_RL2_TC,BENIGN_DIVERSE_HIGH,15,r15-t008-cde2d100,1789126990356161025,1789126990746009243,0.0,405,0,0.0,False,False,False,False
B1_RL2_TC,BENIGN_DIVERSE_HIGH,15,r15-t009-801dac31,1789126990757848983,1789126991159576161,0.0,405,0,0.0,False,False,False,False
B1_RL2_TC,BENIGN_DIVERSE_HIGH,15,r15-t010-52f6e07a,1789126991172942995,1789126991573936889,0.0,405,0,0.0,False,False,False,False
B1_RL2_TC,BENIGN_DIVERSE_HIGH,15,r15-t011-ef69bcdd,1789126991585547629,1789126991970080810,0.0,405,0,0.0,False,False,False,False
B1_RL2_TC,BENIGN_DIVERSE_HIGH,15,r15-t012-9cd0efd1,1789126991982441052,1789126992390608649,0.0,405,0,0.0,False,False,False,False
B1_RL2_TC,BENIGN_DIVERSE_HIGH,15,r15-t013-ebb89d5e,1789126992401336961,1789126992797619565,0.0,405,0,0.0,False,False,False,False
B1_RL2_TC,BENIGN_DIVERSE_HIGH,15,r15-t014-3e82d532,1789126992808530301,1789126993236336207,0.0,405,0,0.0,False,False,False,False
B1_RL2_TC,BENIGN_DIVERSE_HIGH,15,r15-t015-a9c8bcb4,1789126993247033973,1789126993613770541,0.0,405,0,0.0,False,False,False,False
B1_RL2_TC,BENIGN_DIVERSE_HIGH,15,r15-t016-d2d31bc5,1789126993624861629,1789126994018566991,0.0,404,0,0.0,False,False,False,False
B1_RL2_TC,BENIGN_DIVERSE_HIGH,15,r15-t017-d526f79d,1789126994033101347,1789126994450914016,0.0,405,0,0.0,False,False,False,False
B1_RL2_TC,BENIGN_DIVERSE_HIGH,15,r15-t018-90aab9c9,1789126994463189032,1789126994867708874,0.0,405,0,0.0,False,False,False,False
B1_RL2_TC,BENIGN_DIVERSE_HIGH,15,r15-t019-d34cb284,1789126994879073459,1789126995300723850,0.0,405,0,0.0,False,False,False,False
B1_RL2_TC,BENIGN_DIVERSE_HIGH,15,r15-t020-bedc421b,1789126995312646553,1789126995720882153,0.0,405,0,0.0,False,False,False,False
B1_RL2_TC,BENIGN_DIVERSE_HIGH,15,r15-t021-10a6f653,1789126995731858424,1789126996119474256,0.0,405,0,0.0,False,False,False,False
B1_RL2_TC,BENIGN_DIVERSE_HIGH,15,r15-t022-6d498458,1789126996131817068,1789126996544461355,0.0,405,0,0.0,False,False,False,False
B1_RL2_TC,BENIGN_DIVERSE_HIGH,15,r15-t023-8ab39f8a,1789126996555998308,1789126996967060365,0.0,405,0,0.0,False,False,False,False
B1_RL2_TC,BENIGN_DIVERSE_HIGH,15,r15-t024-f25aa61b,1789126996978039922,1789126997351085706,0.0,405,0,0.0,False,False,False,False
B1_RL2_TC,BENIGN_DIVERSE_HIGH,15,r15-t025-88a8232e,1789126997362119726,1789126997780637988,0.0,405,0,0.0,False,False,False,False
B1_RL2_TC,BENIGN_DIVERSE_HIGH,15,r15-t026-81269a0f,1789126997793820463,1789126998189728689,0.0,405,0,0.0,False,False,False,False
B1_RL2_TC,BENIGN_DIVERSE_HIGH,15,r15-t027-927b2891,1789126998202865433,1789126998588235718,0.0,405,0,0.0,False,False,False,False
B1_RL2_TC,BENIGN_DIVERSE_HIGH,15,r15-t028-cd7732f8,1789126998600573271,1789126998997546522,0.0,405,0,0.0,False,False,False,False
B1_RL2_TC,BENIGN_DIVERSE_HIGH,15,r15-t029-089d1759,1789126999008372645,1789126999398043312,0.0,405,0,0.0,False,False,False,False
B1_RL2_TC,BENIGN_DIVERSE_HIGH,15,r15-t030-e819721a,1789126999409994369,1789126999812067756,0.0,405,0,0.0,False,False,False,False
B1_RL2_TC,BENIGN_DIVERSE_HIGH,15,r15-t031-28ff6eae,1789126999823078958,1789127000223964592,0.0,405,0,0.0,False,False,False,False
B1_RL2_TC,BENIGN_DIVERSE_HIGH,15,r15-t032-af1d1876,1789127000235144533,1789127000633151258,0.0,405,0,0.0,False,False,False,False
B1_RL2_TC,BENIGN_DIVERSE_HIGH,15,r15-t033-df377847,1789127000644221054,1789127001052451434,0.0,405,0,0.0,False,False,False,False
B1_RL2_TC,BENIGN_DIVERSE_HIGH,15,r15-t034-658c6aef,1789127001064051864,1789127001472433424,0.0,405,0,0.0,False,False,False,False
B1_RL2_TC,BENIGN_DIVERSE_HIGH,15,r15-t035-e50f3a9f,1789127001485066202,1789127001856173683,0.0,404,0,0.0,False,False,False,False
B1_RL2_TC,BENIGN_DIVERSE_HIGH,15,r15-t036-498d1f4a,1789127001867712984,1789127002259972783,0.0,405,0,0.0,False,False,False,False
B1_RL2_TC,BENIGN_DIVERSE_HIGH,15,r15-t037-df84b7bd,1789127002271687866,1789127002674300996,0.0,405,0,0.0,False,False,False,False
B1_RL2_TC,BENIGN_DIVERSE_HIGH,15,r15-t038-335034ff,1789127002685403939,1789127003102690127,0.0,405,0,0.0,False,False,False,False
B1_RL2_TC,BENIGN_DIVERSE_HIGH,15,r15-t039-aa471af5,1789127003113906033,1789127003508903984,0.0,405,0,0.0,False,False,False,False
B1_RL2_TC,BENIGN_DIVERSE_HIGH,15,r15-t040-35a9e546,1789127003521759880,1789127003933823329,0.0,405,0,0.0,False,False,False,False
B1_RL2_TC,BENIGN_DIVERSE_HIGH,15,r15-t041-19218e91,1789127003945708611,1789127004347651938,0.0,405,0,0.0,False,False,False,False
B1_RL2_TC,BENIGN_DIVERSE_HIGH,15,r15-t042-714db9f8,1789127004358555969,1789127004773591257,0.0,405,0,0.0,False,False,False,False
B1_RL2_TC,BENIGN_DIVERSE_HIGH,15,r15-t043-a9ef0a9e,1789127004786705083,1789127005195631016,0.0,405,0,0.0,False,False,False,False
B1_RL2_TC,BENIGN_DIVERSE_HIGH,15,r15-t044-b488091f,1789127005206467286,1789127005591527093,0.0,405,0,0.0,False,False,False,False
B1_RL2_TC,BENIGN_DIVERSE_HIGH,15,r15-t045-a0a186b5,1789127005606154452,1789127006017566687,0.0,405,0,0.0,False,False,False,False
B1_RL2_TC,BENIGN_DIVERSE_HIGH,15,r15-t046-48269aef,1789127006029116937,1789127006418364215,0.0,405,0,0.0,False,False,False,False
B1_RL2_TC,BENIGN_DIVERSE_HIGH,15,r15-t047-48a4178a,1789127006429361263,1789127006815900486,0.0,405,0,0.0,False,False,False,False
B1_RL2_TC,BENIGN_DIVERSE_HIGH,15,r15-t048-f7dba461,1789127006827892545,1789127007193375573,0.0,405,0,0.0,False,False,False,False
B1_RL2_TC,BENIGN_DIVERSE_HIGH,15,r15-t049-34c1e57c,1789127007204762784,1789127007602324218,0.0,405,0,0.0,False,False,False,False
B5_LOCKED_TC,BENIGN_DIVERSE_HIGH,15,r15-t000-da1d8728,1789127022711679665,1789127023508375092,0.0,400,0,0.0,False,False,False,False
B5_LOCKED_TC,BENIGN_DIVERSE_HIGH,15,r15-t001-3c9b5be3,1789127023518826376,1789127023920956521,0.0,402,0,0.0,False,False,False,False
B5_LOCKED_TC,BENIGN_DIVERSE_HIGH,15,r15-t002-3756e6ca,1789127023932151465,1789127024351072289,0.0,403,0,0.0,False,False,False,False
B5_LOCKED_TC,BENIGN_DIVERSE_HIGH,15,r15-t003-1bf19d32,1789127024362310737,1789127024756325343,0.0,404,0,0.0,False,False,False,False
B5_LOCKED_TC,BENIGN_DIVERSE_HIGH,15,r15-t004-fcbe8af5,1789127024767109795,1789127025146377921,0.0,405,0,0.0,False,False,False,False
B5_LOCKED_TC,BENIGN_DIVERSE_HIGH,15,r15-t005-06664fb0,1789127025156963468,1789127025532098753,0.0,405,0,0.0,False,False,False,False
B5_LOCKED_TC,BENIGN_DIVERSE_HIGH,15,r15-t006-ab47443b,1789127025543781894,1789127025976082703,0.0,405,0,0.0,False,False,False,False
B5_LOCKED_TC,BENIGN_DIVERSE_HIGH,15,r15-t007-305317f0,1789127025988594441,1789127026396679702,0.0,405,0,0.0,False,False,False,False
B5_LOCKED_TC,BENIGN_DIVERSE_HIGH,15,r15-t008-cde2d100,1789127026408043110,1789127026795380643,0.0,405,0,0.0,False,False,False,False
B5_LOCKED_TC,BENIGN_DIVERSE_HIGH,15,r15-t009-801dac31,1789127026805875146,1789127027199770053,0.0,405,0,0.0,False,False,False,False
B5_LOCKED_TC,BENIGN_DIVERSE_HIGH,15,r15-t010-52f6e07a,1789127027210787138,1789127027603354165,0.0,405,0,0.0,False,False,False,False
B5_LOCKED_TC,BENIGN_DIVERSE_HIGH,15,r15-t011-ef69bcdd,1789127027615128443,1789127027998989794,0.0,405,0,0.0,False,False,False,False
B5_LOCKED_TC,BENIGN_DIVERSE_HIGH,15,r15-t012-9cd0efd1,1789127028009634627,1789127028412459670,0.0,405,0,0.0,False,False,False,False
B5_LOCKED_TC,BENIGN_DIVERSE_HIGH,15,r15-t013-ebb89d5e,1789127028424667179,1789127028851588728,0.0,405,0,0.0,False,False,False,False
B5_LOCKED_TC,BENIGN_DIVERSE_HIGH,15,r15-t014-3e82d532,1789127028867948714,1789127029238927482,0.0,405,0,0.0,False,False,False,False
B5_LOCKED_TC,BENIGN_DIVERSE_HIGH,15,r15-t015-a9c8bcb4,1789127029249864977,1789127029624541221,0.0,405,0,0.0,False,False,False,False
B5_LOCKED_TC,BENIGN_DIVERSE_HIGH,15,r15-t016-d2d31bc5,1789127029635167273,1789127030031923145,0.0,405,0,0.0,False,False,False,False
B5_LOCKED_TC,BENIGN_DIVERSE_HIGH,15,r15-t017-d526f79d,1789127030042564351,1789127030450437921,0.0,405,0,0.0,False,False,False,False
B5_LOCKED_TC,BENIGN_DIVERSE_HIGH,15,r15-t018-90aab9c9,1789127030461410555,1789127030881505693,0.0,405,0,0.0,False,False,False,False
B5_LOCKED_TC,BENIGN_DIVERSE_HIGH,15,r15-t019-d34cb284,1789127030892142833,1789127031292906158,0.0,405,0,0.0,False,False,False,False
B5_LOCKED_TC,BENIGN_DIVERSE_HIGH,15,r15-t020-bedc421b,1789127031305090675,1789127031714432529,0.0,405,0,0.0,False,False,False,False
B5_LOCKED_TC,BENIGN_DIVERSE_HIGH,15,r15-t021-10a6f653,1789127031726245517,1789127032142820782,0.0,405,0,0.0,False,False,False,False
B5_LOCKED_TC,BENIGN_DIVERSE_HIGH,15,r15-t022-6d498458,1789127032154167994,1789127032526287620,0.0,405,0,0.0,False,False,False,False
B5_LOCKED_TC,BENIGN_DIVERSE_HIGH,15,r15-t023-8ab39f8a,1789127032537833394,1789127032940734976,0.0,405,0,0.0,False,False,False,False
B5_LOCKED_TC,BENIGN_DIVERSE_HIGH,15,r15-t024-f25aa61b,1789127032952173200,1789127033366284970,0.0,405,0,0.0,False,False,False,False
B5_LOCKED_TC,BENIGN_DIVERSE_HIGH,15,r15-t025-88a8232e,1789127033377141462,1789127033750475004,0.0,405,0,0.0,False,False,False,False
B5_LOCKED_TC,BENIGN_DIVERSE_HIGH,15,r15-t026-81269a0f,1789127033762125833,1789127034143114393,0.0,405,0,0.0,False,False,False,False
B5_LOCKED_TC,BENIGN_DIVERSE_HIGH,15,r15-t027-927b2891,1789127034154528132,1789127034554748532,0.0,405,0,0.0,False,False,False,False
B5_LOCKED_TC,BENIGN_DIVERSE_HIGH,15,r15-t028-cd7732f8,1789127034566229167,1789127034953056031,0.0,405,0,0.0,False,False,False,False
B5_LOCKED_TC,BENIGN_DIVERSE_HIGH,15,r15-t029-089d1759,1789127034964109790,1789127035371639365,0.0,405,0,0.0,False,False,False,False
B5_LOCKED_TC,BENIGN_DIVERSE_HIGH,15,r15-t030-e819721a,1789127035382483936,1789127035783032807,0.0,405,0,0.0,False,False,False,False
B5_LOCKED_TC,BENIGN_DIVERSE_HIGH,15,r15-t031-28ff6eae,1789127035794272748,1789127036196706523,0.0,405,0,0.0,False,False,False,False
B5_LOCKED_TC,BENIGN_DIVERSE_HIGH,15,r15-t032-af1d1876,1789127036207791697,1789127036611668717,0.0,405,0,0.0,False,False,False,False
B5_LOCKED_TC,BENIGN_DIVERSE_HIGH,15,r15-t033-df377847,1789127036625128138,1789127037022629638,0.0,405,0,0.0,False,False,False,False
B5_LOCKED_TC,BENIGN_DIVERSE_HIGH,15,r15-t034-658c6aef,1789127037033845377,1789127037448356819,0.0,405,0,0.0,False,False,False,False
B5_LOCKED_TC,BENIGN_DIVERSE_HIGH,15,r15-t035-e50f3a9f,1789127037459838327,1789127037882423654,0.0,405,0,0.0,False,False,False,False
B5_LOCKED_TC,BENIGN_DIVERSE_HIGH,15,r15-t036-498d1f4a,1789127037893607027,1789127038287824066,0.0,405,0,0.0,False,False,False,False
B5_LOCKED_TC,BENIGN_DIVERSE_HIGH,15,r15-t037-df84b7bd,1789127038299257722,1789127038681396037,0.0,405,0,0.0,False,False,False,False
B5_LOCKED_TC,BENIGN_DIVERSE_HIGH,15,r15-t038-335034ff,1789127038692469199,1789127039090250501,0.0,405,0,0.0,False,False,False,False
B5_LOCKED_TC,BENIGN_DIVERSE_HIGH,15,r15-t039-aa471af5,1789127039102248404,1789127039538925277,0.0,405,0,0.0,False,False,False,False
B5_LOCKED_TC,BENIGN_DIVERSE_HIGH,15,r15-t040-35a9e546,1789127039550433256,1789127039950750556,0.0,405,0,0.0,False,False,False,False
B5_LOCKED_TC,BENIGN_DIVERSE_HIGH,15,r15-t041-19218e91,1789127039962459835,1789127040361739922,0.0,405,0,0.0,False,False,False,False
B5_LOCKED_TC,BENIGN_DIVERSE_HIGH,15,r15-t042-714db9f8,1789127040372795374,1789127040765957114,0.0,405,0,0.0,False,False,False,False
B5_LOCKED_TC,BENIGN_DIVERSE_HIGH,15,r15-t043-a9ef0a9e,1789127040776595739,1789127041155690706,0.0,405,0,0.0,False,False,False,False
B5_LOCKED_TC,BENIGN_DIVERSE_HIGH,15,r15-t044-b488091f,1789127041166708196,1789127041556568861,0.0,405,0,0.0,False,False,False,False
B5_LOCKED_TC,BENIGN_DIVERSE_HIGH,15,r15-t045-a0a186b5,1789127041568162560,1789127041987679199,0.0,405,0,0.0,False,False,False,False
B5_LOCKED_TC,BENIGN_DIVERSE_HIGH,15,r15-t046-48269aef,1789127041999470619,1789127042425755099,0.0,405,0,0.0,False,False,False,False
B5_LOCKED_TC,BENIGN_DIVERSE_HIGH,15,r15-t047-48a4178a,1789127042436845782,1789127042827705041,0.0,405,0,0.0,False,False,False,False
B5_LOCKED_TC,BENIGN_DIVERSE_HIGH,15,r15-t048-f7dba461,1789127042838686453,1789127043274927472,0.0,404,0,0.0,False,False,False,False
B5_LOCKED_TC,BENIGN_DIVERSE_HIGH,15,r15-t049-34c1e57c,1789127043286947228,1789127043687718845,0.0,405,0,0.0,False,False,False,False
B1_RL2_TC,ATTACK_DIVERSE_HIGH,15,r15-t000-da1d8728,1789127059306308886,1789127059554166369,0.0,400,0,0.0,False,False,False,False
B1_RL2_TC,ATTACK_DIVERSE_HIGH,15,r15-t001-3c9b5be3,1789127059565482398,1789127059836329342,0.0,401,0,0.0,False,False,False,False
B1_RL2_TC,ATTACK_DIVERSE_HIGH,15,r15-t002-3756e6ca,1789127059847496744,1789127060162387535,0.0,402,0,0.0,False,False,False,False
B1_RL2_TC,ATTACK_DIVERSE_HIGH,15,r15-t003-1bf19d32,1789127060174799757,1789127060491464909,0.0,403,0,0.0,False,False,False,False
B1_RL2_TC,ATTACK_DIVERSE_HIGH,15,r15-t004-fcbe8af5,1789127060502504646,1789127060851329737,0.0,404,0,0.0,False,False,False,False
B1_RL2_TC,ATTACK_DIVERSE_HIGH,15,r15-t005-06664fb0,1789127060863044812,1789127061180786139,0.0,405,0,0.0,False,False,False,False
B1_RL2_TC,ATTACK_DIVERSE_HIGH,15,r15-t006-ab47443b,1789127061193545566,1789127061564679117,0.0,406,0,0.0,False,False,False,False
B1_RL2_TC,ATTACK_DIVERSE_HIGH,15,r15-t007-305317f0,1789127061576061999,1789127061884065819,0.0,406,0,0.0,False,False,False,False
B1_RL2_TC,ATTACK_DIVERSE_HIGH,15,r15-t008-cde2d100,1789127061895708185,1789127062265367271,0.0,406,0,0.0,False,False,False,False
B1_RL2_TC,ATTACK_DIVERSE_HIGH,15,r15-t009-801dac31,1789127062277966362,1789127062575783018,0.0,406,0,0.0,False,False,False,False
B1_RL2_TC,ATTACK_DIVERSE_HIGH,15,r15-t010-52f6e07a,1789127062587150226,1789127062881055279,0.0,406,0,0.0,False,False,False,False
B1_RL2_TC,ATTACK_DIVERSE_HIGH,15,r15-t011-ef69bcdd,1789127062892356766,1789127063203450964,0.0,406,0,0.0,False,False,False,False
B1_RL2_TC,ATTACK_DIVERSE_HIGH,15,r15-t012-9cd0efd1,1789127063215494828,1789127063575265055,0.0,406,0,0.0,False,False,False,False
B1_RL2_TC,ATTACK_DIVERSE_HIGH,15,r15-t013-ebb89d5e,1789127063587344759,1789127063925529161,0.0,406,0,0.0,False,False,False,False
B1_RL2_TC,ATTACK_DIVERSE_HIGH,15,r15-t014-3e82d532,1789127063936108566,1789127064284719928,0.0,406,0,0.0,False,False,False,False
B1_RL2_TC,ATTACK_DIVERSE_HIGH,15,r15-t015-a9c8bcb4,1789127064295375978,1789127064645273205,0.0,406,0,0.0,False,False,False,False
B1_RL2_TC,ATTACK_DIVERSE_HIGH,15,r15-t016-d2d31bc5,1789127064657342014,1789127064970915967,0.0,406,0,0.0,False,False,False,False
B1_RL2_TC,ATTACK_DIVERSE_HIGH,15,r15-t017-d526f79d,1789127064981884137,1789127065311478419,0.0,406,0,0.0,False,False,False,False
B1_RL2_TC,ATTACK_DIVERSE_HIGH,15,r15-t018-90aab9c9,1789127065325028744,1789127065655244543,0.0,406,0,0.0,False,False,False,False
B1_RL2_TC,ATTACK_DIVERSE_HIGH,15,r15-t019-d34cb284,1789127065666235725,1789127066006615301,0.0,406,0,0.0,False,False,False,False
B1_RL2_TC,ATTACK_DIVERSE_HIGH,15,r15-t020-bedc421b,1789127066017321319,1789127066364727125,0.0,406,0,0.0,False,False,False,False
B1_RL2_TC,ATTACK_DIVERSE_HIGH,15,r15-t021-10a6f653,1789127066376037190,1789127066711419741,0.0,406,0,0.0,False,False,False,False
B1_RL2_TC,ATTACK_DIVERSE_HIGH,15,r15-t022-6d498458,1789127066721954812,1789127067045546391,0.0,406,0,0.0,False,False,False,False
B1_RL2_TC,ATTACK_DIVERSE_HIGH,15,r15-t023-8ab39f8a,1789127067056151532,1789127067388244843,0.0,406,0,0.0,False,False,False,False
B1_RL2_TC,ATTACK_DIVERSE_HIGH,15,r15-t024-f25aa61b,1789127067400266313,1789127067741958711,0.0,406,0,0.0,False,False,False,False
B1_RL2_TC,ATTACK_DIVERSE_HIGH,15,r15-t025-88a8232e,1789127067755847078,1789127068039459921,0.0,406,0,0.0,False,False,False,False
B1_RL2_TC,ATTACK_DIVERSE_HIGH,15,r15-t026-81269a0f,1789127068050356331,1789127068411255354,0.0,406,0,0.0,False,False,False,False
B1_RL2_TC,ATTACK_DIVERSE_HIGH,15,r15-t027-927b2891,1789127068424179653,1789127068753512536,0.0,406,0,0.0,False,False,False,False
B1_RL2_TC,ATTACK_DIVERSE_HIGH,15,r15-t028-cd7732f8,1789127068764476290,1789127069071229620,0.0,406,0,0.0,False,False,False,False
B1_RL2_TC,ATTACK_DIVERSE_HIGH,15,r15-t029-089d1759,1789127069083491263,1789127069420016909,0.0,405,0,0.0,False,False,False,False
B1_RL2_TC,ATTACK_DIVERSE_HIGH,15,r15-t030-e819721a,1789127069430652952,1789127069788105876,0.0,406,0,0.0,False,False,False,False
B1_RL2_TC,ATTACK_DIVERSE_HIGH,15,r15-t031-28ff6eae,1789127069799040983,1789127070116054647,0.0,406,0,0.0,False,False,False,False
B1_RL2_TC,ATTACK_DIVERSE_HIGH,15,r15-t032-af1d1876,1789127070127105473,1789127070484138354,0.0,406,0,0.0,False,False,False,False
B1_RL2_TC,ATTACK_DIVERSE_HIGH,15,r15-t033-df377847,1789127070496016304,1789127070837421941,0.0,406,0,0.0,False,False,False,False
B1_RL2_TC,ATTACK_DIVERSE_HIGH,15,r15-t034-658c6aef,1789127070848656770,1789127071175370491,0.0,406,0,0.0,False,False,False,False
B1_RL2_TC,ATTACK_DIVERSE_HIGH,15,r15-t035-e50f3a9f,1789127071185988500,1789127071528048334,0.0,406,0,0.0,False,False,False,False
B1_RL2_TC,ATTACK_DIVERSE_HIGH,15,r15-t036-498d1f4a,1789127071539477067,1789127071845725966,0.0,406,0,0.0,False,False,False,False
B1_RL2_TC,ATTACK_DIVERSE_HIGH,15,r15-t037-df84b7bd,1789127071856779530,1789127072216274476,0.0,406,0,0.0,False,False,False,False
B1_RL2_TC,ATTACK_DIVERSE_HIGH,15,r15-t038-335034ff,1789127072226840226,1789127072520029677,0.0,406,0,0.0,False,False,False,False
B1_RL2_TC,ATTACK_DIVERSE_HIGH,15,r15-t039-aa471af5,1789127072530570887,1789127072882393582,0.0,406,0,0.0,False,False,False,False
B1_RL2_TC,ATTACK_DIVERSE_HIGH,15,r15-t040-35a9e546,1789127072894001249,1789127073240411171,0.0,406,0,0.0,False,False,False,False
B1_RL2_TC,ATTACK_DIVERSE_HIGH,15,r15-t041-19218e91,1789127073250933387,1789127073586557629,0.0,406,0,0.0,False,False,False,False
B1_RL2_TC,ATTACK_DIVERSE_HIGH,15,r15-t042-714db9f8,1789127073598013536,1789127073955335982,0.0,406,0,0.0,False,False,False,False
B1_RL2_TC,ATTACK_DIVERSE_HIGH,15,r15-t043-a9ef0a9e,1789127073966827242,1789127074294578486,0.0,406,0,0.0,False,False,False,False
B1_RL2_TC,ATTACK_DIVERSE_HIGH,15,r15-t044-b488091f,1789127074305782211,1789127074674649043,0.0,406,0,0.0,False,False,False,False
B1_RL2_TC,ATTACK_DIVERSE_HIGH,15,r15-t045-a0a186b5,1789127074685631523,1789127075023389055,0.0,406,0,0.0,False,False,False,False
B1_RL2_TC,ATTACK_DIVERSE_HIGH,15,r15-t046-48269aef,1789127075034611022,1789127075319817275,0.0,406,0,0.0,False,False,False,False
B1_RL2_TC,ATTACK_DIVERSE_HIGH,15,r15-t047-48a4178a,1789127075332219660,1789127075684682870,0.0,406,0,0.0,False,False,False,False
B1_RL2_TC,ATTACK_DIVERSE_HIGH,15,r15-t048-f7dba461,1789127075695858294,1789127076050018319,0.0,406,0,0.0,False,False,False,False
B1_RL2_TC,ATTACK_DIVERSE_HIGH,15,r15-t049-34c1e57c,1789127076060519849,1789127076414328871,0.0,406,0,0.0,False,False,False,False
B1_RL2_TC,ATTACK_DIVERSE_MODERATE,15,r15-t000-a3fcdc22,1789127090597536276,1789127090823148718,0.0,24,0,0.0,False,False,False,False
B1_RL2_TC,ATTACK_DIVERSE_MODERATE,15,r15-t001-08b6e34d,1789127090833795460,1789127091090176978,0.0,25,0,0.0,False,False,False,False
B1_RL2_TC,ATTACK_DIVERSE_MODERATE,15,r15-t002-5f4ee681,1789127091101336332,1789127091411684274,0.0,26,0,0.0,False,False,False,False
B1_RL2_TC,ATTACK_DIVERSE_MODERATE,15,r15-t003-135827b5,1789127091425535471,1789127091777005038,0.0,27,0,0.0,False,False,False,False
B1_RL2_TC,ATTACK_DIVERSE_MODERATE,15,r15-t004-2c768ae1,1789127091786801611,1789127092122074123,0.0,28,0,0.0,False,False,False,False
B1_RL2_TC,ATTACK_DIVERSE_MODERATE,15,r15-t005-512f9cf8,1789127092132070851,1789127092479252293,0.0,29,0,0.0,False,False,False,False
B1_RL2_TC,ATTACK_DIVERSE_MODERATE,15,r15-t006-e23ec5d5,1789127092490829846,1789127092827734417,0.0,30,0,0.0,False,False,False,False
B1_RL2_TC,ATTACK_DIVERSE_MODERATE,15,r15-t007-66e37b0a,1789127092837507574,1789127093165350820,0.0,30,0,0.0,False,False,False,False
B1_RL2_TC,ATTACK_DIVERSE_MODERATE,15,r15-t008-9958566f,1789127093175188884,1789127093499578907,0.0,30,0,0.0,False,False,False,False
B1_RL2_TC,ATTACK_DIVERSE_MODERATE,15,r15-t009-4c9318da,1789127093510234453,1789127093821225385,0.0,30,0,0.0,False,False,False,False
B1_RL2_TC,ATTACK_DIVERSE_MODERATE,15,r15-t010-c34db2f2,1789127093830789488,1789127094154475268,0.0,30,0,0.0,False,False,False,False
B1_RL2_TC,ATTACK_DIVERSE_MODERATE,15,r15-t011-6d1819c5,1789127094164725538,1789127094474384597,0.0,30,0,0.0,False,False,False,False
B1_RL2_TC,ATTACK_DIVERSE_MODERATE,15,r15-t012-2bd8778c,1789127094484353506,1789127094793235920,0.0,30,0,0.0,False,False,False,False
B1_RL2_TC,ATTACK_DIVERSE_MODERATE,15,r15-t013-2dd1a177,1789127094802992967,1789127095123645972,0.0,30,0,0.0,False,False,False,False
B1_RL2_TC,ATTACK_DIVERSE_MODERATE,15,r15-t014-a9640cb8,1789127095133577137,1789127095450151164,0.0,30,0,0.0,False,False,False,False
B1_RL2_TC,ATTACK_DIVERSE_MODERATE,15,r15-t015-84b3cb3d,1789127095460075210,1789127095750835160,0.0,30,0,0.0,False,False,False,False
B1_RL2_TC,ATTACK_DIVERSE_MODERATE,15,r15-t016-57035073,1789127095764635218,1789127096109751133,0.0,30,0,0.0,False,False,False,False
B1_RL2_TC,ATTACK_DIVERSE_MODERATE,15,r15-t017-3503877c,1789127096119849109,1789127096408675502,0.0,30,0,0.0,False,False,False,False
B1_RL2_TC,ATTACK_DIVERSE_MODERATE,15,r15-t018-f70e1dd3,1789127096418970730,1789127096744505771,0.0,30,0,0.0,False,False,False,False
B1_RL2_TC,ATTACK_DIVERSE_MODERATE,15,r15-t019-30cc59df,1789127096754325196,1789127097096797596,0.0,30,0,0.0,False,False,False,False
B1_RL2_TC,ATTACK_DIVERSE_MODERATE,15,r15-t020-a71ebdbf,1789127097107311432,1789127097389482873,0.0,30,0,0.0,False,False,False,False
B1_RL2_TC,ATTACK_DIVERSE_MODERATE,15,r15-t021-0941c5ef,1789127097399399895,1789127097739481249,0.0,30,0,0.0,False,False,False,False
B1_RL2_TC,ATTACK_DIVERSE_MODERATE,15,r15-t022-07ef8ebf,1789127097749432330,1789127098093349515,0.0,30,0,0.0,False,False,False,False
B1_RL2_TC,ATTACK_DIVERSE_MODERATE,15,r15-t023-39799b3b,1789127098103921048,1789127098435301299,0.0,30,0,0.0,False,False,False,False
B1_RL2_TC,ATTACK_DIVERSE_MODERATE,15,r15-t024-fd31a583,1789127098445482745,1789127098769780157,0.0,30,0,0.0,False,False,False,False
B1_RL2_TC,ATTACK_DIVERSE_MODERATE,15,r15-t025-ebe26504,1789127098779580780,1789127099118033016,0.0,30,0,0.0,False,False,False,False
B1_RL2_TC,ATTACK_DIVERSE_MODERATE,15,r15-t026-cc111d3b,1789127099127889594,1789127099434661945,0.0,30,0,0.0,False,False,False,False
B1_RL2_TC,ATTACK_DIVERSE_MODERATE,15,r15-t027-336f3a6e,1789127099445730512,1789127099777811776,0.0,30,0,0.0,False,False,False,False
B1_RL2_TC,ATTACK_DIVERSE_MODERATE,15,r15-t028-49a73c3a,1789127099789638996,1789127100080993819,0.0,30,0,0.0,False,False,False,False
B1_RL2_TC,ATTACK_DIVERSE_MODERATE,15,r15-t029-8d740c43,1789127100090597294,1789127100404701844,0.0,30,0,0.0,False,False,False,False
B1_RL2_TC,ATTACK_DIVERSE_MODERATE,15,r15-t030-acae6bc8,1789127100414861301,1789127100768503320,0.0,30,0,0.0,False,False,False,False
B1_RL2_TC,ATTACK_DIVERSE_MODERATE,15,r15-t031-62095012,1789127100779343114,1789127101092535934,0.0,30,0,0.0,False,False,False,False
B1_RL2_TC,ATTACK_DIVERSE_MODERATE,15,r15-t032-058caf16,1789127101102878505,1789127101422415723,0.0,30,0,0.0,False,False,False,False
B1_RL2_TC,ATTACK_DIVERSE_MODERATE,15,r15-t033-0e1ba50b,1789127101433067163,1789127101712740077,0.0,30,0,0.0,False,False,False,False
B1_RL2_TC,ATTACK_DIVERSE_MODERATE,15,r15-t034-184fc862,1789127101723850751,1789127102071338409,0.0,30,0,0.0,False,False,False,False
B1_RL2_TC,ATTACK_DIVERSE_MODERATE,15,r15-t035-4726ac6b,1789127102082604686,1789127102412987031,0.0,30,0,0.0,False,False,False,False
B1_RL2_TC,ATTACK_DIVERSE_MODERATE,15,r15-t036-3234351f,1789127102423072289,1789127102764085489,0.0,30,0,0.0,False,False,False,False
B1_RL2_TC,ATTACK_DIVERSE_MODERATE,15,r15-t037-710bc8c9,1789127102774218748,1789127103049587896,0.0,30,0,0.0,False,False,False,False
B1_RL2_TC,ATTACK_DIVERSE_MODERATE,15,r15-t038-08964d79,1789127103061184657,1789127103372902185,0.0,30,0,0.0,False,False,False,False
B1_RL2_TC,ATTACK_DIVERSE_MODERATE,15,r15-t039-563cbd2d,1789127103382857291,1789127103722617799,0.0,30,0,0.0,False,False,False,False
B1_RL2_TC,ATTACK_DIVERSE_MODERATE,15,r15-t040-bc72b54e,1789127103733027084,1789127104067479556,0.0,30,0,0.0,False,False,False,False
B1_RL2_TC,ATTACK_DIVERSE_MODERATE,15,r15-t041-870dbc67,1789127104078282015,1789127104374113051,0.0,30,0,0.0,False,False,False,False
B1_RL2_TC,ATTACK_DIVERSE_MODERATE,15,r15-t042-4c920116,1789127104384468535,1789127104722686663,0.0,30,0,0.0,False,False,False,False
B1_RL2_TC,ATTACK_DIVERSE_MODERATE,15,r15-t043-27d2910b,1789127104732872507,1789127105031146050,0.0,30,0,0.0,False,False,False,False
B1_RL2_TC,ATTACK_DIVERSE_MODERATE,15,r15-t044-341d89d9,1789127105041777094,1789127105357435267,0.0,30,0,0.0,False,False,False,False
B1_RL2_TC,ATTACK_DIVERSE_MODERATE,15,r15-t045-4f8b4588,1789127105367581021,1789127105702647130,0.0,30,0,0.0,False,False,False,False
B1_RL2_TC,ATTACK_DIVERSE_MODERATE,15,r15-t046-90b62c56,1789127105712690500,1789127106005295176,0.0,30,0,0.0,False,False,False,False
B1_RL2_TC,ATTACK_DIVERSE_MODERATE,15,r15-t047-6626b88a,1789127106015782435,1789127106361322780,0.0,30,0,0.0,False,False,False,False
B1_RL2_TC,ATTACK_DIVERSE_MODERATE,15,r15-t048-75d9d853,1789127106371571675,1789127106724564244,0.0,30,0,0.0,False,False,False,False
B1_RL2_TC,ATTACK_DIVERSE_MODERATE,15,r15-t049-8e802863,1789127106734532499,1789127107058140814,0.0,30,0,0.0,False,False,False,False
RFC_DROP_NATIVE,BENIGN_DIVERSE_HIGH,15,r15-t000-da1d8728,1789127120431897890,1789127122444447391,0.0,400,0,0.0,False,False,False,False
RFC_DROP_NATIVE,BENIGN_DIVERSE_HIGH,15,r15-t001-3c9b5be3,1789127120439718772,1789127122451300917,0.0,400,0,0.0,False,False,False,False
RFC_DROP_NATIVE,BENIGN_DIVERSE_HIGH,15,r15-t002-3756e6ca,1789127120449460033,1789127122462172379,0.0,400,0,0.0,False,False,False,False
RFC_DROP_NATIVE,BENIGN_DIVERSE_HIGH,15,r15-t003-1bf19d32,1789127120459016101,1789127122469779497,0.0,400,0,0.0,False,False,False,False
RFC_DROP_NATIVE,BENIGN_DIVERSE_HIGH,15,r15-t004-fcbe8af5,1789127120469285216,1789127122479829663,0.0,400,0,0.0,False,False,False,False
RFC_DROP_NATIVE,BENIGN_DIVERSE_HIGH,15,r15-t005-06664fb0,1789127120479536416,1789127122490651997,0.0,400,0,0.0,False,False,False,False
RFC_DROP_NATIVE,BENIGN_DIVERSE_HIGH,15,r15-t006-ab47443b,1789127120489557539,1789127122499699353,0.0,400,0,0.0,False,False,False,False
RFC_DROP_NATIVE,BENIGN_DIVERSE_HIGH,15,r15-t007-305317f0,1789127120499406671,1789127122520553089,0.0,400,0,0.0,False,False,False,False
RFC_DROP_NATIVE,BENIGN_DIVERSE_HIGH,15,r15-t008-cde2d100,1789127120508834879,1789127122519711427,0.0,400,0,0.0,False,False,False,False
RFC_DROP_NATIVE,BENIGN_DIVERSE_HIGH,15,r15-t009-801dac31,1789127120519161041,1789127122530627300,0.0,400,0,0.0,False,False,False,False
RFC_DROP_NATIVE,BENIGN_DIVERSE_HIGH,15,r15-t010-52f6e07a,1789127120529012248,1789127122539594978,0.0,400,0,0.0,False,False,False,False
RFC_DROP_NATIVE,BENIGN_DIVERSE_HIGH,15,r15-t011-ef69bcdd,1789127120538924556,1789127122549586210,0.0,400,0,0.0,False,False,False,False
RFC_DROP_NATIVE,BENIGN_DIVERSE_HIGH,15,r15-t012-9cd0efd1,1789127120548770106,1789127122563253942,0.0,400,0,0.0,False,False,False,False
RFC_DROP_NATIVE,BENIGN_DIVERSE_HIGH,15,r15-t013-ebb89d5e,1789127120558299962,1789127122577398233,0.0,400,0,0.0,False,False,False,False
RFC_DROP_NATIVE,BENIGN_DIVERSE_HIGH,15,r15-t014-3e82d532,1789127120568599722,1789127122578983587,0.0,400,0,0.0,False,False,False,False
RFC_DROP_NATIVE,BENIGN_DIVERSE_HIGH,15,r15-t015-a9c8bcb4,1789127120578599158,1789127122588219058,0.0,400,0,0.0,False,False,False,False
RFC_DROP_NATIVE,BENIGN_DIVERSE_HIGH,15,r15-t016-d2d31bc5,1789127120588789632,1789127122599313523,0.0,400,0,0.0,False,False,False,False
RFC_DROP_NATIVE,BENIGN_DIVERSE_HIGH,15,r15-t017-d526f79d,1789127120598938335,1789127122610534247,0.0,400,0,0.0,False,False,False,False
RFC_DROP_NATIVE,BENIGN_DIVERSE_HIGH,15,r15-t018-90aab9c9,1789127120608891001,1789127122629946992,0.0,400,0,0.0,False,False,False,False
RFC_DROP_NATIVE,BENIGN_DIVERSE_HIGH,15,r15-t019-d34cb284,1789127120619022638,1789127122630376970,0.0,400,0,0.0,False,False,False,False
RFC_DROP_NATIVE,BENIGN_DIVERSE_HIGH,15,r15-t020-bedc421b,1789127120628513833,1789127122639922007,0.0,400,0,0.0,False,False,False,False
RFC_DROP_NATIVE,BENIGN_DIVERSE_HIGH,15,r15-t021-10a6f653,1789127120638775592,1789127122650231384,0.0,400,0,0.0,False,False,False,False
RFC_DROP_NATIVE,BENIGN_DIVERSE_HIGH,15,r15-t022-6d498458,1789127120648372301,1789127122659590003,0.0,400,0,0.0,False,False,False,False
RFC_DROP_NATIVE,BENIGN_DIVERSE_HIGH,15,r15-t023-8ab39f8a,1789127120658794643,1789127122667267558,0.0,400,0,0.0,False,False,False,False
RFC_DROP_NATIVE,BENIGN_DIVERSE_HIGH,15,r15-t024-f25aa61b,1789127120668778899,1789127122679233201,0.0,400,0,0.0,False,False,False,False
RFC_DROP_NATIVE,BENIGN_DIVERSE_HIGH,15,r15-t025-88a8232e,1789127120679000961,1789127122690030641,0.0,400,0,0.0,False,False,False,False
RFC_DROP_NATIVE,BENIGN_DIVERSE_HIGH,15,r15-t026-81269a0f,1789127120689285918,1789127122699600100,0.0,400,0,0.0,False,False,False,False
RFC_DROP_NATIVE,BENIGN_DIVERSE_HIGH,15,r15-t027-927b2891,1789127120698943163,1789127122710508901,0.0,400,0,0.0,False,False,False,False
RFC_DROP_NATIVE,BENIGN_DIVERSE_HIGH,15,r15-t028-cd7732f8,1789127120708556751,1789127122743842744,0.0,400,0,0.0,False,False,False,False
RFC_DROP_NATIVE,BENIGN_DIVERSE_HIGH,15,r15-t029-089d1759,1789127120735519283,1789127122746135393,0.0,400,0,0.0,False,False,False,False
RFC_DROP_NATIVE,BENIGN_DIVERSE_HIGH,15,r15-t030-e819721a,1789127120737055133,1789127122749512887,0.0,400,0,0.0,False,False,False,False
RFC_DROP_NATIVE,BENIGN_DIVERSE_HIGH,15,r15-t031-28ff6eae,1789127120739443302,1789127122751169150,0.0,400,0,0.0,False,False,False,False
RFC_DROP_NATIVE,BENIGN_DIVERSE_HIGH,15,r15-t032-af1d1876,1789127120749012666,1789127122759351270,0.0,400,0,0.0,False,False,False,False
RFC_DROP_NATIVE,BENIGN_DIVERSE_HIGH,15,r15-t033-df377847,1789127120758376753,1789127122770129193,0.0,400,0,0.0,False,False,False,False
RFC_DROP_NATIVE,BENIGN_DIVERSE_HIGH,15,r15-t034-658c6aef,1789127120768726773,1789127122780312501,0.0,400,0,0.0,False,False,False,False
RFC_DROP_NATIVE,BENIGN_DIVERSE_HIGH,15,r15-t035-e50f3a9f,1789127120778894144,1789127122791152845,0.0,400,0,0.0,False,False,False,False
RFC_DROP_NATIVE,BENIGN_DIVERSE_HIGH,15,r15-t036-498d1f4a,1789127120788950723,1789127122799628783,0.0,400,0,0.0,False,False,False,False
RFC_DROP_NATIVE,BENIGN_DIVERSE_HIGH,15,r15-t037-df84b7bd,1789127120798909424,1789127122820509298,0.0,400,0,0.0,False,False,False,False
RFC_DROP_NATIVE,BENIGN_DIVERSE_HIGH,15,r15-t038-335034ff,1789127120809068028,1789127122819913648,0.0,400,0,0.0,False,False,False,False
RFC_DROP_NATIVE,BENIGN_DIVERSE_HIGH,15,r15-t039-aa471af5,1789127120818731968,1789127122827284561,0.0,400,0,0.0,False,False,False,False
RFC_DROP_NATIVE,BENIGN_DIVERSE_HIGH,15,r15-t040-35a9e546,1789127120828948090,1789127122841220558,0.0,401,0,0.0,False,False,False,False
RFC_DROP_NATIVE,BENIGN_DIVERSE_HIGH,15,r15-t041-19218e91,1789127120838997407,1789127122849856605,0.0,401,0,0.0,False,False,False,False
RFC_DROP_NATIVE,BENIGN_DIVERSE_HIGH,15,r15-t042-714db9f8,1789127120848605055,1789127122861697497,0.0,401,0,0.0,False,False,False,False
RFC_DROP_NATIVE,BENIGN_DIVERSE_HIGH,15,r15-t043-a9ef0a9e,1789127120859142529,1789127122871266201,0.0,401,0,0.0,False,False,False,False
RFC_DROP_NATIVE,BENIGN_DIVERSE_HIGH,15,r15-t044-b488091f,1789127120868422883,1789127122889611733,0.0,401,0,0.0,False,False,False,False
RFC_DROP_NATIVE,BENIGN_DIVERSE_HIGH,15,r15-t045-a0a186b5,1789127120878782237,1789127122889952698,0.0,401,0,0.0,False,False,False,False
RFC_DROP_NATIVE,BENIGN_DIVERSE_HIGH,15,r15-t046-48269aef,1789127120889051070,1789127122900306017,0.0,401,0,0.0,False,False,False,False
RFC_DROP_NATIVE,BENIGN_DIVERSE_HIGH,15,r15-t047-48a4178a,1789127120898835799,1789127122911194168,0.0,401,0,0.0,False,False,False,False
RFC_DROP_NATIVE,BENIGN_DIVERSE_HIGH,15,r15-t048-f7dba461,1789127120909160170,1789127122929507451,0.0,401,0,0.0,False,False,False,False
RFC_DROP_NATIVE,BENIGN_DIVERSE_HIGH,15,r15-t049-34c1e57c,1789127120919085114,1789127122931042642,0.0,401,0,0.0,False,False,False,False
B0_OFF,BENIGN_DIVERSE_HIGH,15,r15-t000-da1d8728,1789127156941303576,1789127157317336633,0.0,400,0,0.0,False,False,False,False
B0_OFF,BENIGN_DIVERSE_HIGH,15,r15-t001-3c9b5be3,1789127157328893819,1789127157656489494,0.0,401,0,0.0,False,False,False,False
B0_OFF,BENIGN_DIVERSE_HIGH,15,r15-t002-3756e6ca,1789127157668250316,1789127158003591118,0.0,402,0,0.0,False,False,False,False
B0_OFF,BENIGN_DIVERSE_HIGH,15,r15-t003-1bf19d32,1789127158015389760,1789127158341828552,0.0,403,0,0.0,False,False,False,False
B0_OFF,BENIGN_DIVERSE_HIGH,15,r15-t004-fcbe8af5,1789127158352211808,1789127158681942580,0.0,404,0,0.0,False,False,False,False
B0_OFF,BENIGN_DIVERSE_HIGH,15,r15-t005-06664fb0,1789127158692550151,1789127159041879466,0.0,405,0,0.0,False,False,False,False
B0_OFF,BENIGN_DIVERSE_HIGH,15,r15-t006-ab47443b,1789127159052688995,1789127159376980860,0.0,406,0,0.0,False,False,False,False
B0_OFF,BENIGN_DIVERSE_HIGH,15,r15-t007-305317f0,1789127159387682239,1789127159717470021,0.0,406,0,0.0,False,False,False,False
B0_OFF,BENIGN_DIVERSE_HIGH,15,r15-t008-cde2d100,1789127159728691944,1789127160068571688,0.0,405,0,0.0,False,False,False,False
B0_OFF,BENIGN_DIVERSE_HIGH,15,r15-t009-801dac31,1789127160080592876,1789127160423089510,0.0,406,0,0.0,False,False,False,False
B0_OFF,BENIGN_DIVERSE_HIGH,15,r15-t010-52f6e07a,1789127160434153631,1789127160781847530,0.0,406,0,0.0,False,False,False,False
B0_OFF,BENIGN_DIVERSE_HIGH,15,r15-t011-ef69bcdd,1789127160793016637,1789127161121640735,0.0,406,0,0.0,False,False,False,False
B0_OFF,BENIGN_DIVERSE_HIGH,15,r15-t012-9cd0efd1,1789127161132595120,1789127161468765833,0.0,406,0,0.0,False,False,False,False
B0_OFF,BENIGN_DIVERSE_HIGH,15,r15-t013-ebb89d5e,1789127161481406403,1789127161835146759,0.0,406,0,0.0,False,False,False,False
B0_OFF,BENIGN_DIVERSE_HIGH,15,r15-t014-3e82d532,1789127161846591789,1789127162176701977,0.0,406,0,0.0,False,False,False,False
B0_OFF,BENIGN_DIVERSE_HIGH,15,r15-t015-a9c8bcb4,1789127162189199928,1789127162521924305,0.0,406,0,0.0,False,False,False,False
B0_OFF,BENIGN_DIVERSE_HIGH,15,r15-t016-d2d31bc5,1789127162533147907,1789127162872211712,0.0,406,0,0.0,False,False,False,False
B0_OFF,BENIGN_DIVERSE_HIGH,15,r15-t017-d526f79d,1789127162883035496,1789127163209183832,0.0,406,0,0.0,False,False,False,False
B0_OFF,BENIGN_DIVERSE_HIGH,15,r15-t018-90aab9c9,1789127163221489980,1789127163565533162,0.0,406,0,0.0,False,False,False,False
B0_OFF,BENIGN_DIVERSE_HIGH,15,r15-t019-d34cb284,1789127163576816380,1789127163896678573,0.0,406,0,0.0,False,False,False,False
B0_OFF,BENIGN_DIVERSE_HIGH,15,r15-t020-bedc421b,1789127163907483259,1789127164245882316,0.0,406,0,0.0,False,False,False,False
B0_OFF,BENIGN_DIVERSE_HIGH,15,r15-t021-10a6f653,1789127164256686164,1789127164597093534,0.0,406,0,0.0,False,False,False,False
B0_OFF,BENIGN_DIVERSE_HIGH,15,r15-t022-6d498458,1789127164608033853,1789127164944719803,0.0,406,0,0.0,False,False,False,False
B0_OFF,BENIGN_DIVERSE_HIGH,15,r15-t023-8ab39f8a,1789127164956081368,1789127165292708668,0.0,406,0,0.0,False,False,False,False
B0_OFF,BENIGN_DIVERSE_HIGH,15,r15-t024-f25aa61b,1789127165304090662,1789127165646743174,0.0,406,0,0.0,False,False,False,False
B0_OFF,BENIGN_DIVERSE_HIGH,15,r15-t025-88a8232e,1789127165657786932,1789127166002250425,0.0,406,0,0.0,False,False,False,False
B0_OFF,BENIGN_DIVERSE_HIGH,15,r15-t026-81269a0f,1789127166013207697,1789127166351915727,0.0,406,0,0.0,False,False,False,False
B0_OFF,BENIGN_DIVERSE_HIGH,15,r15-t027-927b2891,1789127166362746794,1789127166688757907,0.0,406,0,0.0,False,False,False,False
B0_OFF,BENIGN_DIVERSE_HIGH,15,r15-t028-cd7732f8,1789127166700421013,1789127167037278441,0.0,406,0,0.0,False,False,False,False
B0_OFF,BENIGN_DIVERSE_HIGH,15,r15-t029-089d1759,1789127167048457061,1789127167385706649,0.0,406,0,0.0,False,False,False,False
B0_OFF,BENIGN_DIVERSE_HIGH,15,r15-t030-e819721a,1789127167396884423,1789127167753201879,0.0,406,0,0.0,False,False,False,False
B0_OFF,BENIGN_DIVERSE_HIGH,15,r15-t031-28ff6eae,1789127167765072404,1789127168108574176,0.0,406,0,0.0,False,False,False,False
B0_OFF,BENIGN_DIVERSE_HIGH,15,r15-t032-af1d1876,1789127168121251799,1789127168452277627,0.0,406,0,0.0,False,False,False,False
B0_OFF,BENIGN_DIVERSE_HIGH,15,r15-t033-df377847,1789127168464502480,1789127168797009148,0.0,406,0,0.0,False,False,False,False
B0_OFF,BENIGN_DIVERSE_HIGH,15,r15-t034-658c6aef,1789127168810443990,1789127169153405374,0.0,406,0,0.0,False,False,False,False
B0_OFF,BENIGN_DIVERSE_HIGH,15,r15-t035-e50f3a9f,1789127169165024435,1789127169497139882,0.0,406,0,0.0,False,False,False,False
B0_OFF,BENIGN_DIVERSE_HIGH,15,r15-t036-498d1f4a,1789127169508807128,1789127169841919683,0.0,405,0,0.0,False,False,False,False
B0_OFF,BENIGN_DIVERSE_HIGH,15,r15-t037-df84b7bd,1789127169853187051,1789127170173304169,0.0,406,0,0.0,False,False,False,False
B0_OFF,BENIGN_DIVERSE_HIGH,15,r15-t038-335034ff,1789127170184469896,1789127170532884083,0.0,406,0,0.0,False,False,False,False
B0_OFF,BENIGN_DIVERSE_HIGH,15,r15-t039-aa471af5,1789127170544568175,1789127170876793450,0.0,406,0,0.0,False,False,False,False
B0_OFF,BENIGN_DIVERSE_HIGH,15,r15-t040-35a9e546,1789127170888336093,1789127171217780571,0.0,406,0,0.0,False,False,False,False
B0_OFF,BENIGN_DIVERSE_HIGH,15,r15-t041-19218e91,1789127171228484777,1789127171561992505,0.0,406,0,0.0,False,False,False,False
B0_OFF,BENIGN_DIVERSE_HIGH,15,r15-t042-714db9f8,1789127171573506067,1789127171917251774,0.0,406,0,0.0,False,False,False,False
B0_OFF,BENIGN_DIVERSE_HIGH,15,r15-t043-a9ef0a9e,1789127171928494201,1789127172261872997,0.0,406,0,0.0,False,False,False,False
B0_OFF,BENIGN_DIVERSE_HIGH,15,r15-t044-b488091f,1789127172273040794,1789127172972322552,0.0,406,0,0.0,False,False,False,False
B0_OFF,BENIGN_DIVERSE_HIGH,15,r15-t045-a0a186b5,1789127172984016434,1789127173326064187,0.0,406,0,0.0,False,False,False,False
B0_OFF,BENIGN_DIVERSE_HIGH,15,r15-t046-48269aef,1789127173336768375,1789127173672188131,0.0,406,0,0.0,False,False,False,False
B0_OFF,BENIGN_DIVERSE_HIGH,15,r15-t047-48a4178a,1789127173683656749,1789127174028551127,0.0,406,0,0.0,False,False,False,False
B0_OFF,BENIGN_DIVERSE_HIGH,15,r15-t048-f7dba461,1789127174040612760,1789127174380918576,0.0,406,0,0.0,False,False,False,False
B0_OFF,BENIGN_DIVERSE_HIGH,15,r15-t049-34c1e57c,1789127174392689698,1789127174736980862,0.0,406,0,0.0,False,False,False,False
B5_LOCKED_TC,BENIGN_DIVERSE_MODERATE,15,r15-t000-a3fcdc22,1789127188940577455,1789127189307760786,0.0,24,0,0.0,False,False,False,False
B5_LOCKED_TC,BENIGN_DIVERSE_MODERATE,15,r15-t001-08b6e34d,1789127189318157985,1789127189684868776,0.0,25,0,0.0,False,False,False,False
B5_LOCKED_TC,BENIGN_DIVERSE_MODERATE,15,r15-t002-5f4ee681,1789127189696620105,1789127190003065500,0.0,26,0,0.0,False,False,False,False
B5_LOCKED_TC,BENIGN_DIVERSE_MODERATE,15,r15-t003-135827b5,1789127190013874957,1789127190355466700,0.0,27,0,0.0,False,False,False,False
B5_LOCKED_TC,BENIGN_DIVERSE_MODERATE,15,r15-t004-2c768ae1,1789127190366033330,1789127190720274407,0.0,28,0,0.0,False,False,False,False
B5_LOCKED_TC,BENIGN_DIVERSE_MODERATE,15,r15-t005-512f9cf8,1789127190731528291,1789127191077700529,0.0,29,0,0.0,False,False,False,False
B5_LOCKED_TC,BENIGN_DIVERSE_MODERATE,15,r15-t006-e23ec5d5,1789127191088909883,1789127191422578626,0.0,30,0,0.0,False,False,False,False
B5_LOCKED_TC,BENIGN_DIVERSE_MODERATE,15,r15-t007-66e37b0a,1789127191432696651,1789127191761547100,0.0,30,0,0.0,False,False,False,False
B5_LOCKED_TC,BENIGN_DIVERSE_MODERATE,15,r15-t008-9958566f,1789127191772498595,1789127192099644558,0.0,30,0,0.0,False,False,False,False
B5_LOCKED_TC,BENIGN_DIVERSE_MODERATE,15,r15-t009-4c9318da,1789127192111547868,1789127192443085047,0.0,30,0,0.0,False,False,False,False
B5_LOCKED_TC,BENIGN_DIVERSE_MODERATE,15,r15-t010-c34db2f2,1789127192452991379,1789127192813880351,0.0,30,0,0.0,False,False,False,False
B5_LOCKED_TC,BENIGN_DIVERSE_MODERATE,15,r15-t011-6d1819c5,1789127192824208476,1789127193170228866,0.0,30,0,0.0,False,False,False,False
B5_LOCKED_TC,BENIGN_DIVERSE_MODERATE,15,r15-t012-2bd8778c,1789127193180374228,1789127193522480247,0.0,30,0,0.0,False,False,False,False
B5_LOCKED_TC,BENIGN_DIVERSE_MODERATE,15,r15-t013-2dd1a177,1789127193534015135,1789127193870814356,0.0,30,0,0.0,False,False,False,False
B5_LOCKED_TC,BENIGN_DIVERSE_MODERATE,15,r15-t014-a9640cb8,1789127193881732239,1789127194221339063,0.0,30,0,0.0,False,False,False,False
B5_LOCKED_TC,BENIGN_DIVERSE_MODERATE,15,r15-t015-84b3cb3d,1789127194242894321,1789127194600200830,0.0,30,0,0.0,False,False,False,False
B5_LOCKED_TC,BENIGN_DIVERSE_MODERATE,15,r15-t016-57035073,1789127194613066068,1789127194944707735,0.0,30,0,0.0,False,False,False,False
B5_LOCKED_TC,BENIGN_DIVERSE_MODERATE,15,r15-t017-3503877c,1789127194954715372,1789127195306846724,0.0,30,0,0.0,False,False,False,False
B5_LOCKED_TC,BENIGN_DIVERSE_MODERATE,15,r15-t018-f70e1dd3,1789127195316837323,1789127195668823740,0.0,30,0,0.0,False,False,False,False
B5_LOCKED_TC,BENIGN_DIVERSE_MODERATE,15,r15-t019-30cc59df,1789127195679429375,1789127196030001551,0.0,30,0,0.0,False,False,False,False
B5_LOCKED_TC,BENIGN_DIVERSE_MODERATE,15,r15-t020-a71ebdbf,1789127196040125943,1789127196361680201,0.0,30,0,0.0,False,False,False,False
B5_LOCKED_TC,BENIGN_DIVERSE_MODERATE,15,r15-t021-0941c5ef,1789127196372142493,1789127196692065482,0.0,30,0,0.0,False,False,False,False
B5_LOCKED_TC,BENIGN_DIVERSE_MODERATE,15,r15-t022-07ef8ebf,1789127196703217433,1789127197033980407,0.0,30,0,0.0,False,False,False,False
B5_LOCKED_TC,BENIGN_DIVERSE_MODERATE,15,r15-t023-39799b3b,1789127197044629392,1789127197371836306,0.0,30,0,0.0,False,False,False,False
B5_LOCKED_TC,BENIGN_DIVERSE_MODERATE,15,r15-t024-fd31a583,1789127197383116528,1789127197723151697,0.0,30,0,0.0,False,False,False,False
B5_LOCKED_TC,BENIGN_DIVERSE_MODERATE,15,r15-t025-ebe26504,1789127197733340784,1789127198063013749,0.0,30,0,0.0,False,False,False,False
B5_LOCKED_TC,BENIGN_DIVERSE_MODERATE,15,r15-t026-cc111d3b,1789127198073397770,1789127198444108061,0.0,30,0,0.0,False,False,False,False
B5_LOCKED_TC,BENIGN_DIVERSE_MODERATE,15,r15-t027-336f3a6e,1789127198453990800,1789127198802325658,0.0,30,0,0.0,False,False,False,False
B5_LOCKED_TC,BENIGN_DIVERSE_MODERATE,15,r15-t028-49a73c3a,1789127198813552510,1789127199134609139,0.0,30,0,0.0,False,False,False,False
B5_LOCKED_TC,BENIGN_DIVERSE_MODERATE,15,r15-t029-8d740c43,1789127199144952057,1789127199476168911,0.0,30,0,0.0,False,False,False,False
B5_LOCKED_TC,BENIGN_DIVERSE_MODERATE,15,r15-t030-acae6bc8,1789127199486490356,1789127199820104340,0.0,30,0,0.0,False,False,False,False
B5_LOCKED_TC,BENIGN_DIVERSE_MODERATE,15,r15-t031-62095012,1789127199831910435,1789127200164291082,0.0,30,0,0.0,False,False,False,False
B5_LOCKED_TC,BENIGN_DIVERSE_MODERATE,15,r15-t032-058caf16,1789127200175176290,1789127200510390610,0.0,30,0,0.0,False,False,False,False
B5_LOCKED_TC,BENIGN_DIVERSE_MODERATE,15,r15-t033-0e1ba50b,1789127200521060903,1789127200866912033,0.0,30,0,0.0,False,False,False,False
B5_LOCKED_TC,BENIGN_DIVERSE_MODERATE,15,r15-t034-184fc862,1789127200878399283,1789127201213877991,0.0,30,0,0.0,False,False,False,False
B5_LOCKED_TC,BENIGN_DIVERSE_MODERATE,15,r15-t035-4726ac6b,1789127201224540853,1789127201523277929,0.0,30,0,0.0,False,False,False,False
B5_LOCKED_TC,BENIGN_DIVERSE_MODERATE,15,r15-t036-3234351f,1789127201533324924,1789127201904396012,0.0,30,0,0.0,False,False,False,False
B5_LOCKED_TC,BENIGN_DIVERSE_MODERATE,15,r15-t037-710bc8c9,1789127201915190738,1789127202235856146,0.0,30,0,0.0,False,False,False,False
B5_LOCKED_TC,BENIGN_DIVERSE_MODERATE,15,r15-t038-08964d79,1789127202246563028,1789127202608114108,0.0,30,0,0.0,False,False,False,False
B5_LOCKED_TC,BENIGN_DIVERSE_MODERATE,15,r15-t039-563cbd2d,1789127202617885617,1789127202951450974,0.0,30,0,0.0,False,False,False,False
B5_LOCKED_TC,BENIGN_DIVERSE_MODERATE,15,r15-t040-bc72b54e,1789127202962822254,1789127203282792036,0.0,30,0,0.0,False,False,False,False
B5_LOCKED_TC,BENIGN_DIVERSE_MODERATE,15,r15-t041-870dbc67,1789127203293018298,1789127203654083399,0.0,30,0,0.0,False,False,False,False
B5_LOCKED_TC,BENIGN_DIVERSE_MODERATE,15,r15-t042-4c920116,1789127203664559281,1789127204021777084,0.0,30,0,0.0,False,False,False,False
B5_LOCKED_TC,BENIGN_DIVERSE_MODERATE,15,r15-t043-27d2910b,1789127204032330373,1789127204388852831,0.0,30,0,0.0,False,False,False,False
B5_LOCKED_TC,BENIGN_DIVERSE_MODERATE,15,r15-t044-341d89d9,1789127204399925301,1789127204738055122,0.0,30,0,0.0,False,False,False,False
B5_LOCKED_TC,BENIGN_DIVERSE_MODERATE,15,r15-t045-4f8b4588,1789127204748498838,1789127205075444641,0.0,30,0,0.0,False,False,False,False
B5_LOCKED_TC,BENIGN_DIVERSE_MODERATE,15,r15-t046-90b62c56,1789127205086814887,1789127205418880452,0.0,30,0,0.0,False,False,False,False
B5_LOCKED_TC,BENIGN_DIVERSE_MODERATE,15,r15-t047-6626b88a,1789127205428983690,1789127205755251830,0.0,30,0,0.0,False,False,False,False
B5_LOCKED_TC,BENIGN_DIVERSE_MODERATE,15,r15-t048-75d9d853,1789127205765609110,1789127206095175553,0.0,30,0,0.0,False,False,False,False
B5_LOCKED_TC,BENIGN_DIVERSE_MODERATE,15,r15-t049-8e802863,1789127206107218196,1789127206458150714,0.0,30,0,0.0,False,False,False,False
RFC_DROP_NATIVE,ATTACK_DIVERSE_HIGH,15,r15-t000-da1d8728,1789127220510983521,1789127222521560200,0.0,400,0,0.0,False,False,False,False
RFC_DROP_NATIVE,ATTACK_DIVERSE_HIGH,15,r15-t001-3c9b5be3,1789127220518416250,1789127222530548632,0.0,400,0,0.0,False,False,False,False
RFC_DROP_NATIVE,ATTACK_DIVERSE_HIGH,15,r15-t002-3756e6ca,1789127220527922095,1789127222538161421,0.0,400,0,0.0,False,False,False,False
RFC_DROP_NATIVE,ATTACK_DIVERSE_HIGH,15,r15-t003-1bf19d32,1789127220537794708,1789127222547234261,0.0,400,0,0.0,False,False,False,False
RFC_DROP_NATIVE,ATTACK_DIVERSE_HIGH,15,r15-t004-fcbe8af5,1789127220548011328,1789127222556982558,0.0,400,0,0.0,False,False,False,False
RFC_DROP_NATIVE,ATTACK_DIVERSE_HIGH,15,r15-t005-06664fb0,1789127220557939308,1789127222567238336,0.0,400,0,0.0,False,False,False,False
RFC_DROP_NATIVE,ATTACK_DIVERSE_HIGH,15,r15-t006-ab47443b,1789127220568459741,1789127222579169825,0.0,400,0,0.0,False,False,False,False
RFC_DROP_NATIVE,ATTACK_DIVERSE_HIGH,15,r15-t007-305317f0,1789127220577709082,1789127222587267800,0.0,400,0,0.0,False,False,False,False
RFC_DROP_NATIVE,ATTACK_DIVERSE_HIGH,15,r15-t008-cde2d100,1789127220587828926,1789127222598432679,0.0,400,0,0.0,False,False,False,False
RFC_DROP_NATIVE,ATTACK_DIVERSE_HIGH,15,r15-t009-801dac31,1789127220598021186,1789127222608332929,0.0,400,0,0.0,False,False,False,False
RFC_DROP_NATIVE,ATTACK_DIVERSE_HIGH,15,r15-t010-52f6e07a,1789127220608353785,1789127222619001195,0.0,400,0,0.0,False,False,False,False
RFC_DROP_NATIVE,ATTACK_DIVERSE_HIGH,15,r15-t011-ef69bcdd,1789127220618319426,1789127222627188635,0.0,400,0,0.0,False,False,False,False
RFC_DROP_NATIVE,ATTACK_DIVERSE_HIGH,15,r15-t012-9cd0efd1,1789127220628180704,1789127222639087148,0.0,400,0,0.0,False,False,False,False
RFC_DROP_NATIVE,ATTACK_DIVERSE_HIGH,15,r15-t013-ebb89d5e,1789127220637674932,1789127222647085443,0.0,400,0,0.0,False,False,False,False
RFC_DROP_NATIVE,ATTACK_DIVERSE_HIGH,15,r15-t014-3e82d532,1789127220647986826,1789127222657429002,0.0,400,0,0.0,False,False,False,False
RFC_DROP_NATIVE,ATTACK_DIVERSE_HIGH,15,r15-t015-a9c8bcb4,1789127220658081095,1789127222667071999,0.0,400,0,0.0,False,False,False,False
RFC_DROP_NATIVE,ATTACK_DIVERSE_HIGH,15,r15-t016-d2d31bc5,1789127220668144449,1789127222678533387,0.0,400,0,0.0,False,False,False,False
RFC_DROP_NATIVE,ATTACK_DIVERSE_HIGH,15,r15-t017-d526f79d,1789127220678335304,1789127222690113563,0.0,400,0,0.0,False,False,False,False
RFC_DROP_NATIVE,ATTACK_DIVERSE_HIGH,15,r15-t018-90aab9c9,1789127220689615601,1789127222702914619,0.0,400,0,0.0,False,False,False,False
RFC_DROP_NATIVE,ATTACK_DIVERSE_HIGH,15,r15-t019-d34cb284,1789127220698201477,1789127222711159114,0.0,401,0,0.0,False,False,False,False
RFC_DROP_NATIVE,ATTACK_DIVERSE_HIGH,15,r15-t020-bedc421b,1789127220708225295,1789127222719332033,0.0,401,0,0.0,False,False,False,False
RFC_DROP_NATIVE,ATTACK_DIVERSE_HIGH,15,r15-t021-10a6f653,1789127220718490067,1789127222729178041,0.0,401,0,0.0,False,False,False,False
RFC_DROP_NATIVE,ATTACK_DIVERSE_HIGH,15,r15-t022-6d498458,1789127220727854169,1789127222749401897,0.0,401,0,0.0,False,False,False,False
RFC_DROP_NATIVE,ATTACK_DIVERSE_HIGH,15,r15-t023-8ab39f8a,1789127220738122593,1789127222747269855,0.0,401,0,0.0,False,False,False,False
RFC_DROP_NATIVE,ATTACK_DIVERSE_HIGH,15,r15-t024-f25aa61b,1789127220747849906,1789127222759403139,0.0,401,0,0.0,False,False,False,False
RFC_DROP_NATIVE,ATTACK_DIVERSE_HIGH,15,r15-t025-88a8232e,1789127220758205457,1789127222767330796,0.0,401,0,0.0,False,False,False,False
RFC_DROP_NATIVE,ATTACK_DIVERSE_HIGH,15,r15-t026-81269a0f,1789127220767978579,1789127222788199192,0.0,401,0,0.0,False,False,False,False
RFC_DROP_NATIVE,ATTACK_DIVERSE_HIGH,15,r15-t027-927b2891,1789127220777912368,1789127222789528087,0.0,401,0,0.0,False,False,False,False
RFC_DROP_NATIVE,ATTACK_DIVERSE_HIGH,15,r15-t028-cd7732f8,1789127220788032118,1789127222822829271,0.0,401,0,0.0,False,False,False,False
RFC_DROP_NATIVE,ATTACK_DIVERSE_HIGH,15,r15-t029-089d1759,1789127220811949246,1789127222825551423,0.0,400,0,0.0,False,False,False,False
RFC_DROP_NATIVE,ATTACK_DIVERSE_HIGH,15,r15-t030-e819721a,1789127220814298257,1789127222826966507,0.0,401,0,0.0,False,False,False,False
RFC_DROP_NATIVE,ATTACK_DIVERSE_HIGH,15,r15-t031-28ff6eae,1789127220817933726,1789127222830027885,0.0,401,0,0.0,False,False,False,False
RFC_DROP_NATIVE,ATTACK_DIVERSE_HIGH,15,r15-t032-af1d1876,1789127220828306140,1789127222849242305,0.0,401,0,0.0,False,False,False,False
RFC_DROP_NATIVE,ATTACK_DIVERSE_HIGH,15,r15-t033-df377847,1789127220837743503,1789127222860596613,0.0,401,0,0.0,False,False,False,False
RFC_DROP_NATIVE,ATTACK_DIVERSE_HIGH,15,r15-t034-658c6aef,1789127220847670078,1789127222859045219,0.0,401,0,0.0,False,False,False,False
RFC_DROP_NATIVE,ATTACK_DIVERSE_HIGH,15,r15-t035-e50f3a9f,1789127220858215712,1789127222868995403,0.0,401,0,0.0,False,False,False,False
RFC_DROP_NATIVE,ATTACK_DIVERSE_HIGH,15,r15-t036-498d1f4a,1789127220868520205,1789127222879198812,0.0,401,0,0.0,False,False,False,False
RFC_DROP_NATIVE,ATTACK_DIVERSE_HIGH,15,r15-t037-df84b7bd,1789127220877941266,1789127222890097631,0.0,401,0,0.0,False,False,False,False
RFC_DROP_NATIVE,ATTACK_DIVERSE_HIGH,15,r15-t038-335034ff,1789127220888002184,1789127222899231647,0.0,401,0,0.0,False,False,False,False
RFC_DROP_NATIVE,ATTACK_DIVERSE_HIGH,15,r15-t039-aa471af5,1789127220898431276,1789127222907346952,0.0,401,0,0.0,False,False,False,False
RFC_DROP_NATIVE,ATTACK_DIVERSE_HIGH,15,r15-t040-35a9e546,1789127220908107529,1789127222919135012,0.0,401,0,0.0,False,False,False,False
RFC_DROP_NATIVE,ATTACK_DIVERSE_HIGH,15,r15-t041-19218e91,1789127220918344103,1789127222929643079,0.0,401,0,0.0,False,False,False,False
RFC_DROP_NATIVE,ATTACK_DIVERSE_HIGH,15,r15-t042-714db9f8,1789127220928241637,1789127222948856374,0.0,401,0,0.0,False,False,False,False
RFC_DROP_NATIVE,ATTACK_DIVERSE_HIGH,15,r15-t043-a9ef0a9e,1789127220937643868,1789127222947186003,0.0,401,0,0.0,False,False,False,False
RFC_DROP_NATIVE,ATTACK_DIVERSE_HIGH,15,r15-t044-b488091f,1789127220947820858,1789127222959170330,0.0,401,0,0.0,False,False,False,False
RFC_DROP_NATIVE,ATTACK_DIVERSE_HIGH,15,r15-t045-a0a186b5,1789127220958073638,1789127222970277313,0.0,401,0,0.0,False,False,False,False
RFC_DROP_NATIVE,ATTACK_DIVERSE_HIGH,15,r15-t046-48269aef,1789127220968029069,1789127222979209911,0.0,401,0,0.0,False,False,False,False
RFC_DROP_NATIVE,ATTACK_DIVERSE_HIGH,15,r15-t047-48a4178a,1789127220977931755,1789127222989529955,0.0,401,0,0.0,False,False,False,False
RFC_DROP_NATIVE,ATTACK_DIVERSE_HIGH,15,r15-t048-f7dba461,1789127220988750849,1789127222999214453,0.0,401,0,0.0,False,False,False,False
RFC_DROP_NATIVE,ATTACK_DIVERSE_HIGH,15,r15-t049-34c1e57c,1789127220997682604,1789127223007281980,0.0,401,0,0.0,False,False,False,False
B0_OFF,ATTACK_DIVERSE_HIGH,15,r15-t000-da1d8728,1789127256843822671,1789127257040312072,0.0,400,0,0.0,False,False,False,False
B0_OFF,ATTACK_DIVERSE_HIGH,15,r15-t001-3c9b5be3,1789127257052074210,1789127257356457379,0.0,401,0,0.0,False,False,False,False
B0_OFF,ATTACK_DIVERSE_HIGH,15,r15-t002-3756e6ca,1789127257368160875,1789127257694048715,0.0,402,0,0.0,False,False,False,False
B0_OFF,ATTACK_DIVERSE_HIGH,15,r15-t003-1bf19d32,1789127257705607139,1789127258029204533,0.0,403,0,0.0,False,False,False,False
B0_OFF,ATTACK_DIVERSE_HIGH,15,r15-t004-fcbe8af5,1789127258040509085,1789127258392916301,0.0,404,0,0.0,False,False,False,False
B0_OFF,ATTACK_DIVERSE_HIGH,15,r15-t005-06664fb0,1789127258405027875,1789127258755540603,0.0,405,0,0.0,False,False,False,False
B0_OFF,ATTACK_DIVERSE_HIGH,15,r15-t006-ab47443b,1789127258767551116,1789127259115236666,0.0,406,0,0.0,False,False,False,False
B0_OFF,ATTACK_DIVERSE_HIGH,15,r15-t007-305317f0,1789127259127159543,1789127259453127466,0.0,406,0,0.0,False,False,False,False
B0_OFF,ATTACK_DIVERSE_HIGH,15,r15-t008-cde2d100,1789127259464775840,1789127259831749678,0.0,406,0,0.0,False,False,False,False
B0_OFF,ATTACK_DIVERSE_HIGH,15,r15-t009-801dac31,1789127259843142328,1789127260155890074,0.0,406,0,0.0,False,False,False,False
B0_OFF,ATTACK_DIVERSE_HIGH,15,r15-t010-52f6e07a,1789127260167372785,1789127260492938483,0.0,406,0,0.0,False,False,False,False
B0_OFF,ATTACK_DIVERSE_HIGH,15,r15-t011-ef69bcdd,1789127260504483835,1789127260831782116,0.0,406,0,0.0,False,False,False,False
B0_OFF,ATTACK_DIVERSE_HIGH,15,r15-t012-9cd0efd1,1789127260843628641,1789127261194304055,0.0,406,0,0.0,False,False,False,False
B0_OFF,ATTACK_DIVERSE_HIGH,15,r15-t013-ebb89d5e,1789127261206077895,1789127261542448260,0.0,406,0,0.0,False,False,False,False
B0_OFF,ATTACK_DIVERSE_HIGH,15,r15-t014-3e82d532,1789127261554207167,1789127261877820059,0.0,406,0,0.0,False,False,False,False
B0_OFF,ATTACK_DIVERSE_HIGH,15,r15-t015-a9c8bcb4,1789127261894487183,1789127262220163415,0.0,406,0,0.0,False,False,False,False
B0_OFF,ATTACK_DIVERSE_HIGH,15,r15-t016-d2d31bc5,1789127262232321072,1789127262592424310,0.0,406,0,0.0,False,False,False,False
B0_OFF,ATTACK_DIVERSE_HIGH,15,r15-t017-d526f79d,1789127262604953764,1789127262915815570,0.0,406,0,0.0,False,False,False,False
B0_OFF,ATTACK_DIVERSE_HIGH,15,r15-t018-90aab9c9,1789127262929241697,1789127263260117178,0.0,406,0,0.0,False,False,False,False
B0_OFF,ATTACK_DIVERSE_HIGH,15,r15-t019-d34cb284,1789127263272992511,1789127263625251093,0.0,406,0,0.0,False,False,False,False
B0_OFF,ATTACK_DIVERSE_HIGH,15,r15-t020-bedc421b,1789127263638276966,1789127263955343348,0.0,406,0,0.0,False,False,False,False
B0_OFF,ATTACK_DIVERSE_HIGH,15,r15-t021-10a6f653,1789127263967747900,1789127264319071682,0.0,406,0,0.0,False,False,False,False
B0_OFF,ATTACK_DIVERSE_HIGH,15,r15-t022-6d498458,1789127264330060886,1789127264656120186,0.0,406,0,0.0,False,False,False,False
B0_OFF,ATTACK_DIVERSE_HIGH,15,r15-t023-8ab39f8a,1789127264668010663,1789127265013611825,0.0,406,0,0.0,False,False,False,False
B0_OFF,ATTACK_DIVERSE_HIGH,15,r15-t024-f25aa61b,1789127265024635872,1789127265372674144,0.0,406,0,0.0,False,False,False,False
B0_OFF,ATTACK_DIVERSE_HIGH,15,r15-t025-88a8232e,1789127265384733381,1789127265733967152,0.0,406,0,0.0,False,False,False,False
B0_OFF,ATTACK_DIVERSE_HIGH,15,r15-t026-81269a0f,1789127265745234336,1789127266051432754,0.0,406,0,0.0,False,False,False,False
B0_OFF,ATTACK_DIVERSE_HIGH,15,r15-t027-927b2891,1789127266062992756,1789127266389517577,0.0,406,0,0.0,False,False,False,False
B0_OFF,ATTACK_DIVERSE_HIGH,15,r15-t028-cd7732f8,1789127266400609614,1789127266711617922,0.0,406,0,0.0,False,False,False,False
B0_OFF,ATTACK_DIVERSE_HIGH,15,r15-t029-089d1759,1789127266724110752,1789127267054031149,0.0,406,0,0.0,False,False,False,False
B0_OFF,ATTACK_DIVERSE_HIGH,15,r15-t030-e819721a,1789127267065167044,1789127267412693778,0.0,406,0,0.0,False,False,False,False
B0_OFF,ATTACK_DIVERSE_HIGH,15,r15-t031-28ff6eae,1789127267423465750,1789127267748794139,0.0,406,0,0.0,False,False,False,False
B0_OFF,ATTACK_DIVERSE_HIGH,15,r15-t032-af1d1876,1789127267759264172,1789127268111605264,0.0,406,0,0.0,False,False,False,False
B0_OFF,ATTACK_DIVERSE_HIGH,15,r15-t033-df377847,1789127268123386400,1789127268447047195,0.0,406,0,0.0,False,False,False,False
B0_OFF,ATTACK_DIVERSE_HIGH,15,r15-t034-658c6aef,1789127268459859581,1789127268789148836,0.0,406,0,0.0,False,False,False,False
B0_OFF,ATTACK_DIVERSE_HIGH,15,r15-t035-e50f3a9f,1789127268800176496,1789127269139161355,0.0,406,0,0.0,False,False,False,False
B0_OFF,ATTACK_DIVERSE_HIGH,15,r15-t036-498d1f4a,1789127269151442733,1789127269500985876,0.0,406,0,0.0,False,False,False,False
B0_OFF,ATTACK_DIVERSE_HIGH,15,r15-t037-df84b7bd,1789127269512474323,1789127269865558036,0.0,406,0,0.0,False,False,False,False
B0_OFF,ATTACK_DIVERSE_HIGH,15,r15-t038-335034ff,1789127269877621950,1789127270229240809,0.0,406,0,0.0,False,False,False,False
B0_OFF,ATTACK_DIVERSE_HIGH,15,r15-t039-aa471af5,1789127270240363421,1789127270590866837,0.0,406,0,0.0,False,False,False,False
B0_OFF,ATTACK_DIVERSE_HIGH,15,r15-t040-35a9e546,1789127271423490840,1789127271740953277,0.0,287,0,0.0,False,False,False,False
B0_OFF,ATTACK_DIVERSE_HIGH,15,r15-t041-19218e91,1789127272866163208,1789127273207156486,0.0,50,0,0.0,False,False,False,False
B0_OFF,ATTACK_DIVERSE_HIGH,15,r15-t042-714db9f8,1789127273218864945,1789127273578692561,0.0,91,0,0.0,False,False,False,False
B0_OFF,ATTACK_DIVERSE_HIGH,15,r15-t043-a9ef0a9e,1789127273590440002,1789127273905290522,0.0,167,0,0.0,False,False,False,False
B0_OFF,ATTACK_DIVERSE_HIGH,15,r15-t044-b488091f,1789127273917543205,1789127274229713287,0.0,183,0,0.0,False,False,False,False
B0_OFF,ATTACK_DIVERSE_HIGH,15,r15-t045-a0a186b5,1789127274241128869,1789127274574280831,0.0,249,0,0.0,False,False,False,False
B0_OFF,ATTACK_DIVERSE_HIGH,15,r15-t046-48269aef,1789127274587039606,1789127274950023363,0.0,319,0,0.0,False,False,False,False
B0_OFF,ATTACK_DIVERSE_HIGH,15,r15-t047-48a4178a,1789127274962665856,1789127275270111779,0.0,395,0,0.0,False,False,False,False
B0_OFF,ATTACK_DIVERSE_HIGH,15,r15-t048-f7dba461,1789127275282710100,1789127275600515060,0.0,406,0,0.0,False,False,False,False
B0_OFF,ATTACK_DIVERSE_HIGH,15,r15-t049-34c1e57c,1789127275612242302,1789127275958833177,0.0,406,0,0.0,False,False,False,False
B0_OFF,BENIGN_DIVERSE_MODERATE,15,r15-t000-a3fcdc22,1789127288324621270,1789127288688953716,0.0,24,0,0.0,False,False,False,False
B0_OFF,BENIGN_DIVERSE_MODERATE,15,r15-t001-08b6e34d,1789127288699808598,1789127289045324417,0.0,25,0,0.0,False,False,False,False
B0_OFF,BENIGN_DIVERSE_MODERATE,15,r15-t002-5f4ee681,1789127289056145706,1789127289382573361,0.0,26,0,0.0,False,False,False,False
B0_OFF,BENIGN_DIVERSE_MODERATE,15,r15-t003-135827b5,1789127289392559041,1789127289727628871,0.0,27,0,0.0,False,False,False,False
B0_OFF,BENIGN_DIVERSE_MODERATE,15,r15-t004-2c768ae1,1789127289739842934,1789127290072987740,0.0,28,0,0.0,False,False,False,False
B0_OFF,BENIGN_DIVERSE_MODERATE,15,r15-t005-512f9cf8,1789127290084430487,1789127290426763903,0.0,29,0,0.0,False,False,False,False
B0_OFF,BENIGN_DIVERSE_MODERATE,15,r15-t006-e23ec5d5,1789127290437064232,1789127290779600322,0.0,30,0,0.0,False,False,False,False
B0_OFF,BENIGN_DIVERSE_MODERATE,15,r15-t007-66e37b0a,1789127290790653957,1789127291122720543,0.0,30,0,0.0,False,False,False,False
B0_OFF,BENIGN_DIVERSE_MODERATE,15,r15-t008-9958566f,1789127291132653690,1789127291466936527,0.0,30,0,0.0,False,False,False,False
B0_OFF,BENIGN_DIVERSE_MODERATE,15,r15-t009-4c9318da,1789127291477011975,1789127291830310847,0.0,30,0,0.0,False,False,False,False
B0_OFF,BENIGN_DIVERSE_MODERATE,15,r15-t010-c34db2f2,1789127291841315120,1789127292160064603,0.0,30,0,0.0,False,False,False,False
B0_OFF,BENIGN_DIVERSE_MODERATE,15,r15-t011-6d1819c5,1789127292170291497,1789127292526416881,0.0,30,0,0.0,False,False,False,False
B0_OFF,BENIGN_DIVERSE_MODERATE,15,r15-t012-2bd8778c,1789127292536396496,1789127292881191014,0.0,30,0,0.0,False,False,False,False
B0_OFF,BENIGN_DIVERSE_MODERATE,15,r15-t013-2dd1a177,1789127292891981885,1789127293249846251,0.0,30,0,0.0,False,False,False,False
B0_OFF,BENIGN_DIVERSE_MODERATE,15,r15-t014-a9640cb8,1789127293261023168,1789127293602845409,0.0,30,0,0.0,False,False,False,False
B0_OFF,BENIGN_DIVERSE_MODERATE,15,r15-t015-84b3cb3d,1789127293612831939,1789127293946401751,0.0,30,0,0.0,False,False,False,False
B0_OFF,BENIGN_DIVERSE_MODERATE,15,r15-t016-57035073,1789127293956590441,1789127294300196946,0.0,30,0,0.0,False,False,False,False
B0_OFF,BENIGN_DIVERSE_MODERATE,15,r15-t017-3503877c,1789127294311988916,1789127294635258696,0.0,30,0,0.0,False,False,False,False
B0_OFF,BENIGN_DIVERSE_MODERATE,15,r15-t018-f70e1dd3,1789127294645092002,1789127294977446486,0.0,30,0,0.0,False,False,False,False
B0_OFF,BENIGN_DIVERSE_MODERATE,15,r15-t019-30cc59df,1789127294989335395,1789127295327301678,0.0,30,0,0.0,False,False,False,False
B0_OFF,BENIGN_DIVERSE_MODERATE,15,r15-t020-a71ebdbf,1789127295337035785,1789127295671473352,0.0,30,0,0.0,False,False,False,False
B0_OFF,BENIGN_DIVERSE_MODERATE,15,r15-t021-0941c5ef,1789127295682064863,1789127296008272871,0.0,30,0,0.0,False,False,False,False
B0_OFF,BENIGN_DIVERSE_MODERATE,15,r15-t022-07ef8ebf,1789127296019072004,1789127296333691241,0.0,30,0,0.0,False,False,False,False
B0_OFF,BENIGN_DIVERSE_MODERATE,15,r15-t023-39799b3b,1789127296343658004,1789127296685588857,0.0,30,0,0.0,False,False,False,False
B0_OFF,BENIGN_DIVERSE_MODERATE,15,r15-t024-fd31a583,1789127296696433729,1789127297034413941,0.0,30,0,0.0,False,False,False,False
B0_OFF,BENIGN_DIVERSE_MODERATE,15,r15-t025-ebe26504,1789127297044951617,1789127297371328847,0.0,30,0,0.0,False,False,False,False
B0_OFF,BENIGN_DIVERSE_MODERATE,15,r15-t026-cc111d3b,1789127297382079509,1789127297727909331,0.0,30,0,0.0,False,False,False,False
B0_OFF,BENIGN_DIVERSE_MODERATE,15,r15-t027-336f3a6e,1789127297739168788,1789127298070700222,0.0,30,0,0.0,False,False,False,False
B0_OFF,BENIGN_DIVERSE_MODERATE,15,r15-t028-49a73c3a,1789127298081376155,1789127298404063635,0.0,30,0,0.0,False,False,False,False
B0_OFF,BENIGN_DIVERSE_MODERATE,15,r15-t029-8d740c43,1789127298414767992,1789127298731666546,0.0,30,0,0.0,False,False,False,False
B0_OFF,BENIGN_DIVERSE_MODERATE,15,r15-t030-acae6bc8,1789127298742391327,1789127299073068652,0.0,30,0,0.0,False,False,False,False
B0_OFF,BENIGN_DIVERSE_MODERATE,15,r15-t031-62095012,1789127299084608858,1789127299426298301,0.0,30,0,0.0,False,False,False,False
B0_OFF,BENIGN_DIVERSE_MODERATE,15,r15-t032-058caf16,1789127299436470334,1789127299783065983,0.0,30,0,0.0,False,False,False,False
B0_OFF,BENIGN_DIVERSE_MODERATE,15,r15-t033-0e1ba50b,1789127299793154722,1789127300131178322,0.0,30,0,0.0,False,False,False,False
B0_OFF,BENIGN_DIVERSE_MODERATE,15,r15-t034-184fc862,1789127300141051347,1789127300488147133,0.0,30,0,0.0,False,False,False,False
B0_OFF,BENIGN_DIVERSE_MODERATE,15,r15-t035-4726ac6b,1789127300497903827,1789127300854222009,0.0,30,0,0.0,False,False,False,False
B0_OFF,BENIGN_DIVERSE_MODERATE,15,r15-t036-3234351f,1789127300863976353,1789127301198487302,0.0,30,0,0.0,False,False,False,False
B0_OFF,BENIGN_DIVERSE_MODERATE,15,r15-t037-710bc8c9,1789127301209584380,1789127301554676892,0.0,30,0,0.0,False,False,False,False
B0_OFF,BENIGN_DIVERSE_MODERATE,15,r15-t038-08964d79,1789127301564983594,1789127301903914672,0.0,30,0,0.0,False,False,False,False
B0_OFF,BENIGN_DIVERSE_MODERATE,15,r15-t039-563cbd2d,1789127301914573031,1789127302222100995,0.0,30,0,0.0,False,False,False,False
B0_OFF,BENIGN_DIVERSE_MODERATE,15,r15-t040-bc72b54e,1789127302232506847,1789127302587019556,0.0,30,0,0.0,False,False,False,False
B0_OFF,BENIGN_DIVERSE_MODERATE,15,r15-t041-870dbc67,1789127303410410299,1789127303742787966,0.0,20,0,0.0,False,False,False,False
B0_OFF,BENIGN_DIVERSE_MODERATE,15,r15-t042-4c920116,1789127304866633034,1789127305202619421,0.0,4,0,0.0,False,False,False,False
B0_OFF,BENIGN_DIVERSE_MODERATE,15,r15-t043-27d2910b,1789127305212994113,1789127305560776450,0.0,8,0,0.0,False,False,False,False
B0_OFF,BENIGN_DIVERSE_MODERATE,15,r15-t044-341d89d9,1789127305570995899,1789127305903549583,0.0,13,0,0.0,False,False,False,False
B0_OFF,BENIGN_DIVERSE_MODERATE,15,r15-t045-4f8b4588,1789127305914786605,1789127306253865843,0.0,15,0,0.0,False,False,False,False
B0_OFF,BENIGN_DIVERSE_MODERATE,15,r15-t046-90b62c56,1789127306264531945,1789127306606732457,0.0,20,0,0.0,False,False,False,False
B0_OFF,BENIGN_DIVERSE_MODERATE,15,r15-t047-6626b88a,1789127306618640590,1789127306947550332,0.0,25,0,0.0,False,False,False,False
B0_OFF,BENIGN_DIVERSE_MODERATE,15,r15-t048-75d9d853,1789127306957621243,1789127307282347567,0.0,30,0,0.0,False,False,False,False
B0_OFF,BENIGN_DIVERSE_MODERATE,15,r15-t049-8e802863,1789127307293118013,1789127307627704859,0.0,30,0,0.0,False,False,False,False
B1_RL2_TC,BENIGN_DIVERSE_MODERATE,15,r15-t000-a3fcdc22,1789127318765854143,1789127319891635724,0.0,24,0,0.0,False,False,False,False
B1_RL2_TC,BENIGN_DIVERSE_MODERATE,15,r15-t001-08b6e34d,1789127319901905591,1789127320274690757,0.0,27,0,0.0,False,False,False,False
B1_RL2_TC,BENIGN_DIVERSE_MODERATE,15,r15-t002-5f4ee681,1789127320284093667,1789127320674122077,0.0,28,0,0.0,False,False,False,False
B1_RL2_TC,BENIGN_DIVERSE_MODERATE,15,r15-t003-135827b5,1789127320684395117,1789127321068720286,0.0,29,0,0.0,False,False,False,False
B1_RL2_TC,BENIGN_DIVERSE_MODERATE,15,r15-t004-2c768ae1,1789127321083558646,1789127321473048114,0.0,30,0,0.0,False,False,False,False
B1_RL2_TC,BENIGN_DIVERSE_MODERATE,15,r15-t005-512f9cf8,1789127321483541513,1789127321891257055,0.0,30,0,0.0,False,False,False,False
B1_RL2_TC,BENIGN_DIVERSE_MODERATE,15,r15-t006-e23ec5d5,1789127321901213846,1789127322261597655,0.0,29,0,0.0,False,False,False,False
B1_RL2_TC,BENIGN_DIVERSE_MODERATE,15,r15-t007-66e37b0a,1789127322271679284,1789127322669091252,0.0,29,0,0.0,False,False,False,False
B1_RL2_TC,BENIGN_DIVERSE_MODERATE,15,r15-t008-9958566f,1789127322679922750,1789127323058108819,0.0,29,0,0.0,False,False,False,False
B1_RL2_TC,BENIGN_DIVERSE_MODERATE,15,r15-t009-4c9318da,1789127323067902677,1789127323488675139,0.0,29,0,0.0,False,False,False,False
B1_RL2_TC,BENIGN_DIVERSE_MODERATE,15,r15-t010-c34db2f2,1789127323499464339,1789127323896829062,0.0,29,0,0.0,False,False,False,False
B1_RL2_TC,BENIGN_DIVERSE_MODERATE,15,r15-t011-6d1819c5,1789127323908607815,1789127324273833977,0.0,29,0,0.0,False,False,False,False
B1_RL2_TC,BENIGN_DIVERSE_MODERATE,15,r15-t012-2bd8778c,1789127324283668078,1789127324665720112,0.0,29,0,0.0,False,False,False,False
B1_RL2_TC,BENIGN_DIVERSE_MODERATE,15,r15-t013-2dd1a177,1789127324675580449,1789127325049534537,0.0,29,0,0.0,False,False,False,False
B1_RL2_TC,BENIGN_DIVERSE_MODERATE,15,r15-t014-a9640cb8,1789127325059486286,1789127325433761759,0.0,29,0,0.0,False,False,False,False
B1_RL2_TC,BENIGN_DIVERSE_MODERATE,15,r15-t015-84b3cb3d,1789127325443602675,1789127325826522880,0.0,29,0,0.0,False,False,False,False
B1_RL2_TC,BENIGN_DIVERSE_MODERATE,15,r15-t016-57035073,1789127325836571455,1789127326227458978,0.0,29,0,0.0,False,False,False,False
B1_RL2_TC,BENIGN_DIVERSE_MODERATE,15,r15-t017-3503877c,1789127326238113256,1789127326595405153,0.0,29,0,0.0,False,False,False,False
B1_RL2_TC,BENIGN_DIVERSE_MODERATE,15,r15-t018-f70e1dd3,1789127326606334225,1789127326963634245,0.0,29,0,0.0,False,False,False,False
B1_RL2_TC,BENIGN_DIVERSE_MODERATE,15,r15-t019-30cc59df,1789127326973702336,1789127327334005259,0.0,30,0,0.0,False,False,False,False
B1_RL2_TC,BENIGN_DIVERSE_MODERATE,15,r15-t020-a71ebdbf,1789127327344358615,1789127327730169278,0.0,30,0,0.0,False,False,False,False
B1_RL2_TC,BENIGN_DIVERSE_MODERATE,15,r15-t021-0941c5ef,1789127327741514059,1789127328098488204,0.0,30,0,0.0,False,False,False,False
B1_RL2_TC,BENIGN_DIVERSE_MODERATE,15,r15-t022-07ef8ebf,1789127328109294692,1789127328485648277,0.0,30,0,0.0,False,False,False,False
B1_RL2_TC,BENIGN_DIVERSE_MODERATE,15,r15-t023-39799b3b,1789127328495424148,1789127328857998757,0.0,30,0,0.0,False,False,False,False
B1_RL2_TC,BENIGN_DIVERSE_MODERATE,15,r15-t024-fd31a583,1789127328867847168,1789127329222844395,0.0,30,0,0.0,False,False,False,False
B1_RL2_TC,BENIGN_DIVERSE_MODERATE,15,r15-t025-ebe26504,1789127329233121255,1789127329615609830,0.0,30,0,0.0,False,False,False,False
B1_RL2_TC,BENIGN_DIVERSE_MODERATE,15,r15-t026-cc111d3b,1789127329625551599,1789127329978020238,0.0,30,0,0.0,False,False,False,False
B1_RL2_TC,BENIGN_DIVERSE_MODERATE,15,r15-t027-336f3a6e,1789127329987550231,1789127330358986157,0.0,30,0,0.0,False,False,False,False
B1_RL2_TC,BENIGN_DIVERSE_MODERATE,15,r15-t028-49a73c3a,1789127330368818271,1789127330773851521,0.0,30,0,0.0,False,False,False,False
B1_RL2_TC,BENIGN_DIVERSE_MODERATE,15,r15-t029-8d740c43,1789127330783659046,1789127331158561290,0.0,30,0,0.0,False,False,False,False
B1_RL2_TC,BENIGN_DIVERSE_MODERATE,15,r15-t030-acae6bc8,1789127331168951103,1789127331549910334,0.0,30,0,0.0,False,False,False,False
B1_RL2_TC,BENIGN_DIVERSE_MODERATE,15,r15-t031-62095012,1789127331559964680,1789127331922924781,0.0,30,0,0.0,False,False,False,False
B1_RL2_TC,BENIGN_DIVERSE_MODERATE,15,r15-t032-058caf16,1789127331934078888,1789127332330477669,0.0,29,0,0.0,False,False,False,False
B1_RL2_TC,BENIGN_DIVERSE_MODERATE,15,r15-t033-0e1ba50b,1789127332340765457,1789127332731347757,0.0,29,0,0.0,False,False,False,False
B1_RL2_TC,BENIGN_DIVERSE_MODERATE,15,r15-t034-184fc862,1789127332741280954,1789127333154627995,0.0,29,0,0.0,False,False,False,False
B1_RL2_TC,BENIGN_DIVERSE_MODERATE,15,r15-t035-4726ac6b,1789127333164506457,1789127333550998419,0.0,29,0,0.0,False,False,False,False
B1_RL2_TC,BENIGN_DIVERSE_MODERATE,15,r15-t036-3234351f,1789127333561001328,1789127333965942727,0.0,29,0,0.0,False,False,False,False
B1_RL2_TC,BENIGN_DIVERSE_MODERATE,15,r15-t037-710bc8c9,1789127333978178605,1789127334343013974,0.0,29,0,0.0,False,False,False,False
B1_RL2_TC,BENIGN_DIVERSE_MODERATE,15,r15-t038-08964d79,1789127335151170375,1789127335525815341,0.0,23,0,0.0,False,False,False,False
B1_RL2_TC,BENIGN_DIVERSE_MODERATE,15,r15-t039-563cbd2d,1789127336654124203,1789127337015878310,0.0,5,0,0.0,False,False,False,False
B1_RL2_TC,BENIGN_DIVERSE_MODERATE,15,r15-t040-bc72b54e,1789127337026025191,1789127337378885426,0.0,6,0,0.0,False,False,False,False
B1_RL2_TC,BENIGN_DIVERSE_MODERATE,15,r15-t041-870dbc67,1789127337388702579,1789127337765495400,0.0,11,0,0.0,False,False,False,False
B1_RL2_TC,BENIGN_DIVERSE_MODERATE,15,r15-t042-4c920116,1789127337775051491,1789127338143715567,0.0,14,0,0.0,False,False,False,False
B1_RL2_TC,BENIGN_DIVERSE_MODERATE,15,r15-t043-27d2910b,1789127338153241903,1789127338528422349,0.0,19,0,0.0,False,False,False,False
B1_RL2_TC,BENIGN_DIVERSE_MODERATE,15,r15-t044-341d89d9,1789127338537829491,1789127338944859319,0.0,25,0,0.0,False,False,False,False
B1_RL2_TC,BENIGN_DIVERSE_MODERATE,15,r15-t045-4f8b4588,1789127338955472789,1789127339367650580,0.0,30,0,0.0,False,False,False,False
B1_RL2_TC,BENIGN_DIVERSE_MODERATE,15,r15-t046-90b62c56,1789127339378936730,1789127339743919008,0.0,29,0,0.0,False,False,False,False
B1_RL2_TC,BENIGN_DIVERSE_MODERATE,15,r15-t047-6626b88a,1789127339753327283,1789127340133234723,0.0,29,0,0.0,False,False,False,False
B1_RL2_TC,BENIGN_DIVERSE_MODERATE,15,r15-t048-75d9d853,1789127340142765500,1789127340529769145,0.0,29,0,0.0,False,False,False,False
B1_RL2_TC,BENIGN_DIVERSE_MODERATE,15,r15-t049-8e802863,1789127340539330619,1789127340935666317,0.0,29,0,0.0,False,False,False,False
RFC_DROP_NATIVE,BENIGN_DIVERSE_MODERATE,15,r15-t000-a3fcdc22,1789127352099752516,1789127354120867190,0.0,24,0,0.0,False,False,False,False
RFC_DROP_NATIVE,BENIGN_DIVERSE_MODERATE,15,r15-t001-08b6e34d,1789127352105169138,1789127354115806320,0.0,24,0,0.0,False,False,False,False
RFC_DROP_NATIVE,BENIGN_DIVERSE_MODERATE,15,r15-t002-5f4ee681,1789127352114791597,1789127354133810507,0.0,24,0,0.0,False,False,False,False
RFC_DROP_NATIVE,BENIGN_DIVERSE_MODERATE,15,r15-t003-135827b5,1789127352124501599,1789127354134620899,0.0,24,0,0.0,False,False,False,False
RFC_DROP_NATIVE,BENIGN_DIVERSE_MODERATE,15,r15-t004-2c768ae1,1789127352134885023,1789127354143812574,0.0,24,0,0.0,False,False,False,False
RFC_DROP_NATIVE,BENIGN_DIVERSE_MODERATE,15,r15-t005-512f9cf8,1789127352144663569,1789127354155031539,0.0,24,0,0.0,False,False,False,False
RFC_DROP_NATIVE,BENIGN_DIVERSE_MODERATE,15,r15-t006-e23ec5d5,1789127352154694495,1789127354166389096,0.0,24,0,0.0,False,False,False,False
RFC_DROP_NATIVE,BENIGN_DIVERSE_MODERATE,15,r15-t007-66e37b0a,1789127352165201876,1789127354175124540,0.0,24,0,0.0,False,False,False,False
RFC_DROP_NATIVE,BENIGN_DIVERSE_MODERATE,15,r15-t008-9958566f,1789127352174794068,1789127354183767184,0.0,24,0,0.0,False,False,False,False
RFC_DROP_NATIVE,BENIGN_DIVERSE_MODERATE,15,r15-t009-4c9318da,1789127352184697128,1789127354195509896,0.0,24,0,0.0,False,False,False,False
RFC_DROP_NATIVE,BENIGN_DIVERSE_MODERATE,15,r15-t010-c34db2f2,1789127352194829287,1789127354204545655,0.0,24,0,0.0,False,False,False,False
RFC_DROP_NATIVE,BENIGN_DIVERSE_MODERATE,15,r15-t011-6d1819c5,1789127352205307611,1789127354215315974,0.0,24,0,0.0,False,False,False,False
RFC_DROP_NATIVE,BENIGN_DIVERSE_MODERATE,15,r15-t012-2bd8778c,1789127352214762251,1789127354223670383,0.0,24,0,0.0,False,False,False,False
RFC_DROP_NATIVE,BENIGN_DIVERSE_MODERATE,15,r15-t013-2dd1a177,1789127352225062696,1789127354235270851,0.0,24,0,0.0,False,False,False,False
RFC_DROP_NATIVE,BENIGN_DIVERSE_MODERATE,15,r15-t014-a9640cb8,1789127352234951321,1789127354244443236,0.0,24,0,0.0,False,False,False,False
RFC_DROP_NATIVE,BENIGN_DIVERSE_MODERATE,15,r15-t015-84b3cb3d,1789127352244636086,1789127354255107457,0.0,24,0,0.0,False,False,False,False
RFC_DROP_NATIVE,BENIGN_DIVERSE_MODERATE,15,r15-t016-57035073,1789127352254665615,1789127354266158050,0.0,24,0,0.0,False,False,False,False
RFC_DROP_NATIVE,BENIGN_DIVERSE_MODERATE,15,r15-t017-3503877c,1789127352264712560,1789127354274593086,0.0,24,0,0.0,False,False,False,False
RFC_DROP_NATIVE,BENIGN_DIVERSE_MODERATE,15,r15-t018-f70e1dd3,1789127352274798249,1789127354286192243,0.0,24,0,0.0,False,False,False,False
RFC_DROP_NATIVE,BENIGN_DIVERSE_MODERATE,15,r15-t019-30cc59df,1789127352284713230,1789127354295293085,0.0,24,0,0.0,False,False,False,False
RFC_DROP_NATIVE,BENIGN_DIVERSE_MODERATE,15,r15-t020-a71ebdbf,1789127352294855169,1789127354306506899,0.0,24,0,0.0,False,False,False,False
RFC_DROP_NATIVE,BENIGN_DIVERSE_MODERATE,15,r15-t021-0941c5ef,1789127352304553994,1789127354313204192,0.0,24,0,0.0,False,False,False,False
RFC_DROP_NATIVE,BENIGN_DIVERSE_MODERATE,15,r15-t022-07ef8ebf,1789127352314766431,1789127354325867700,0.0,24,0,0.0,False,False,False,False
RFC_DROP_NATIVE,BENIGN_DIVERSE_MODERATE,15,r15-t023-39799b3b,1789127352324621532,1789127354335263707,0.0,24,0,0.0,False,False,False,False
RFC_DROP_NATIVE,BENIGN_DIVERSE_MODERATE,15,r15-t024-fd31a583,1789127352334886772,1789127354344297219,0.0,24,0,0.0,False,False,False,False
RFC_DROP_NATIVE,BENIGN_DIVERSE_MODERATE,15,r15-t025-ebe26504,1789127352345066987,1789127354365813976,0.0,24,0,0.0,False,False,False,False
RFC_DROP_NATIVE,BENIGN_DIVERSE_MODERATE,15,r15-t026-cc111d3b,1789127352354831563,1789127354363511843,0.0,24,0,0.0,False,False,False,False
RFC_DROP_NATIVE,BENIGN_DIVERSE_MODERATE,15,r15-t027-336f3a6e,1789127352364888008,1789127354375719497,0.0,24,0,0.0,False,False,False,False
RFC_DROP_NATIVE,BENIGN_DIVERSE_MODERATE,15,r15-t028-49a73c3a,1789127352374857005,1789127354416855700,0.0,24,0,0.0,False,False,False,False
RFC_DROP_NATIVE,BENIGN_DIVERSE_MODERATE,15,r15-t029-8d740c43,1789127352396266076,1789127354417166317,0.0,24,0,0.0,False,False,False,False
RFC_DROP_NATIVE,BENIGN_DIVERSE_MODERATE,15,r15-t030-acae6bc8,1789127352397911494,1789127354420437191,0.0,24,0,0.0,False,False,False,False
RFC_DROP_NATIVE,BENIGN_DIVERSE_MODERATE,15,r15-t031-62095012,1789127352405155697,1789127354425768693,0.0,24,0,0.0,False,False,False,False
RFC_DROP_NATIVE,BENIGN_DIVERSE_MODERATE,15,r15-t032-058caf16,1789127352414790729,1789127354423569662,0.0,24,0,0.0,False,False,False,False
RFC_DROP_NATIVE,BENIGN_DIVERSE_MODERATE,15,r15-t033-0e1ba50b,1789127352424725732,1789127354433585493,0.0,24,0,0.0,False,False,False,False
RFC_DROP_NATIVE,BENIGN_DIVERSE_MODERATE,15,r15-t034-184fc862,1789127352434668745,1789127354445646689,0.0,24,0,0.0,False,False,False,False
RFC_DROP_NATIVE,BENIGN_DIVERSE_MODERATE,15,r15-t035-4726ac6b,1789127352444608684,1789127354454856343,0.0,24,0,0.0,False,False,False,False
RFC_DROP_NATIVE,BENIGN_DIVERSE_MODERATE,15,r15-t036-3234351f,1789127352454800820,1789127354463712495,0.0,24,0,0.0,False,False,False,False
RFC_DROP_NATIVE,BENIGN_DIVERSE_MODERATE,15,r15-t037-710bc8c9,1789127352464569959,1789127354478381943,0.0,24,0,0.0,False,False,False,False
RFC_DROP_NATIVE,BENIGN_DIVERSE_MODERATE,15,r15-t038-08964d79,1789127352476926991,1789127354488767854,0.0,24,0,0.0,False,False,False,False
RFC_DROP_NATIVE,BENIGN_DIVERSE_MODERATE,15,r15-t039-563cbd2d,1789127352485047825,1789127354495689049,0.0,24,0,0.0,False,False,False,False
RFC_DROP_NATIVE,BENIGN_DIVERSE_MODERATE,15,r15-t040-bc72b54e,1789127352495063946,1789127354507017202,0.0,25,0,0.0,False,False,False,False
RFC_DROP_NATIVE,BENIGN_DIVERSE_MODERATE,15,r15-t041-870dbc67,1789127352505332632,1789127354515629692,0.0,25,0,0.0,False,False,False,False
RFC_DROP_NATIVE,BENIGN_DIVERSE_MODERATE,15,r15-t042-4c920116,1789127352515284026,1789127354525509366,0.0,25,0,0.0,False,False,False,False
RFC_DROP_NATIVE,BENIGN_DIVERSE_MODERATE,15,r15-t043-27d2910b,1789127352524896243,1789127354535566497,0.0,25,0,0.0,False,False,False,False
RFC_DROP_NATIVE,BENIGN_DIVERSE_MODERATE,15,r15-t044-341d89d9,1789127352535771486,1789127354547139995,0.0,25,0,0.0,False,False,False,False
RFC_DROP_NATIVE,BENIGN_DIVERSE_MODERATE,15,r15-t045-4f8b4588,1789127352545104405,1789127354555793875,0.0,25,0,0.0,False,False,False,False
RFC_DROP_NATIVE,BENIGN_DIVERSE_MODERATE,15,r15-t046-90b62c56,1789127352555416864,1789127354566801206,0.0,25,0,0.0,False,False,False,False
RFC_DROP_NATIVE,BENIGN_DIVERSE_MODERATE,15,r15-t047-6626b88a,1789127352565522018,1789127354577768083,0.0,25,0,0.0,False,False,False,False
RFC_DROP_NATIVE,BENIGN_DIVERSE_MODERATE,15,r15-t048-75d9d853,1789127352575391457,1789127354585729937,0.0,25,0,0.0,False,False,False,False
RFC_DROP_NATIVE,BENIGN_DIVERSE_MODERATE,15,r15-t049-8e802863,1789127352585058618,1789127354595887452,0.0,25,0,0.0,False,False,False,False
B5_LOCKED_TC,ATTACK_DIVERSE_HIGH,15,r15-t000-da1d8728,1789127386523120640,1789127386794546318,0.0,400,0,0.0,False,False,False,False
B5_LOCKED_TC,ATTACK_DIVERSE_HIGH,15,r15-t001-3c9b5be3,1789127386807407670,1789127387067383956,0.0,401,0,0.0,False,False,False,False
B5_LOCKED_TC,ATTACK_DIVERSE_HIGH,15,r15-t002-3756e6ca,1789127387078503571,1789127387431310002,0.0,402,0,0.0,False,False,False,False
B5_LOCKED_TC,ATTACK_DIVERSE_HIGH,15,r15-t003-1bf19d32,1789127387442282874,1789127387735699159,0.0,403,0,0.0,False,False,False,False
B5_LOCKED_TC,ATTACK_DIVERSE_HIGH,15,r15-t004-fcbe8af5,1789127387746500687,1789127388096854713,0.0,404,0,0.0,False,False,False,False
B5_LOCKED_TC,ATTACK_DIVERSE_HIGH,15,r15-t005-06664fb0,1789127388107869270,1789127388446547123,0.0,405,0,0.0,False,False,False,False
B5_LOCKED_TC,ATTACK_DIVERSE_HIGH,15,r15-t006-ab47443b,1789127388457312411,1789127388777755379,0.0,406,0,0.0,False,False,False,False
B5_LOCKED_TC,ATTACK_DIVERSE_HIGH,15,r15-t007-305317f0,1789127388788913300,1789127389144172793,0.0,406,0,0.0,False,False,False,False
B5_LOCKED_TC,ATTACK_DIVERSE_HIGH,15,r15-t008-cde2d100,1789127389157161497,1789127389508410166,0.0,406,0,0.0,False,False,False,False
B5_LOCKED_TC,ATTACK_DIVERSE_HIGH,15,r15-t009-801dac31,1789127389518974444,1789127389818664026,0.0,406,0,0.0,False,False,False,False
B5_LOCKED_TC,ATTACK_DIVERSE_HIGH,15,r15-t010-52f6e07a,1789127389829847015,1789127390158393782,0.0,406,0,0.0,False,False,False,False
B5_LOCKED_TC,ATTACK_DIVERSE_HIGH,15,r15-t011-ef69bcdd,1789127390169834018,1789127390506625131,0.0,406,0,0.0,False,False,False,False
B5_LOCKED_TC,ATTACK_DIVERSE_HIGH,15,r15-t012-9cd0efd1,1789127390517804364,1789127390917745865,0.0,406,0,0.0,False,False,False,False
B5_LOCKED_TC,ATTACK_DIVERSE_HIGH,15,r15-t013-ebb89d5e,1789127390929176431,1789127391222789690,0.0,406,0,0.0,False,False,False,False
B5_LOCKED_TC,ATTACK_DIVERSE_HIGH,15,r15-t014-3e82d532,1789127391234080930,1789127391602781941,0.0,406,0,0.0,False,False,False,False
B5_LOCKED_TC,ATTACK_DIVERSE_HIGH,15,r15-t015-a9c8bcb4,1789127391619864372,1789127391911708061,0.0,406,0,0.0,False,False,False,False
B5_LOCKED_TC,ATTACK_DIVERSE_HIGH,15,r15-t016-d2d31bc5,1789127391922672575,1789127392256277562,0.0,406,0,0.0,False,False,False,False
B5_LOCKED_TC,ATTACK_DIVERSE_HIGH,15,r15-t017-d526f79d,1789127392266962015,1789127392593238516,0.0,406,0,0.0,False,False,False,False
B5_LOCKED_TC,ATTACK_DIVERSE_HIGH,15,r15-t018-90aab9c9,1789127392604119565,1789127392966634031,0.0,406,0,0.0,False,False,False,False
B5_LOCKED_TC,ATTACK_DIVERSE_HIGH,15,r15-t019-d34cb284,1789127392978302976,1789127393277875669,0.0,406,0,0.0,False,False,False,False
B5_LOCKED_TC,ATTACK_DIVERSE_HIGH,15,r15-t020-bedc421b,1789127393289058001,1789127393613404105,0.0,406,0,0.0,False,False,False,False
B5_LOCKED_TC,ATTACK_DIVERSE_HIGH,15,r15-t021-10a6f653,1789127393624306937,1789127393959488744,0.0,406,0,0.0,False,False,False,False
B5_LOCKED_TC,ATTACK_DIVERSE_HIGH,15,r15-t022-6d498458,1789127393971385644,1789127394321113354,0.0,406,0,0.0,False,False,False,False
B5_LOCKED_TC,ATTACK_DIVERSE_HIGH,15,r15-t023-8ab39f8a,1789127394333241872,1789127394650498432,0.0,406,0,0.0,False,False,False,False
B5_LOCKED_TC,ATTACK_DIVERSE_HIGH,15,r15-t024-f25aa61b,1789127394662463684,1789127395004619476,0.0,406,0,0.0,False,False,False,False
B5_LOCKED_TC,ATTACK_DIVERSE_HIGH,15,r15-t025-88a8232e,1789127395015622275,1789127395338655761,0.0,406,0,0.0,False,False,False,False
B5_LOCKED_TC,ATTACK_DIVERSE_HIGH,15,r15-t026-81269a0f,1789127395349907973,1789127395693294752,0.0,406,0,0.0,False,False,False,False
B5_LOCKED_TC,ATTACK_DIVERSE_HIGH,15,r15-t027-927b2891,1789127395704862596,1789127396031728479,0.0,406,0,0.0,False,False,False,False
B5_LOCKED_TC,ATTACK_DIVERSE_HIGH,15,r15-t028-cd7732f8,1789127396042876172,1789127396367905048,0.0,406,0,0.0,False,False,False,False
B5_LOCKED_TC,ATTACK_DIVERSE_HIGH,15,r15-t029-089d1759,1789127396378765124,1789127396700521270,0.0,406,0,0.0,False,False,False,False
B5_LOCKED_TC,ATTACK_DIVERSE_HIGH,15,r15-t030-e819721a,1789127396711497846,1789127397051351637,0.0,406,0,0.0,False,False,False,False
B5_LOCKED_TC,ATTACK_DIVERSE_HIGH,15,r15-t031-28ff6eae,1789127397062258596,1789127397345987636,0.0,406,0,0.0,False,False,False,False
B5_LOCKED_TC,ATTACK_DIVERSE_HIGH,15,r15-t032-af1d1876,1789127397356755079,1789127398045590436,0.0,406,0,0.0,False,False,False,False
B5_LOCKED_TC,ATTACK_DIVERSE_HIGH,15,r15-t033-df377847,1789127398057845767,1789127398452858638,0.0,406,0,0.0,False,False,False,False
B5_LOCKED_TC,ATTACK_DIVERSE_HIGH,15,r15-t034-658c6aef,1789127399260631761,1789127399593454286,0.0,267,0,0.0,False,False,False,False
B5_LOCKED_TC,ATTACK_DIVERSE_HIGH,15,r15-t035-e50f3a9f,1789127400717379854,1789127401067689699,0.0,52,0,0.0,False,False,False,False
B5_LOCKED_TC,ATTACK_DIVERSE_HIGH,15,r15-t036-498d1f4a,1789127401079279239,1789127401412301275,0.0,120,0,0.0,False,False,False,False
B5_LOCKED_TC,ATTACK_DIVERSE_HIGH,15,r15-t037-df84b7bd,1789127401423209083,1789127401814457476,0.0,180,0,0.0,False,False,False,False
B5_LOCKED_TC,ATTACK_DIVERSE_HIGH,15,r15-t038-335034ff,1789127401825534986,1789127402158045370,0.0,220,0,0.0,False,False,False,False
B5_LOCKED_TC,ATTACK_DIVERSE_HIGH,15,r15-t039-aa471af5,1789127402169089863,1789127402486965599,0.0,289,0,0.0,False,False,False,False
B5_LOCKED_TC,ATTACK_DIVERSE_HIGH,15,r15-t040-35a9e546,1789127402498546177,1789127402875351037,0.0,356,0,0.0,False,False,False,False
B5_LOCKED_TC,ATTACK_DIVERSE_HIGH,15,r15-t041-19218e91,1789127402887710793,1789127403242607497,0.0,406,0,0.0,False,False,False,False
B5_LOCKED_TC,ATTACK_DIVERSE_HIGH,15,r15-t042-714db9f8,1789127403254045447,1789127403610437585,0.0,406,0,0.0,False,False,False,False
B5_LOCKED_TC,ATTACK_DIVERSE_HIGH,15,r15-t043-a9ef0a9e,1789127403621581409,1789127403894330383,0.0,406,0,0.0,False,False,False,False
B5_LOCKED_TC,ATTACK_DIVERSE_HIGH,15,r15-t044-b488091f,1789127403905008401,1789127404282183510,0.0,406,0,0.0,False,False,False,False
B5_LOCKED_TC,ATTACK_DIVERSE_HIGH,15,r15-t045-a0a186b5,1789127404293063396,1789127404607383031,0.0,406,0,0.0,False,False,False,False
B5_LOCKED_TC,ATTACK_DIVERSE_HIGH,15,r15-t046-48269aef,1789127404618394413,1789127404970802185,0.0,406,0,0.0,False,False,False,False
B5_LOCKED_TC,ATTACK_DIVERSE_HIGH,15,r15-t047-48a4178a,1789127404983308256,1789127405356070919,0.0,406,0,0.0,False,False,False,False
B5_LOCKED_TC,ATTACK_DIVERSE_HIGH,15,r15-t048-f7dba461,1789127405367138600,1789127405677478390,0.0,406,0,0.0,False,False,False,False
B5_LOCKED_TC,ATTACK_DIVERSE_HIGH,15,r15-t049-34c1e57c,1789127405687494315,1789127406017522239,0.0,406,0,0.0,False,False,False,False
B0_OFF,ATTACK_DIVERSE_MODERATE,15,r15-t000-a3fcdc22,1789127418194243367,1789127418338214656,0.0,24,0,0.0,False,False,False,False
B0_OFF,ATTACK_DIVERSE_MODERATE,15,r15-t001-08b6e34d,1789127418348423488,1789127418613732387,0.0,25,0,0.0,False,False,False,False
B0_OFF,ATTACK_DIVERSE_MODERATE,15,r15-t002-5f4ee681,1789127418623664065,1789127418964428863,0.0,26,0,0.0,False,False,False,False
B0_OFF,ATTACK_DIVERSE_MODERATE,15,r15-t003-135827b5,1789127418975765172,1789127419273007429,0.0,27,0,0.0,False,False,False,False
B0_OFF,ATTACK_DIVERSE_MODERATE,15,r15-t004-2c768ae1,1789127419283929408,1789127419592986083,0.0,28,0,0.0,False,False,False,False
B0_OFF,ATTACK_DIVERSE_MODERATE,15,r15-t005-512f9cf8,1789127419602911598,1789127419925098796,0.0,29,0,0.0,False,False,False,False
B0_OFF,ATTACK_DIVERSE_MODERATE,15,r15-t006-e23ec5d5,1789127419935288393,1789127420265292573,0.0,30,0,0.0,False,False,False,False
B0_OFF,ATTACK_DIVERSE_MODERATE,15,r15-t007-66e37b0a,1789127420277894002,1789127420614518398,0.0,31,0,0.0,False,False,False,False
B0_OFF,ATTACK_DIVERSE_MODERATE,15,r15-t008-9958566f,1789127420624497704,1789127420947170564,0.0,30,0,0.0,False,False,False,False
B0_OFF,ATTACK_DIVERSE_MODERATE,15,r15-t009-4c9318da,1789127420958066676,1789127421282579925,0.0,30,0,0.0,False,False,False,False
B0_OFF,ATTACK_DIVERSE_MODERATE,15,r15-t010-c34db2f2,1789127421293704053,1789127421578741844,0.0,30,0,0.0,False,False,False,False
B0_OFF,ATTACK_DIVERSE_MODERATE,15,r15-t011-6d1819c5,1789127421590016916,1789127421899422204,0.0,30,0,0.0,False,False,False,False
B0_OFF,ATTACK_DIVERSE_MODERATE,15,r15-t012-2bd8778c,1789127421910284439,1789127422208930631,0.0,31,0,0.0,False,False,False,False
B0_OFF,ATTACK_DIVERSE_MODERATE,15,r15-t013-2dd1a177,1789127422219114840,1789127422536954365,0.0,31,0,0.0,False,False,False,False
B0_OFF,ATTACK_DIVERSE_MODERATE,15,r15-t014-a9640cb8,1789127422546971256,1789127422888174837,0.0,31,0,0.0,False,False,False,False
B0_OFF,ATTACK_DIVERSE_MODERATE,15,r15-t015-84b3cb3d,1789127422899224435,1789127423190179912,0.0,31,0,0.0,False,False,False,False
B0_OFF,ATTACK_DIVERSE_MODERATE,15,r15-t016-57035073,1789127423200979285,1789127423526808307,0.0,31,0,0.0,False,False,False,False
B0_OFF,ATTACK_DIVERSE_MODERATE,15,r15-t017-3503877c,1789127423536642446,1789127423855300494,0.0,31,0,0.0,False,False,False,False
B0_OFF,ATTACK_DIVERSE_MODERATE,15,r15-t018-f70e1dd3,1789127423866127158,1789127424190455490,0.0,31,0,0.0,False,False,False,False
B0_OFF,ATTACK_DIVERSE_MODERATE,15,r15-t019-30cc59df,1789127424201692355,1789127424508308659,0.0,31,0,0.0,False,False,False,False
B0_OFF,ATTACK_DIVERSE_MODERATE,15,r15-t020-a71ebdbf,1789127424518364698,1789127424849368731,0.0,31,0,0.0,False,False,False,False
B0_OFF,ATTACK_DIVERSE_MODERATE,15,r15-t021-0941c5ef,1789127424859972178,1789127425165404737,0.0,31,0,0.0,False,False,False,False
B0_OFF,ATTACK_DIVERSE_MODERATE,15,r15-t022-07ef8ebf,1789127425175556198,1789127425462247599,0.0,31,0,0.0,False,False,False,False
B0_OFF,ATTACK_DIVERSE_MODERATE,15,r15-t023-39799b3b,1789127425473970515,1789127425835679627,0.0,31,0,0.0,False,False,False,False
B0_OFF,ATTACK_DIVERSE_MODERATE,15,r15-t024-fd31a583,1789127425847040428,1789127426179555596,0.0,30,0,0.0,False,False,False,False
B0_OFF,ATTACK_DIVERSE_MODERATE,15,r15-t025-ebe26504,1789127426189986925,1789127426511607674,0.0,30,0,0.0,False,False,False,False
B0_OFF,ATTACK_DIVERSE_MODERATE,15,r15-t026-cc111d3b,1789127426522023664,1789127426840791532,0.0,30,0,0.0,False,False,False,False
B0_OFF,ATTACK_DIVERSE_MODERATE,15,r15-t027-336f3a6e,1789127426851099772,1789127427194730975,0.0,30,0,0.0,False,False,False,False
B0_OFF,ATTACK_DIVERSE_MODERATE,15,r15-t028-49a73c3a,1789127427205228554,1789127427505068277,0.0,30,0,0.0,False,False,False,False
B0_OFF,ATTACK_DIVERSE_MODERATE,15,r15-t029-8d740c43,1789127427516762492,1789127427846140958,0.0,30,0,0.0,False,False,False,False
B0_OFF,ATTACK_DIVERSE_MODERATE,15,r15-t030-acae6bc8,1789127427858287159,1789127428205214477,0.0,30,0,0.0,False,False,False,False
B0_OFF,ATTACK_DIVERSE_MODERATE,15,r15-t031-62095012,1789127428215721183,1789127428502793802,0.0,30,0,0.0,False,False,False,False
B0_OFF,ATTACK_DIVERSE_MODERATE,15,r15-t032-058caf16,1789127428513725017,1789127428842227179,0.0,30,0,0.0,False,False,False,False
B0_OFF,ATTACK_DIVERSE_MODERATE,15,r15-t033-0e1ba50b,1789127428853376152,1789127429173703281,0.0,30,0,0.0,False,False,False,False
B0_OFF,ATTACK_DIVERSE_MODERATE,15,r15-t034-184fc862,1789127429183749476,1789127429480619477,0.0,31,0,0.0,False,False,False,False
B0_OFF,ATTACK_DIVERSE_MODERATE,15,r15-t035-4726ac6b,1789127429490582398,1789127429845230065,0.0,31,0,0.0,False,False,False,False
B0_OFF,ATTACK_DIVERSE_MODERATE,15,r15-t036-3234351f,1789127429855278621,1789127430187476955,0.0,30,0,0.0,False,False,False,False
B0_OFF,ATTACK_DIVERSE_MODERATE,15,r15-t037-710bc8c9,1789127431014340854,1789127431344938908,0.0,22,0,0.0,False,False,False,False
B0_OFF,ATTACK_DIVERSE_MODERATE,15,r15-t038-08964d79,1789127432467098428,1789127432781414019,0.0,4,0,0.0,False,False,False,False
B0_OFF,ATTACK_DIVERSE_MODERATE,15,r15-t039-563cbd2d,1789127432791831937,1789127433099927595,0.0,7,0,0.0,False,False,False,False
B0_OFF,ATTACK_DIVERSE_MODERATE,15,r15-t040-bc72b54e,1789127433110400842,1789127433411991333,0.0,11,0,0.0,False,False,False,False
B0_OFF,ATTACK_DIVERSE_MODERATE,15,r15-t041-870dbc67,1789127433422141386,1789127433756761337,0.0,13,0,0.0,False,False,False,False
B0_OFF,ATTACK_DIVERSE_MODERATE,15,r15-t042-4c920116,1789127433766938302,1789127434071573658,0.0,17,0,0.0,False,False,False,False
B0_OFF,ATTACK_DIVERSE_MODERATE,15,r15-t043-27d2910b,1789127434081548192,1789127434457895424,0.0,22,0,0.0,False,False,False,False
B0_OFF,ATTACK_DIVERSE_MODERATE,15,r15-t044-341d89d9,1789127434467973155,1789127434775486069,0.0,28,0,0.0,False,False,False,False
B0_OFF,ATTACK_DIVERSE_MODERATE,15,r15-t045-4f8b4588,1789127434787142555,1789127435107474798,0.0,30,0,0.0,False,False,False,False
B0_OFF,ATTACK_DIVERSE_MODERATE,15,r15-t046-90b62c56,1789127435118557980,1789127435465340775,0.0,30,0,0.0,False,False,False,False
B0_OFF,ATTACK_DIVERSE_MODERATE,15,r15-t047-6626b88a,1789127435475668523,1789127435834247730,0.0,30,0,0.0,False,False,False,False
B0_OFF,ATTACK_DIVERSE_MODERATE,15,r15-t048-75d9d853,1789127435845275205,1789127436127432431,0.0,30,0,0.0,False,False,False,False
B0_OFF,ATTACK_DIVERSE_MODERATE,15,r15-t049-8e802863,1789127436137614966,1789127436485243835,0.0,30,0,0.0,False,False,False,False
RFC_DROP_NATIVE,ATTACK_DIVERSE_MODERATE,15,r15-t000-a3fcdc22,1789127447203816199,1789127449226939683,0.0,24,0,0.0,False,False,False,False
RFC_DROP_NATIVE,ATTACK_DIVERSE_MODERATE,15,r15-t001-08b6e34d,1789127447209465815,1789127449231451026,0.0,24,0,0.0,False,False,False,False
RFC_DROP_NATIVE,ATTACK_DIVERSE_MODERATE,15,r15-t002-5f4ee681,1789127447218260320,1789127449229042224,0.0,24,0,0.0,False,False,False,False
RFC_DROP_NATIVE,ATTACK_DIVERSE_MODERATE,15,r15-t003-135827b5,1789127447227884223,1789127449238478205,0.0,24,0,0.0,False,False,False,False
RFC_DROP_NATIVE,ATTACK_DIVERSE_MODERATE,15,r15-t004-2c768ae1,1789127447238100940,1789127449248436856,0.0,24,0,0.0,False,False,False,False
RFC_DROP_NATIVE,ATTACK_DIVERSE_MODERATE,15,r15-t005-512f9cf8,1789127447247932286,1789127449258495072,0.0,24,0,0.0,False,False,False,False
RFC_DROP_NATIVE,ATTACK_DIVERSE_MODERATE,15,r15-t006-e23ec5d5,1789127447258431073,1789127449269549125,0.0,24,0,0.0,False,False,False,False
RFC_DROP_NATIVE,ATTACK_DIVERSE_MODERATE,15,r15-t007-66e37b0a,1789127447269394340,1789127449280183249,0.0,24,0,0.0,False,False,False,False
RFC_DROP_NATIVE,ATTACK_DIVERSE_MODERATE,15,r15-t008-9958566f,1789127447278669671,1789127449290180473,0.0,24,0,0.0,False,False,False,False
RFC_DROP_NATIVE,ATTACK_DIVERSE_MODERATE,15,r15-t009-4c9318da,1789127447288646442,1789127449297397817,0.0,24,0,0.0,False,False,False,False
RFC_DROP_NATIVE,ATTACK_DIVERSE_MODERATE,15,r15-t010-c34db2f2,1789127447299233958,1789127449309801321,0.0,24,0,0.0,False,False,False,False
RFC_DROP_NATIVE,ATTACK_DIVERSE_MODERATE,15,r15-t011-6d1819c5,1789127447307832137,1789127449328143516,0.0,24,0,0.0,False,False,False,False
RFC_DROP_NATIVE,ATTACK_DIVERSE_MODERATE,15,r15-t012-2bd8778c,1789127447318537058,1789127449329536212,0.0,24,0,0.0,False,False,False,False
RFC_DROP_NATIVE,ATTACK_DIVERSE_MODERATE,15,r15-t013-2dd1a177,1789127447328199910,1789127449339993809,0.0,24,0,0.0,False,False,False,False
RFC_DROP_NATIVE,ATTACK_DIVERSE_MODERATE,15,r15-t014-a9640cb8,1789127447338373475,1789127449349432872,0.0,24,0,0.0,False,False,False,False
RFC_DROP_NATIVE,ATTACK_DIVERSE_MODERATE,15,r15-t015-84b3cb3d,1789127447348676399,1789127449360424813,0.0,24,0,0.0,False,False,False,False
RFC_DROP_NATIVE,ATTACK_DIVERSE_MODERATE,15,r15-t016-57035073,1789127447358322438,1789127449370048809,0.0,24,0,0.0,False,False,False,False
RFC_DROP_NATIVE,ATTACK_DIVERSE_MODERATE,15,r15-t017-3503877c,1789127447367951198,1789127449377971234,0.0,24,0,0.0,False,False,False,False
RFC_DROP_NATIVE,ATTACK_DIVERSE_MODERATE,15,r15-t018-f70e1dd3,1789127447378094783,1789127449389162866,0.0,24,0,0.0,False,False,False,False
RFC_DROP_NATIVE,ATTACK_DIVERSE_MODERATE,15,r15-t019-30cc59df,1789127447388132824,1789127449401025394,0.0,24,0,0.0,False,False,False,False
RFC_DROP_NATIVE,ATTACK_DIVERSE_MODERATE,15,r15-t020-a71ebdbf,1789127447398547642,1789127449410080861,0.0,24,0,0.0,False,False,False,False
RFC_DROP_NATIVE,ATTACK_DIVERSE_MODERATE,15,r15-t021-0941c5ef,1789127447407952521,1789127449418353818,0.0,25,0,0.0,False,False,False,False
RFC_DROP_NATIVE,ATTACK_DIVERSE_MODERATE,15,r15-t022-07ef8ebf,1789127447418391811,1789127449429379196,0.0,25,0,0.0,False,False,False,False
RFC_DROP_NATIVE,ATTACK_DIVERSE_MODERATE,15,r15-t023-39799b3b,1789127447428149091,1789127449438163709,0.0,25,0,0.0,False,False,False,False
RFC_DROP_NATIVE,ATTACK_DIVERSE_MODERATE,15,r15-t024-fd31a583,1789127447438140432,1789127449448799141,0.0,25,0,0.0,False,False,False,False
RFC_DROP_NATIVE,ATTACK_DIVERSE_MODERATE,15,r15-t025-ebe26504,1789127447448756156,1789127449457986022,0.0,25,0,0.0,False,False,False,False
RFC_DROP_NATIVE,ATTACK_DIVERSE_MODERATE,15,r15-t026-cc111d3b,1789127447458500825,1789127449469280207,0.0,25,0,0.0,False,False,False,False
RFC_DROP_NATIVE,ATTACK_DIVERSE_MODERATE,15,r15-t027-336f3a6e,1789127447468142287,1789127449487915585,0.0,25,0,0.0,False,False,False,False
RFC_DROP_NATIVE,ATTACK_DIVERSE_MODERATE,15,r15-t028-49a73c3a,1789127447478620712,1789127449499839291,0.0,25,0,0.0,False,False,False,False
RFC_DROP_NATIVE,ATTACK_DIVERSE_MODERATE,15,r15-t029-8d740c43,1789127447490222747,1789127449501742049,0.0,25,0,0.0,False,False,False,False
RFC_DROP_NATIVE,ATTACK_DIVERSE_MODERATE,15,r15-t030-acae6bc8,1789127447498864263,1789127449510346671,0.0,25,0,0.0,False,False,False,False
RFC_DROP_NATIVE,ATTACK_DIVERSE_MODERATE,15,r15-t031-62095012,1789127447508119513,1789127449518109474,0.0,25,0,0.0,False,False,False,False
RFC_DROP_NATIVE,ATTACK_DIVERSE_MODERATE,15,r15-t032-058caf16,1789127447518395540,1789127449529353223,0.0,25,0,0.0,False,False,False,False
RFC_DROP_NATIVE,ATTACK_DIVERSE_MODERATE,15,r15-t033-0e1ba50b,1789127447528278255,1789127449537927303,0.0,25,0,0.0,False,False,False,False
RFC_DROP_NATIVE,ATTACK_DIVERSE_MODERATE,15,r15-t034-184fc862,1789127447538626948,1789127449549296024,0.0,25,0,0.0,False,False,False,False
RFC_DROP_NATIVE,ATTACK_DIVERSE_MODERATE,15,r15-t035-4726ac6b,1789127447548217786,1789127449558385395,0.0,25,0,0.0,False,False,False,False
RFC_DROP_NATIVE,ATTACK_DIVERSE_MODERATE,15,r15-t036-3234351f,1789127447558484471,1789127449569944931,0.0,25,0,0.0,False,False,False,False
RFC_DROP_NATIVE,ATTACK_DIVERSE_MODERATE,15,r15-t037-710bc8c9,1789127447568626935,1789127449578202010,0.0,25,0,0.0,False,False,False,False
RFC_DROP_NATIVE,ATTACK_DIVERSE_MODERATE,15,r15-t038-08964d79,1789127447578648071,1789127449589606876,0.0,25,0,0.0,False,False,False,False
RFC_DROP_NATIVE,ATTACK_DIVERSE_MODERATE,15,r15-t039-563cbd2d,1789127447588394795,1789127449598073078,0.0,25,0,0.0,False,False,False,False
RFC_DROP_NATIVE,ATTACK_DIVERSE_MODERATE,15,r15-t040-bc72b54e,1789127447598436947,1789127449609478225,0.0,25,0,0.0,False,False,False,False
RFC_DROP_NATIVE,ATTACK_DIVERSE_MODERATE,15,r15-t041-870dbc67,1789127447608032456,1789127449618240040,0.0,25,0,0.0,False,False,False,False
RFC_DROP_NATIVE,ATTACK_DIVERSE_MODERATE,15,r15-t042-4c920116,1789127447618108044,1789127449629242348,0.0,25,0,0.0,False,False,False,False
RFC_DROP_NATIVE,ATTACK_DIVERSE_MODERATE,15,r15-t043-27d2910b,1789127447627980672,1789127449638385331,0.0,25,0,0.0,False,False,False,False
RFC_DROP_NATIVE,ATTACK_DIVERSE_MODERATE,15,r15-t044-341d89d9,1789127447638094835,1789127449647435475,0.0,25,0,0.0,False,False,False,False
RFC_DROP_NATIVE,ATTACK_DIVERSE_MODERATE,15,r15-t045-4f8b4588,1789127447648076836,1789127449658318791,0.0,25,0,0.0,False,False,False,False
RFC_DROP_NATIVE,ATTACK_DIVERSE_MODERATE,15,r15-t046-90b62c56,1789127447657968612,1789127449667742537,0.0,25,0,0.0,False,False,False,False
RFC_DROP_NATIVE,ATTACK_DIVERSE_MODERATE,15,r15-t047-6626b88a,1789127447667903073,1789127449677805330,0.0,26,0,0.0,False,False,False,False
RFC_DROP_NATIVE,ATTACK_DIVERSE_MODERATE,15,r15-t048-75d9d853,1789127447678118575,1789127449689131459,0.0,26,0,0.0,False,False,False,False
RFC_DROP_NATIVE,ATTACK_DIVERSE_MODERATE,15,r15-t049-8e802863,1789127447687940301,1789127449707885456,0.0,26,0,0.0,False,False,False,False
B5_LOCKED_TC,ATTACK_DIVERSE_MODERATE,15,r15-t000-a3fcdc22,1789127480300195400,1789127480419230939,0.0,24,0,0.0,False,False,False,False
B5_LOCKED_TC,ATTACK_DIVERSE_MODERATE,15,r15-t001-08b6e34d,1789127480431131006,1789127480723678033,0.0,25,0,0.0,False,False,False,False
B5_LOCKED_TC,ATTACK_DIVERSE_MODERATE,15,r15-t002-5f4ee681,1789127480734203915,1789127481073397134,0.0,26,0,0.0,False,False,False,False
B5_LOCKED_TC,ATTACK_DIVERSE_MODERATE,15,r15-t003-135827b5,1789127481083354266,1789127481412845775,0.0,27,0,0.0,False,False,False,False
B5_LOCKED_TC,ATTACK_DIVERSE_MODERATE,15,r15-t004-2c768ae1,1789127481423182149,1789127481752073786,0.0,28,0,0.0,False,False,False,False
B5_LOCKED_TC,ATTACK_DIVERSE_MODERATE,15,r15-t005-512f9cf8,1789127481762048344,1789127482081962148,0.0,29,0,0.0,False,False,False,False
B5_LOCKED_TC,ATTACK_DIVERSE_MODERATE,15,r15-t006-e23ec5d5,1789127482092359230,1789127482401676120,0.0,30,0,0.0,False,False,False,False
B5_LOCKED_TC,ATTACK_DIVERSE_MODERATE,15,r15-t007-66e37b0a,1789127482412777814,1789127482710635598,0.0,30,0,0.0,False,False,False,False
B5_LOCKED_TC,ATTACK_DIVERSE_MODERATE,15,r15-t008-9958566f,1789127482723179682,1789127483054491321,0.0,30,0,0.0,False,False,False,False
B5_LOCKED_TC,ATTACK_DIVERSE_MODERATE,15,r15-t009-4c9318da,1789127483064707684,1789127483378440181,0.0,31,0,0.0,False,False,False,False
B5_LOCKED_TC,ATTACK_DIVERSE_MODERATE,15,r15-t010-c34db2f2,1789127483390292206,1789127483729839124,0.0,31,0,0.0,False,False,False,False
B5_LOCKED_TC,ATTACK_DIVERSE_MODERATE,15,r15-t011-6d1819c5,1789127483740501243,1789127484054907811,0.0,31,0,0.0,False,False,False,False
B5_LOCKED_TC,ATTACK_DIVERSE_MODERATE,15,r15-t012-2bd8778c,1789127484064912162,1789127484368499967,0.0,31,0,0.0,False,False,False,False
B5_LOCKED_TC,ATTACK_DIVERSE_MODERATE,15,r15-t013-2dd1a177,1789127484378303454,1789127484696659635,0.0,31,0,0.0,False,False,False,False
B5_LOCKED_TC,ATTACK_DIVERSE_MODERATE,15,r15-t014-a9640cb8,1789127484706893517,1789127485024292509,0.0,30,0,0.0,False,False,False,False
B5_LOCKED_TC,ATTACK_DIVERSE_MODERATE,15,r15-t015-84b3cb3d,1789127485034396447,1789127485340616547,0.0,31,0,0.0,False,False,False,False
B5_LOCKED_TC,ATTACK_DIVERSE_MODERATE,15,r15-t016-57035073,1789127485350648630,1789127485668532915,0.0,31,0,0.0,False,False,False,False
B5_LOCKED_TC,ATTACK_DIVERSE_MODERATE,15,r15-t017-3503877c,1789127485678720888,1789127486001669649,0.0,31,0,0.0,False,False,False,False
B5_LOCKED_TC,ATTACK_DIVERSE_MODERATE,15,r15-t018-f70e1dd3,1789127486013469023,1789127486325173219,0.0,31,0,0.0,False,False,False,False
B5_LOCKED_TC,ATTACK_DIVERSE_MODERATE,15,r15-t019-30cc59df,1789127486335188999,1789127486644490150,0.0,31,0,0.0,False,False,False,False
B5_LOCKED_TC,ATTACK_DIVERSE_MODERATE,15,r15-t020-a71ebdbf,1789127486656726756,1789127486956742315,0.0,31,0,0.0,False,False,False,False
B5_LOCKED_TC,ATTACK_DIVERSE_MODERATE,15,r15-t021-0941c5ef,1789127486968067357,1789127487298073951,0.0,31,0,0.0,False,False,False,False
B5_LOCKED_TC,ATTACK_DIVERSE_MODERATE,15,r15-t022-07ef8ebf,1789127487308421942,1789127487652849056,0.0,31,0,0.0,False,False,False,False
B5_LOCKED_TC,ATTACK_DIVERSE_MODERATE,15,r15-t023-39799b3b,1789127487664559708,1789127487967321578,0.0,30,0,0.0,False,False,False,False
B5_LOCKED_TC,ATTACK_DIVERSE_MODERATE,15,r15-t024-fd31a583,1789127487977269342,1789127488273171057,0.0,31,0,0.0,False,False,False,False
B5_LOCKED_TC,ATTACK_DIVERSE_MODERATE,15,r15-t025-ebe26504,1789127488283472861,1789127488627084158,0.0,31,0,0.0,False,False,False,False
B5_LOCKED_TC,ATTACK_DIVERSE_MODERATE,15,r15-t026-cc111d3b,1789127488638381471,1789127488952769787,0.0,30,0,0.0,False,False,False,False
B5_LOCKED_TC,ATTACK_DIVERSE_MODERATE,15,r15-t027-336f3a6e,1789127488965724447,1789127489284446147,0.0,30,0,0.0,False,False,False,False
B5_LOCKED_TC,ATTACK_DIVERSE_MODERATE,15,r15-t028-49a73c3a,1789127489294841859,1789127489602502480,0.0,30,0,0.0,False,False,False,False
B5_LOCKED_TC,ATTACK_DIVERSE_MODERATE,15,r15-t029-8d740c43,1789127489612287392,1789127489937251542,0.0,31,0,0.0,False,False,False,False
B5_LOCKED_TC,ATTACK_DIVERSE_MODERATE,15,r15-t030-acae6bc8,1789127489948672401,1789127490269019381,0.0,31,0,0.0,False,False,False,False
B5_LOCKED_TC,ATTACK_DIVERSE_MODERATE,15,r15-t031-62095012,1789127490280123888,1789127490620570209,0.0,30,0,0.0,False,False,False,False
B5_LOCKED_TC,ATTACK_DIVERSE_MODERATE,15,r15-t032-058caf16,1789127490631958121,1789127490958821893,0.0,30,0,0.0,False,False,False,False
B5_LOCKED_TC,ATTACK_DIVERSE_MODERATE,15,r15-t033-0e1ba50b,1789127490971119019,1789127491284151768,0.0,30,0,0.0,False,False,False,False
B5_LOCKED_TC,ATTACK_DIVERSE_MODERATE,15,r15-t034-184fc862,1789127491295737553,1789127491623141795,0.0,30,0,0.0,False,False,False,False
B5_LOCKED_TC,ATTACK_DIVERSE_MODERATE,15,r15-t035-4726ac6b,1789127491634748726,1789127491937193175,0.0,30,0,0.0,False,False,False,False
B5_LOCKED_TC,ATTACK_DIVERSE_MODERATE,15,r15-t036-3234351f,1789127491947561510,1789127492277161051,0.0,30,0,0.0,False,False,False,False
B5_LOCKED_TC,ATTACK_DIVERSE_MODERATE,15,r15-t037-710bc8c9,1789127492289282868,1789127492624337425,0.0,30,0,0.0,False,False,False,False
B5_LOCKED_TC,ATTACK_DIVERSE_MODERATE,15,r15-t038-08964d79,1789127492637268861,1789127492970689075,0.0,30,0,0.0,False,False,False,False
B5_LOCKED_TC,ATTACK_DIVERSE_MODERATE,15,r15-t039-563cbd2d,1789127492980368629,1789127493290974031,0.0,30,0,0.0,False,False,False,False
B5_LOCKED_TC,ATTACK_DIVERSE_MODERATE,15,r15-t040-bc72b54e,1789127493301726689,1789127493635818974,0.0,30,0,0.0,False,False,False,False
B5_LOCKED_TC,ATTACK_DIVERSE_MODERATE,15,r15-t041-870dbc67,1789127493646268309,1789127493960173550,0.0,30,0,0.0,False,False,False,False
B5_LOCKED_TC,ATTACK_DIVERSE_MODERATE,15,r15-t042-4c920116,1789127493971753481,1789127494299070115,0.0,30,0,0.0,False,False,False,False
B5_LOCKED_TC,ATTACK_DIVERSE_MODERATE,15,r15-t043-27d2910b,1789127496245564385,1789127498255678179,0.0,5,0,0.0,False,False,False,False
B5_LOCKED_TC,ATTACK_DIVERSE_MODERATE,15,r15-t044-341d89d9,1789127498266817523,1789127498328851844,0.0,22,0,0.0,False,False,False,False
B5_LOCKED_TC,ATTACK_DIVERSE_MODERATE,15,r15-t045-4f8b4588,1789127498338480325,1789127498645568567,0.0,24,0,0.0,False,False,False,False
B5_LOCKED_TC,ATTACK_DIVERSE_MODERATE,15,r15-t046-90b62c56,1789127498656514566,1789127498965083667,0.0,26,0,0.0,False,False,False,False
B5_LOCKED_TC,ATTACK_DIVERSE_MODERATE,15,r15-t047-6626b88a,1789127498976770483,1789127499311262683,0.0,27,0,0.0,False,False,False,False
B5_LOCKED_TC,ATTACK_DIVERSE_MODERATE,15,r15-t048-75d9d853,1789127499322400773,1789127499639659694,0.0,28,0,0.0,False,False,False,False
B5_LOCKED_TC,ATTACK_DIVERSE_MODERATE,15,r15-t049-8e802863,1789127499650657209,1789127499952356086,0.0,29,0,0.0,False,False,False,False
B5_LOCKED_TC,BENIGN_DIVERSE_MODERATE,16,r16-t000-c967949a,1789127511072071506,1789127511412804314,0.0,24,0,0.0,False,False,False,False
B5_LOCKED_TC,BENIGN_DIVERSE_MODERATE,16,r16-t001-9b7d11e0,1789127511424029598,1789127511745765191,0.0,25,0,0.0,False,False,False,False
B5_LOCKED_TC,BENIGN_DIVERSE_MODERATE,16,r16-t002-0c8f2e54,1789127511756663118,1789127512097771101,0.0,26,0,0.0,False,False,False,False
B5_LOCKED_TC,BENIGN_DIVERSE_MODERATE,16,r16-t003-91b946e1,1789127512107903360,1789127512441546408,0.0,27,0,0.0,False,False,False,False
B5_LOCKED_TC,BENIGN_DIVERSE_MODERATE,16,r16-t004-1de51c62,1789127512451937376,1789127512800985499,0.0,28,0,0.0,False,False,False,False
B5_LOCKED_TC,BENIGN_DIVERSE_MODERATE,16,r16-t005-bf617940,1789127512811666278,1789127513142371992,0.0,29,0,0.0,False,False,False,False
B5_LOCKED_TC,BENIGN_DIVERSE_MODERATE,16,r16-t006-7f209dda,1789127513153434204,1789127513487606252,0.0,30,0,0.0,False,False,False,False
B5_LOCKED_TC,BENIGN_DIVERSE_MODERATE,16,r16-t007-39509f5a,1789127513497990308,1789127513865365523,0.0,30,0,0.0,False,False,False,False
B5_LOCKED_TC,BENIGN_DIVERSE_MODERATE,16,r16-t008-9b0d0cd7,1789127513876790022,1789127514198611447,0.0,30,0,0.0,False,False,False,False
B5_LOCKED_TC,BENIGN_DIVERSE_MODERATE,16,r16-t009-cbdb394f,1789127514208765000,1789127514541073686,0.0,30,0,0.0,False,False,False,False
B5_LOCKED_TC,BENIGN_DIVERSE_MODERATE,16,r16-t010-6f1fff94,1789127514552469606,1789127514884911313,0.0,30,0,0.0,False,False,False,False
B5_LOCKED_TC,BENIGN_DIVERSE_MODERATE,16,r16-t011-af1e698d,1789127514895569799,1789127515226909804,0.0,30,0,0.0,False,False,False,False
B5_LOCKED_TC,BENIGN_DIVERSE_MODERATE,16,r16-t012-40ecfe1e,1789127515238347723,1789127515581037802,0.0,30,0,0.0,False,False,False,False
B5_LOCKED_TC,BENIGN_DIVERSE_MODERATE,16,r16-t013-b452bd7f,1789127515591338610,1789127515952330994,0.0,30,0,0.0,False,False,False,False
B5_LOCKED_TC,BENIGN_DIVERSE_MODERATE,16,r16-t014-ef302f64,1789127515963508570,1789127516310617629,0.0,30,0,0.0,False,False,False,False
B5_LOCKED_TC,BENIGN_DIVERSE_MODERATE,16,r16-t015-5066194b,1789127516321550928,1789127516662255124,0.0,30,0,0.0,False,False,False,False
B5_LOCKED_TC,BENIGN_DIVERSE_MODERATE,16,r16-t016-7d6e5381,1789127516674366497,1789127516992480472,0.0,30,0,0.0,False,False,False,False
B5_LOCKED_TC,BENIGN_DIVERSE_MODERATE,16,r16-t017-4bc1b100,1789127517002284739,1789127517361906539,0.0,30,0,0.0,False,False,False,False
B5_LOCKED_TC,BENIGN_DIVERSE_MODERATE,16,r16-t018-150388b3,1789127517372665553,1789127517712979564,0.0,30,0,0.0,False,False,False,False
B5_LOCKED_TC,BENIGN_DIVERSE_MODERATE,16,r16-t019-e104c34e,1789127517724567996,1789127518076489699,0.0,30,0,0.0,False,False,False,False
B5_LOCKED_TC,BENIGN_DIVERSE_MODERATE,16,r16-t020-fa3134c4,1789127518087484724,1789127518413307346,0.0,30,0,0.0,False,False,False,False
B5_LOCKED_TC,BENIGN_DIVERSE_MODERATE,16,r16-t021-a875192f,1789127518423455010,1789127518778101628,0.0,30,0,0.0,False,False,False,False
B5_LOCKED_TC,BENIGN_DIVERSE_MODERATE,16,r16-t022-c468540b,1789127518789345347,1789127519129103156,0.0,30,0,0.0,False,False,False,False
B5_LOCKED_TC,BENIGN_DIVERSE_MODERATE,16,r16-t023-780a571d,1789127519139783908,1789127519470615535,0.0,30,0,0.0,False,False,False,False
B5_LOCKED_TC,BENIGN_DIVERSE_MODERATE,16,r16-t024-8cee527e,1789127519481603984,1789127519821600715,0.0,30,0,0.0,False,False,False,False
B5_LOCKED_TC,BENIGN_DIVERSE_MODERATE,16,r16-t025-d0939838,1789127519833615975,1789127520161278101,0.0,30,0,0.0,False,False,False,False
B5_LOCKED_TC,BENIGN_DIVERSE_MODERATE,16,r16-t026-3a22a2b1,1789127520174567267,1789127520497245286,0.0,30,0,0.0,False,False,False,False
B5_LOCKED_TC,BENIGN_DIVERSE_MODERATE,16,r16-t027-434ef460,1789127520507181745,1789127520866861701,0.0,30,0,0.0,False,False,False,False
B5_LOCKED_TC,BENIGN_DIVERSE_MODERATE,16,r16-t028-388cf5ba,1789127520878323672,1789127521209196262,0.0,30,0,0.0,False,False,False,False
B5_LOCKED_TC,BENIGN_DIVERSE_MODERATE,16,r16-t029-f9fbb4ca,1789127521220194482,1789127521545710348,0.0,30,0,0.0,False,False,False,False
B5_LOCKED_TC,BENIGN_DIVERSE_MODERATE,16,r16-t030-ccd1db84,1789127521555805210,1789127521883105617,0.0,30,0,0.0,False,False,False,False
B5_LOCKED_TC,BENIGN_DIVERSE_MODERATE,16,r16-t031-de94fa5f,1789127521894028393,1789127522236148835,0.0,30,0,0.0,False,False,False,False
B5_LOCKED_TC,BENIGN_DIVERSE_MODERATE,16,r16-t032-31a6ca66,1789127522246735072,1789127522592715945,0.0,30,0,0.0,False,False,False,False
B5_LOCKED_TC,BENIGN_DIVERSE_MODERATE,16,r16-t033-62ddb5f7,1789127522604841976,1789127522938628171,0.0,30,0,0.0,False,False,False,False
B5_LOCKED_TC,BENIGN_DIVERSE_MODERATE,16,r16-t034-c8c5b486,1789127522949441571,1789127523281669792,0.0,30,0,0.0,False,False,False,False
B5_LOCKED_TC,BENIGN_DIVERSE_MODERATE,16,r16-t035-c9ca0032,1789127523291693383,1789127523636788151,0.0,30,0,0.0,False,False,False,False
B5_LOCKED_TC,BENIGN_DIVERSE_MODERATE,16,r16-t036-7f016bef,1789127523648730092,1789127524016847810,0.0,30,0,0.0,False,False,False,False
B5_LOCKED_TC,BENIGN_DIVERSE_MODERATE,16,r16-t037-a15def3c,1789127524028302642,1789127524368577714,0.0,30,0,0.0,False,False,False,False
B5_LOCKED_TC,BENIGN_DIVERSE_MODERATE,16,r16-t038-a49a8524,1789127524380092916,1789127524721919496,0.0,30,0,0.0,False,False,False,False
B5_LOCKED_TC,BENIGN_DIVERSE_MODERATE,16,r16-t039-2863c7a9,1789127524732156646,1789127525069007983,0.0,30,0,0.0,False,False,False,False
B5_LOCKED_TC,BENIGN_DIVERSE_MODERATE,16,r16-t040-f5ad1cd3,1789127525080647886,1789127525419613211,0.0,30,0,0.0,False,False,False,False
B5_LOCKED_TC,BENIGN_DIVERSE_MODERATE,16,r16-t041-2e21b330,1789127525430738744,1789127525779383551,0.0,30,0,0.0,False,False,False,False
B5_LOCKED_TC,BENIGN_DIVERSE_MODERATE,16,r16-t042-fb6bd043,1789127525790754147,1789127526097835996,0.0,30,0,0.0,False,False,False,False
B5_LOCKED_TC,BENIGN_DIVERSE_MODERATE,16,r16-t043-11644be4,1789127526926303571,1789127527262566395,0.0,20,0,0.0,False,False,False,False
B5_LOCKED_TC,BENIGN_DIVERSE_MODERATE,16,r16-t044-886d024c,1789127528390121871,1789127528713427594,0.0,4,0,0.0,False,False,False,False
B5_LOCKED_TC,BENIGN_DIVERSE_MODERATE,16,r16-t045-4e14ec1e,1789127528723941596,1789127529052843524,0.0,8,0,0.0,False,False,False,False
B5_LOCKED_TC,BENIGN_DIVERSE_MODERATE,16,r16-t046-d6261ffc,1789127529065116842,1789127529400722293,0.0,13,0,0.0,False,False,False,False
B5_LOCKED_TC,BENIGN_DIVERSE_MODERATE,16,r16-t047-8477ca0e,1789127529411756610,1789127529750828809,0.0,14,0,0.0,False,False,False,False
B5_LOCKED_TC,BENIGN_DIVERSE_MODERATE,16,r16-t048-68d57f66,1789127529760810895,1789127530093734126,0.0,20,0,0.0,False,False,False,False
B5_LOCKED_TC,BENIGN_DIVERSE_MODERATE,16,r16-t049-12a8a909,1789127530105540046,1789127530447073549,0.0,25,0,0.0,False,False,False,False
B0_OFF,BENIGN_DIVERSE_HIGH,16,r16-t000-bb38d70e,1789127543004365294,1789127543770614444,0.0,400,0,0.0,False,False,False,False
B0_OFF,BENIGN_DIVERSE_HIGH,16,r16-t001-99d41d7c,1789127543783408180,1789127544110604857,0.0,402,0,0.0,False,False,False,False
B0_OFF,BENIGN_DIVERSE_HIGH,16,r16-t002-30428824,1789127544121825379,1789127544477499941,0.0,403,0,0.0,False,False,False,False
B0_OFF,BENIGN_DIVERSE_HIGH,16,r16-t003-d40f1541,1789127544488521292,1789127544826619669,0.0,404,0,0.0,False,False,False,False
B0_OFF,BENIGN_DIVERSE_HIGH,16,r16-t004-e538429e,1789127544839451857,1789127545174721793,0.0,405,0,0.0,False,False,False,False
B0_OFF,BENIGN_DIVERSE_HIGH,16,r16-t005-605d7501,1789127545185389228,1789127545514361742,0.0,406,0,0.0,False,False,False,False
B0_OFF,BENIGN_DIVERSE_HIGH,16,r16-t006-4f3eb470,1789127545525296389,1789127545866577123,0.0,406,0,0.0,False,False,False,False
B0_OFF,BENIGN_DIVERSE_HIGH,16,r16-t007-9ee39521,1789127545878794623,1789127546214469342,0.0,406,0,0.0,False,False,False,False
B0_OFF,BENIGN_DIVERSE_HIGH,16,r16-t008-abd4e012,1789127546225645439,1789127546545553317,0.0,406,0,0.0,False,False,False,False
B0_OFF,BENIGN_DIVERSE_HIGH,16,r16-t009-3bccad11,1789127546556259391,1789127546912030738,0.0,406,0,0.0,False,False,False,False
B0_OFF,BENIGN_DIVERSE_HIGH,16,r16-t010-a98e8e27,1789127546924612142,1789127547269520243,0.0,406,0,0.0,False,False,False,False
B0_OFF,BENIGN_DIVERSE_HIGH,16,r16-t011-e3731835,1789127547281124456,1789127547624136880,0.0,406,0,0.0,False,False,False,False
B0_OFF,BENIGN_DIVERSE_HIGH,16,r16-t012-5e9e8fe0,1789127547636014371,1789127547971338346,0.0,406,0,0.0,False,False,False,False
B0_OFF,BENIGN_DIVERSE_HIGH,16,r16-t013-9795ec9a,1789127547984099229,1789127548334921715,0.0,406,0,0.0,False,False,False,False
B0_OFF,BENIGN_DIVERSE_HIGH,16,r16-t014-e965c926,1789127548346091745,1789127548686017011,0.0,406,0,0.0,False,False,False,False
B0_OFF,BENIGN_DIVERSE_HIGH,16,r16-t015-c55d5be9,1789127548698225464,1789127549036036456,0.0,406,0,0.0,False,False,False,False
B0_OFF,BENIGN_DIVERSE_HIGH,16,r16-t016-12f5d144,1789127549047748748,1789127549374898833,0.0,406,0,0.0,False,False,False,False
B0_OFF,BENIGN_DIVERSE_HIGH,16,r16-t017-3227d1ab,1789127549385706103,1789127549734613191,0.0,406,0,0.0,False,False,False,False
B0_OFF,BENIGN_DIVERSE_HIGH,16,r16-t018-c54304b0,1789127549745773324,1789127550114752712,0.0,406,0,0.0,False,False,False,False
B0_OFF,BENIGN_DIVERSE_HIGH,16,r16-t019-f8efc901,1789127550126331669,1789127550461407224,0.0,406,0,0.0,False,False,False,False
B0_OFF,BENIGN_DIVERSE_HIGH,16,r16-t020-4b3bfda6,1789127550473877840,1789127550802062610,0.0,406,0,0.0,False,False,False,False
B0_OFF,BENIGN_DIVERSE_HIGH,16,r16-t021-d6ee12a1,1789127550814005344,1789127551149575752,0.0,406,0,0.0,False,False,False,False
B0_OFF,BENIGN_DIVERSE_HIGH,16,r16-t022-faa0d127,1789127551160629462,1789127551485961601,0.0,406,0,0.0,False,False,False,False
B0_OFF,BENIGN_DIVERSE_HIGH,16,r16-t023-502926c9,1789127551497549026,1789127551841336980,0.0,406,0,0.0,False,False,False,False
B0_OFF,BENIGN_DIVERSE_HIGH,16,r16-t024-c7e5ad4e,1789127551852972018,1789127552202367656,0.0,406,0,0.0,False,False,False,False
B0_OFF,BENIGN_DIVERSE_HIGH,16,r16-t025-9b5186f2,1789127552213998554,1789127552565280828,0.0,406,0,0.0,False,False,False,False
B0_OFF,BENIGN_DIVERSE_HIGH,16,r16-t026-7294c185,1789127552577313801,1789127552925505003,0.0,406,0,0.0,False,False,False,False
B0_OFF,BENIGN_DIVERSE_HIGH,16,r16-t027-f44f5e95,1789127552937185396,1789127553305331559,0.0,406,0,0.0,False,False,False,False
B0_OFF,BENIGN_DIVERSE_HIGH,16,r16-t028-ac3fa3b6,1789127553316825265,1789127553657687757,0.0,406,0,0.0,False,False,False,False
B0_OFF,BENIGN_DIVERSE_HIGH,16,r16-t029-4fae5ebe,1789127553669802687,1789127554025398911,0.0,406,0,0.0,False,False,False,False
B0_OFF,BENIGN_DIVERSE_HIGH,16,r16-t030-6e54cfc3,1789127554036464196,1789127554419375142,0.0,405,0,0.0,False,False,False,False
B0_OFF,BENIGN_DIVERSE_HIGH,16,r16-t031-49f5fdb6,1789127554431550766,1789127554749055389,0.0,405,0,0.0,False,False,False,False
B0_OFF,BENIGN_DIVERSE_HIGH,16,r16-t032-f7479f78,1789127554760585415,1789127555089679440,0.0,406,0,0.0,False,False,False,False
B0_OFF,BENIGN_DIVERSE_HIGH,16,r16-t033-fce5b0f7,1789127555101142282,1789127555451474087,0.0,406,0,0.0,False,False,False,False
B0_OFF,BENIGN_DIVERSE_HIGH,16,r16-t034-93604c15,1789127555465082141,1789127555797767643,0.0,406,0,0.0,False,False,False,False
B0_OFF,BENIGN_DIVERSE_HIGH,16,r16-t035-a597f4f5,1789127555810222263,1789127556145391914,0.0,406,0,0.0,False,False,False,False
B0_OFF,BENIGN_DIVERSE_HIGH,16,r16-t036-b7bd634d,1789127556158154416,1789127556481404387,0.0,406,0,0.0,False,False,False,False
B0_OFF,BENIGN_DIVERSE_HIGH,16,r16-t037-0a18befe,1789127556493992154,1789127556825595388,0.0,406,0,0.0,False,False,False,False
B0_OFF,BENIGN_DIVERSE_HIGH,16,r16-t038-44719a7f,1789127556838053999,1789127557181188420,0.0,406,0,0.0,False,False,False,False
B0_OFF,BENIGN_DIVERSE_HIGH,16,r16-t039-67ac97dd,1789127557192872750,1789127557538494645,0.0,406,0,0.0,False,False,False,False
B0_OFF,BENIGN_DIVERSE_HIGH,16,r16-t040-a3f570d0,1789127557550041055,1789127557889396404,0.0,406,0,0.0,False,False,False,False
B0_OFF,BENIGN_DIVERSE_HIGH,16,r16-t041-b3ac714e,1789127558718273766,1789127559063527118,0.0,302,0,0.0,False,False,False,False
B0_OFF,BENIGN_DIVERSE_HIGH,16,r16-t042-021e96c3,1789127560195963318,1789127560527540472,0.0,55,0,0.0,False,False,False,False
B0_OFF,BENIGN_DIVERSE_HIGH,16,r16-t043-a4bd1dbd,1789127560538792632,1789127560893319118,0.0,80,0,0.0,False,False,False,False
B0_OFF,BENIGN_DIVERSE_HIGH,16,r16-t044-cf27de54,1789127560904918487,1789127561252988396,0.0,155,0,0.0,False,False,False,False
B0_OFF,BENIGN_DIVERSE_HIGH,16,r16-t045-0b24535d,1789127561263960753,1789127561604684637,0.0,179,0,0.0,False,False,False,False
B0_OFF,BENIGN_DIVERSE_HIGH,16,r16-t046-ecd2c7f4,1789127561616513873,1789127561967590180,0.0,247,0,0.0,False,False,False,False
B0_OFF,BENIGN_DIVERSE_HIGH,16,r16-t047-5c590b52,1789127561979616715,1789127562352330835,0.0,321,0,0.0,False,False,False,False
B0_OFF,BENIGN_DIVERSE_HIGH,16,r16-t048-5ae6f1f2,1789127562363939361,1789127562724107078,0.0,398,0,0.0,False,False,False,False
B0_OFF,BENIGN_DIVERSE_HIGH,16,r16-t049-cda74229,1789127562736506687,1789127563059689868,0.0,406,0,0.0,False,False,False,False
RFC_DROP_NATIVE,ATTACK_DIVERSE_HIGH,16,r16-t000-bb38d70e,1789127576579238889,1789127578590455857,0.0,400,0,0.0,False,False,False,False
RFC_DROP_NATIVE,ATTACK_DIVERSE_HIGH,16,r16-t001-99d41d7c,1789127576587135218,1789127578607950876,0.0,400,0,0.0,False,False,False,False
RFC_DROP_NATIVE,ATTACK_DIVERSE_HIGH,16,r16-t002-30428824,1789127576596850593,1789127578618230340,0.0,400,0,0.0,False,False,False,False
RFC_DROP_NATIVE,ATTACK_DIVERSE_HIGH,16,r16-t003-d40f1541,1789127576606129214,1789127578617816942,0.0,400,0,0.0,False,False,False,False
RFC_DROP_NATIVE,ATTACK_DIVERSE_HIGH,16,r16-t004-e538429e,1789127576616469591,1789127578626037730,0.0,400,0,0.0,False,False,False,False
RFC_DROP_NATIVE,ATTACK_DIVERSE_HIGH,16,r16-t005-605d7501,1789127576626333323,1789127578637501991,0.0,400,0,0.0,False,False,False,False
RFC_DROP_NATIVE,ATTACK_DIVERSE_HIGH,16,r16-t006-4f3eb470,1789127576636627923,1789127578646119548,0.0,400,0,0.0,False,False,False,False
RFC_DROP_NATIVE,ATTACK_DIVERSE_HIGH,16,r16-t007-9ee39521,1789127576646331899,1789127578658110062,0.0,400,0,0.0,False,False,False,False
RFC_DROP_NATIVE,ATTACK_DIVERSE_HIGH,16,r16-t008-abd4e012,1789127576656735057,1789127578668359632,0.0,400,0,0.0,False,False,False,False
RFC_DROP_NATIVE,ATTACK_DIVERSE_HIGH,16,r16-t009-3bccad11,1789127576666344771,1789127578678261480,0.0,400,0,0.0,False,False,False,False
RFC_DROP_NATIVE,ATTACK_DIVERSE_HIGH,16,r16-t010-a98e8e27,1789127576677119754,1789127578686305511,0.0,400,0,0.0,False,False,False,False
RFC_DROP_NATIVE,ATTACK_DIVERSE_HIGH,16,r16-t011-e3731835,1789127576686960503,1789127578696949795,0.0,400,0,0.0,False,False,False,False
RFC_DROP_NATIVE,ATTACK_DIVERSE_HIGH,16,r16-t012-5e9e8fe0,1789127576696905606,1789127578708531021,0.0,400,0,0.0,False,False,False,False
RFC_DROP_NATIVE,ATTACK_DIVERSE_HIGH,16,r16-t013-9795ec9a,1789127576706683200,1789127578717898393,0.0,400,0,0.0,False,False,False,False
RFC_DROP_NATIVE,ATTACK_DIVERSE_HIGH,16,r16-t014-e965c926,1789127576716734433,1789127578728489893,0.0,400,0,0.0,False,False,False,False
RFC_DROP_NATIVE,ATTACK_DIVERSE_HIGH,16,r16-t015-c55d5be9,1789127576726451022,1789127578737837179,0.0,400,0,0.0,False,False,False,False
RFC_DROP_NATIVE,ATTACK_DIVERSE_HIGH,16,r16-t016-12f5d144,1789127576736488054,1789127578749156634,0.0,400,0,0.0,False,False,False,False
RFC_DROP_NATIVE,ATTACK_DIVERSE_HIGH,16,r16-t017-3227d1ab,1789127576746828430,1789127578758027087,0.0,400,0,0.0,False,False,False,False
RFC_DROP_NATIVE,ATTACK_DIVERSE_HIGH,16,r16-t018-c54304b0,1789127576756278390,1789127578767826451,0.0,400,0,0.0,False,False,False,False
RFC_DROP_NATIVE,ATTACK_DIVERSE_HIGH,16,r16-t019-f8efc901,1789127576766686405,1789127578778130765,0.0,400,0,0.0,False,False,False,False
RFC_DROP_NATIVE,ATTACK_DIVERSE_HIGH,16,r16-t020-4b3bfda6,1789127576776421680,1789127578788344929,0.0,401,0,0.0,False,False,False,False
RFC_DROP_NATIVE,ATTACK_DIVERSE_HIGH,16,r16-t021-d6ee12a1,1789127576786340811,1789127578807189073,0.0,401,0,0.0,False,False,False,False
RFC_DROP_NATIVE,ATTACK_DIVERSE_HIGH,16,r16-t022-faa0d127,1789127576796147274,1789127578806174028,0.0,401,0,0.0,False,False,False,False
RFC_DROP_NATIVE,ATTACK_DIVERSE_HIGH,16,r16-t023-502926c9,1789127576806080512,1789127578817622220,0.0,401,0,0.0,False,False,False,False
RFC_DROP_NATIVE,ATTACK_DIVERSE_HIGH,16,r16-t024-c7e5ad4e,1789127576815917805,1789127578827995296,0.0,401,0,0.0,False,False,False,False
RFC_DROP_NATIVE,ATTACK_DIVERSE_HIGH,16,r16-t025-9b5186f2,1789127576826226138,1789127578837967959,0.0,401,0,0.0,False,False,False,False
RFC_DROP_NATIVE,ATTACK_DIVERSE_HIGH,16,r16-t026-7294c185,1789127576836631818,1789127578848244901,0.0,401,0,0.0,False,False,False,False
RFC_DROP_NATIVE,ATTACK_DIVERSE_HIGH,16,r16-t027-f44f5e95,1789127576845892314,1789127578857830511,0.0,401,0,0.0,False,False,False,False
RFC_DROP_NATIVE,ATTACK_DIVERSE_HIGH,16,r16-t028-ac3fa3b6,1789127576856170752,1789127578887133867,0.0,401,0,0.0,False,False,False,False
RFC_DROP_NATIVE,ATTACK_DIVERSE_HIGH,16,r16-t029-4fae5ebe,1789127576878516965,1789127578889711979,0.0,401,0,0.0,False,False,False,False
RFC_DROP_NATIVE,ATTACK_DIVERSE_HIGH,16,r16-t030-6e54cfc3,1789127576880337785,1789127578889958429,0.0,401,0,0.0,False,False,False,False
RFC_DROP_NATIVE,ATTACK_DIVERSE_HIGH,16,r16-t031-49f5fdb6,1789127576886506343,1789127578908161596,0.0,401,0,0.0,False,False,False,False
RFC_DROP_NATIVE,ATTACK_DIVERSE_HIGH,16,r16-t032-f7479f78,1789127576896424353,1789127578906070314,0.0,401,0,0.0,False,False,False,False
RFC_DROP_NATIVE,ATTACK_DIVERSE_HIGH,16,r16-t033-fce5b0f7,1789127576906566299,1789127578917990013,0.0,401,0,0.0,False,False,False,False
RFC_DROP_NATIVE,ATTACK_DIVERSE_HIGH,16,r16-t034-93604c15,1789127576916167418,1789127578925883260,0.0,401,0,0.0,False,False,False,False
RFC_DROP_NATIVE,ATTACK_DIVERSE_HIGH,16,r16-t035-a597f4f5,1789127576926412504,1789127578937301276,0.0,401,0,0.0,False,False,False,False
RFC_DROP_NATIVE,ATTACK_DIVERSE_HIGH,16,r16-t036-b7bd634d,1789127576936255401,1789127578946868200,0.0,401,0,0.0,False,False,False,False
RFC_DROP_NATIVE,ATTACK_DIVERSE_HIGH,16,r16-t037-0a18befe,1789127576946141648,1789127578957969792,0.0,401,0,0.0,False,False,False,False
RFC_DROP_NATIVE,ATTACK_DIVERSE_HIGH,16,r16-t038-44719a7f,1789127576957048917,1789127578969784295,0.0,401,0,0.0,False,False,False,False
RFC_DROP_NATIVE,ATTACK_DIVERSE_HIGH,16,r16-t039-67ac97dd,1789127576966546149,1789127578977992378,0.0,401,0,0.0,False,False,False,False
RFC_DROP_NATIVE,ATTACK_DIVERSE_HIGH,16,r16-t040-a3f570d0,1789127576976390448,1789127578988457382,0.0,401,0,0.0,False,False,False,False
RFC_DROP_NATIVE,ATTACK_DIVERSE_HIGH,16,r16-t041-b3ac714e,1789127576986199620,1789127578997990207,0.0,401,0,0.0,False,False,False,False
RFC_DROP_NATIVE,ATTACK_DIVERSE_HIGH,16,r16-t042-021e96c3,1789127576996475442,1789127579008284154,0.0,401,0,0.0,False,False,False,False
RFC_DROP_NATIVE,ATTACK_DIVERSE_HIGH,16,r16-t043-a4bd1dbd,1789127577006766118,1789127579028264980,0.0,401,0,0.0,False,False,False,False
RFC_DROP_NATIVE,ATTACK_DIVERSE_HIGH,16,r16-t044-cf27de54,1789127577016091731,1789127579028180246,0.0,401,0,0.0,False,False,False,False
RFC_DROP_NATIVE,ATTACK_DIVERSE_HIGH,16,r16-t045-0b24535d,1789127577026438741,1789127579037983158,0.0,401,0,0.0,False,False,False,False
RFC_DROP_NATIVE,ATTACK_DIVERSE_HIGH,16,r16-t046-ecd2c7f4,1789127577036406452,1789127579046022798,0.0,401,0,0.0,False,False,False,False
RFC_DROP_NATIVE,ATTACK_DIVERSE_HIGH,16,r16-t047-5c590b52,1789127577046603239,1789127579057902139,0.0,401,0,0.0,False,False,False,False
RFC_DROP_NATIVE,ATTACK_DIVERSE_HIGH,16,r16-t048-5ae6f1f2,1789127577057262656,1789127579068908157,0.0,401,0,0.0,False,False,False,False
RFC_DROP_NATIVE,ATTACK_DIVERSE_HIGH,16,r16-t049-cda74229,1789127577066514651,1789127579078102977,0.0,401,0,0.0,False,False,False,False
B0_OFF,BENIGN_DIVERSE_MODERATE,16,r16-t000-c967949a,1789127611887536019,1789127612236983702,0.0,24,0,0.0,False,False,False,False
B0_OFF,BENIGN_DIVERSE_MODERATE,16,r16-t001-9b7d11e0,1789127612248168379,1789127612595285452,0.0,25,0,0.0,False,False,False,False
B0_OFF,BENIGN_DIVERSE_MODERATE,16,r16-t002-0c8f2e54,1789127612604993219,1789127612920666868,0.0,26,0,0.0,False,False,False,False
B0_OFF,BENIGN_DIVERSE_MODERATE,16,r16-t003-91b946e1,1789127612930772416,1789127613248501719,0.0,27,0,0.0,False,False,False,False
B0_OFF,BENIGN_DIVERSE_MODERATE,16,r16-t004-1de51c62,1789127613257999783,1789127613601014347,0.0,28,0,0.0,False,False,False,False
B0_OFF,BENIGN_DIVERSE_MODERATE,16,r16-t005-bf617940,1789127613610942022,1789127613936971927,0.0,29,0,0.0,False,False,False,False
B0_OFF,BENIGN_DIVERSE_MODERATE,16,r16-t006-7f209dda,1789127613947444736,1789127614287633361,0.0,30,0,0.0,False,False,False,False
B0_OFF,BENIGN_DIVERSE_MODERATE,16,r16-t007-39509f5a,1789127614297768023,1789127614640977312,0.0,30,0,0.0,False,False,False,False
B0_OFF,BENIGN_DIVERSE_MODERATE,16,r16-t008-9b0d0cd7,1789127614650620577,1789127614989747017,0.0,30,0,0.0,False,False,False,False
B0_OFF,BENIGN_DIVERSE_MODERATE,16,r16-t009-cbdb394f,1789127615000365776,1789127615335146770,0.0,30,0,0.0,False,False,False,False
B0_OFF,BENIGN_DIVERSE_MODERATE,16,r16-t010-6f1fff94,1789127615345000768,1789127615688269598,0.0,30,0,0.0,False,False,False,False
B0_OFF,BENIGN_DIVERSE_MODERATE,16,r16-t011-af1e698d,1789127615698638116,1789127616057044250,0.0,30,0,0.0,False,False,False,False
B0_OFF,BENIGN_DIVERSE_MODERATE,16,r16-t012-40ecfe1e,1789127616066283743,1789127616394448690,0.0,30,0,0.0,False,False,False,False
B0_OFF,BENIGN_DIVERSE_MODERATE,16,r16-t013-b452bd7f,1789127616404265056,1789127616742086959,0.0,30,0,0.0,False,False,False,False
B0_OFF,BENIGN_DIVERSE_MODERATE,16,r16-t014-ef302f64,1789127616753698379,1789127617103398033,0.0,30,0,0.0,False,False,False,False
B0_OFF,BENIGN_DIVERSE_MODERATE,16,r16-t015-5066194b,1789127617113166259,1789127617453941922,0.0,30,0,0.0,False,False,False,False
B0_OFF,BENIGN_DIVERSE_MODERATE,16,r16-t016-7d6e5381,1789127617468220100,1789127617805597487,0.0,30,0,0.0,False,False,False,False
B0_OFF,BENIGN_DIVERSE_MODERATE,16,r16-t017-4bc1b100,1789127617815281034,1789127618164083493,0.0,30,0,0.0,False,False,False,False
B0_OFF,BENIGN_DIVERSE_MODERATE,16,r16-t018-150388b3,1789127618173615526,1789127618506113473,0.0,30,0,0.0,False,False,False,False
B0_OFF,BENIGN_DIVERSE_MODERATE,16,r16-t019-e104c34e,1789127618515567057,1789127618889908129,0.0,30,0,0.0,False,False,False,False
B0_OFF,BENIGN_DIVERSE_MODERATE,16,r16-t020-fa3134c4,1789127618899294123,1789127619256102138,0.0,30,0,0.0,False,False,False,False
B0_OFF,BENIGN_DIVERSE_MODERATE,16,r16-t021-a875192f,1789127619266451500,1789127619592986464,0.0,30,0,0.0,False,False,False,False
B0_OFF,BENIGN_DIVERSE_MODERATE,16,r16-t022-c468540b,1789127619603585236,1789127619934944886,0.0,30,0,0.0,False,False,False,False
B0_OFF,BENIGN_DIVERSE_MODERATE,16,r16-t023-780a571d,1789127619945944113,1789127620284435347,0.0,30,0,0.0,False,False,False,False
B0_OFF,BENIGN_DIVERSE_MODERATE,16,r16-t024-8cee527e,1789127620295317985,1789127620631189286,0.0,30,0,0.0,False,False,False,False
B0_OFF,BENIGN_DIVERSE_MODERATE,16,r16-t025-d0939838,1789127620642564609,1789127620977107488,0.0,30,0,0.0,False,False,False,False
B0_OFF,BENIGN_DIVERSE_MODERATE,16,r16-t026-3a22a2b1,1789127620987137867,1789127621316350348,0.0,30,0,0.0,False,False,False,False
B0_OFF,BENIGN_DIVERSE_MODERATE,16,r16-t027-434ef460,1789127621326721992,1789127621660169810,0.0,30,0,0.0,False,False,False,False
B0_OFF,BENIGN_DIVERSE_MODERATE,16,r16-t028-388cf5ba,1789127621670058964,1789127622003037699,0.0,30,0,0.0,False,False,False,False
B0_OFF,BENIGN_DIVERSE_MODERATE,16,r16-t029-f9fbb4ca,1789127623949374033,1789127625969503652,0.0,6,0,0.0,False,False,False,False
B0_OFF,BENIGN_DIVERSE_MODERATE,16,r16-t030-ccd1db84,1789127625980845650,1789127626329354331,0.0,21,0,0.0,False,False,False,False
B0_OFF,BENIGN_DIVERSE_MODERATE,16,r16-t031-de94fa5f,1789127626339822357,1789127626692689634,0.0,25,0,0.0,False,False,False,False
B0_OFF,BENIGN_DIVERSE_MODERATE,16,r16-t032-31a6ca66,1789127626703867791,1789127627043767528,0.0,26,0,0.0,False,False,False,False
B0_OFF,BENIGN_DIVERSE_MODERATE,16,r16-t033-62ddb5f7,1789127627055061947,1789127627380859572,0.0,27,0,0.0,False,False,False,False
B0_OFF,BENIGN_DIVERSE_MODERATE,16,r16-t034-c8c5b486,1789127627391068234,1789127627726380730,0.0,28,0,0.0,False,False,False,False
B0_OFF,BENIGN_DIVERSE_MODERATE,16,r16-t035-c9ca0032,1789127627737763971,1789127628087553572,0.0,29,0,0.0,False,False,False,False
B0_OFF,BENIGN_DIVERSE_MODERATE,16,r16-t036-7f016bef,1789127628098670347,1789127628441075481,0.0,30,0,0.0,False,False,False,False
B0_OFF,BENIGN_DIVERSE_MODERATE,16,r16-t037-a15def3c,1789127628451423316,1789127628774296045,0.0,30,0,0.0,False,False,False,False
B0_OFF,BENIGN_DIVERSE_MODERATE,16,r16-t038-a49a8524,1789127628784533182,1789127629148184360,0.0,30,0,0.0,False,False,False,False
B0_OFF,BENIGN_DIVERSE_MODERATE,16,r16-t039-2863c7a9,1789127629159068332,1789127629490257498,0.0,30,0,0.0,False,False,False,False
B0_OFF,BENIGN_DIVERSE_MODERATE,16,r16-t040-f5ad1cd3,1789127629500156602,1789127629824413141,0.0,30,0,0.0,False,False,False,False
B0_OFF,BENIGN_DIVERSE_MODERATE,16,r16-t041-2e21b330,1789127629834663573,1789127630161728464,0.0,30,0,0.0,False,False,False,False
B0_OFF,BENIGN_DIVERSE_MODERATE,16,r16-t042-fb6bd043,1789127630173191286,1789127630513039069,0.0,30,0,0.0,False,False,False,False
B0_OFF,BENIGN_DIVERSE_MODERATE,16,r16-t043-11644be4,1789127630524490481,1789127630862862332,0.0,30,0,0.0,False,False,False,False
B0_OFF,BENIGN_DIVERSE_MODERATE,16,r16-t044-886d024c,1789127630873599871,1789127631222674090,0.0,30,0,0.0,False,False,False,False
B0_OFF,BENIGN_DIVERSE_MODERATE,16,r16-t045-4e14ec1e,1789127631234047241,1789127631559412921,0.0,30,0,0.0,False,False,False,False
B0_OFF,BENIGN_DIVERSE_MODERATE,16,r16-t046-d6261ffc,1789127631571881729,1789127631906971322,0.0,30,0,0.0,False,False,False,False
B0_OFF,BENIGN_DIVERSE_MODERATE,16,r16-t047-8477ca0e,1789127631918480723,1789127632258659938,0.0,30,0,0.0,False,False,False,False
B0_OFF,BENIGN_DIVERSE_MODERATE,16,r16-t048-68d57f66,1789127632269676388,1789127632601348038,0.0,30,0,0.0,False,False,False,False
B0_OFF,BENIGN_DIVERSE_MODERATE,16,r16-t049-12a8a909,1789127632614218431,1789127632947071450,0.0,30,0,0.0,False,False,False,False
B1_RL2_TC,ATTACK_DIVERSE_HIGH,16,r16-t000-bb38d70e,1789127645041003908,1789127645375199795,0.0,400,0,0.0,False,False,False,False
B1_RL2_TC,ATTACK_DIVERSE_HIGH,16,r16-t001-99d41d7c,1789127645386304055,1789127645582068325,0.0,401,0,0.0,False,False,False,False
B1_RL2_TC,ATTACK_DIVERSE_HIGH,16,r16-t002-30428824,1789127645593935042,1789127645904004621,0.0,402,0,0.0,False,False,False,False
B1_RL2_TC,ATTACK_DIVERSE_HIGH,16,r16-t003-d40f1541,1789127645916006617,1789127646274446056,0.0,403,0,0.0,False,False,False,False
B1_RL2_TC,ATTACK_DIVERSE_HIGH,16,r16-t004-e538429e,1789127646285481831,1789127646606632748,0.0,404,0,0.0,False,False,False,False
B1_RL2_TC,ATTACK_DIVERSE_HIGH,16,r16-t005-605d7501,1789127646617479695,1789127646956383901,0.0,405,0,0.0,False,False,False,False
B1_RL2_TC,ATTACK_DIVERSE_HIGH,16,r16-t006-4f3eb470,1789127646967934400,1789127647295095616,0.0,405,0,0.0,False,False,False,False
B1_RL2_TC,ATTACK_DIVERSE_HIGH,16,r16-t007-9ee39521,1789127647307317349,1789127647648952433,0.0,406,0,0.0,False,False,False,False
B1_RL2_TC,ATTACK_DIVERSE_HIGH,16,r16-t008-abd4e012,1789127647659829442,1789127648004636193,0.0,406,0,0.0,False,False,False,False
B1_RL2_TC,ATTACK_DIVERSE_HIGH,16,r16-t009-3bccad11,1789127648016648523,1789127648317264073,0.0,406,0,0.0,False,False,False,False
B1_RL2_TC,ATTACK_DIVERSE_HIGH,16,r16-t010-a98e8e27,1789127648330732358,1789127648654011591,0.0,406,0,0.0,False,False,False,False
B1_RL2_TC,ATTACK_DIVERSE_HIGH,16,r16-t011-e3731835,1789127648665450108,1789127649053865884,0.0,406,0,0.0,False,False,False,False
B1_RL2_TC,ATTACK_DIVERSE_HIGH,16,r16-t012-5e9e8fe0,1789127649065081094,1789127649389080508,0.0,406,0,0.0,False,False,False,False
B1_RL2_TC,ATTACK_DIVERSE_HIGH,16,r16-t013-9795ec9a,1789127649400364861,1789127649709138472,0.0,406,0,0.0,False,False,False,False
B1_RL2_TC,ATTACK_DIVERSE_HIGH,16,r16-t014-e965c926,1789127649720081149,1789127650085317297,0.0,406,0,0.0,False,False,False,False
B1_RL2_TC,ATTACK_DIVERSE_HIGH,16,r16-t015-c55d5be9,1789127650097147938,1789127650409419768,0.0,406,0,0.0,False,False,False,False
B1_RL2_TC,ATTACK_DIVERSE_HIGH,16,r16-t016-12f5d144,1789127650420195037,1789127650724022339,0.0,406,0,0.0,False,False,False,False
B1_RL2_TC,ATTACK_DIVERSE_HIGH,16,r16-t017-3227d1ab,1789127650735089968,1789127651070543375,0.0,406,0,0.0,False,False,False,False
B1_RL2_TC,ATTACK_DIVERSE_HIGH,16,r16-t018-c54304b0,1789127651081997129,1789127651435027107,0.0,406,0,0.0,False,False,False,False
B1_RL2_TC,ATTACK_DIVERSE_HIGH,16,r16-t019-f8efc901,1789127651446544179,1789127651767400564,0.0,406,0,0.0,False,False,False,False
B1_RL2_TC,ATTACK_DIVERSE_HIGH,16,r16-t020-4b3bfda6,1789127651782119972,1789127652140640736,0.0,406,0,0.0,False,False,False,False
B1_RL2_TC,ATTACK_DIVERSE_HIGH,16,r16-t021-d6ee12a1,1789127652151867268,1789127652478109981,0.0,406,0,0.0,False,False,False,False
B1_RL2_TC,ATTACK_DIVERSE_HIGH,16,r16-t022-faa0d127,1789127652490143868,1789127652846760045,0.0,406,0,0.0,False,False,False,False
B1_RL2_TC,ATTACK_DIVERSE_HIGH,16,r16-t023-502926c9,1789127652858480464,1789127653234878246,0.0,406,0,0.0,False,False,False,False
B1_RL2_TC,ATTACK_DIVERSE_HIGH,16,r16-t024-c7e5ad4e,1789127653246520912,1789127653574942143,0.0,406,0,0.0,False,False,False,False
B1_RL2_TC,ATTACK_DIVERSE_HIGH,16,r16-t025-9b5186f2,1789127653588047029,1789127653930601402,0.0,405,0,0.0,False,False,False,False
B1_RL2_TC,ATTACK_DIVERSE_HIGH,16,r16-t026-7294c185,1789127655869213279,1789127657879728876,0.0,76,0,0.0,False,False,False,False
B1_RL2_TC,ATTACK_DIVERSE_HIGH,16,r16-t027-f44f5e95,1789127657891880148,1789127658046534802,0.0,344,0,0.0,False,False,False,False
B1_RL2_TC,ATTACK_DIVERSE_HIGH,16,r16-t028-ac3fa3b6,1789127658058512355,1789127658392950058,0.0,378,0,0.0,False,False,False,False
B1_RL2_TC,ATTACK_DIVERSE_HIGH,16,r16-t029-4fae5ebe,1789127658404103932,1789127658726533508,0.0,402,0,0.0,False,False,False,False
B1_RL2_TC,ATTACK_DIVERSE_HIGH,16,r16-t030-6e54cfc3,1789127658738618634,1789127659107464592,0.0,403,0,0.0,False,False,False,False
B1_RL2_TC,ATTACK_DIVERSE_HIGH,16,r16-t031-49f5fdb6,1789127659118640075,1789127659450305728,0.0,404,0,0.0,False,False,False,False
B1_RL2_TC,ATTACK_DIVERSE_HIGH,16,r16-t032-f7479f78,1789127659461545943,1789127659820850377,0.0,405,0,0.0,False,False,False,False
B1_RL2_TC,ATTACK_DIVERSE_HIGH,16,r16-t033-fce5b0f7,1789127659832890115,1789127660158706032,0.0,406,0,0.0,False,False,False,False
B1_RL2_TC,ATTACK_DIVERSE_HIGH,16,r16-t034-93604c15,1789127660169549269,1789127660536792501,0.0,406,0,0.0,False,False,False,False
B1_RL2_TC,ATTACK_DIVERSE_HIGH,16,r16-t035-a597f4f5,1789127660548244147,1789127660909782092,0.0,406,0,0.0,False,False,False,False
B1_RL2_TC,ATTACK_DIVERSE_HIGH,16,r16-t036-b7bd634d,1789127660921579466,1789127661229064783,0.0,406,0,0.0,False,False,False,False
B1_RL2_TC,ATTACK_DIVERSE_HIGH,16,r16-t037-0a18befe,1789127661241188218,1789127661597378319,0.0,406,0,0.0,False,False,False,False
B1_RL2_TC,ATTACK_DIVERSE_HIGH,16,r16-t038-44719a7f,1789127661608641324,1789127661965305929,0.0,406,0,0.0,False,False,False,False
B1_RL2_TC,ATTACK_DIVERSE_HIGH,16,r16-t039-67ac97dd,1789127661978643065,1789127662302524709,0.0,406,0,0.0,False,False,False,False
B1_RL2_TC,ATTACK_DIVERSE_HIGH,16,r16-t040-a3f570d0,1789127662313330434,1789127662684775361,0.0,406,0,0.0,False,False,False,False
B1_RL2_TC,ATTACK_DIVERSE_HIGH,16,r16-t041-b3ac714e,1789127662696408478,1789127663007879499,0.0,406,0,0.0,False,False,False,False
B1_RL2_TC,ATTACK_DIVERSE_HIGH,16,r16-t042-021e96c3,1789127663020104030,1789127663371845595,0.0,406,0,0.0,False,False,False,False
B1_RL2_TC,ATTACK_DIVERSE_HIGH,16,r16-t043-a4bd1dbd,1789127663382909799,1789127663667222725,0.0,406,0,0.0,False,False,False,False
B1_RL2_TC,ATTACK_DIVERSE_HIGH,16,r16-t044-cf27de54,1789127663678352631,1789127664048040451,0.0,406,0,0.0,False,False,False,False
B1_RL2_TC,ATTACK_DIVERSE_HIGH,16,r16-t045-0b24535d,1789127664059983725,1789127664403121901,0.0,406,0,0.0,False,False,False,False
B1_RL2_TC,ATTACK_DIVERSE_HIGH,16,r16-t046-ecd2c7f4,1789127664413860323,1789127664790643210,0.0,406,0,0.0,False,False,False,False
B1_RL2_TC,ATTACK_DIVERSE_HIGH,16,r16-t047-5c590b52,1789127664801537982,1789127665127050600,0.0,406,0,0.0,False,False,False,False
B1_RL2_TC,ATTACK_DIVERSE_HIGH,16,r16-t048-5ae6f1f2,1789127665139053644,1789127665448853122,0.0,406,0,0.0,False,False,False,False
B1_RL2_TC,ATTACK_DIVERSE_HIGH,16,r16-t049-cda74229,1789127665459736315,1789127665792873475,0.0,406,0,0.0,False,False,False,False
B5_LOCKED_TC,BENIGN_DIVERSE_HIGH,16,r16-t000-bb38d70e,1789127679057295947,1789127679857046579,0.0,400,0,0.0,False,False,False,False
B5_LOCKED_TC,BENIGN_DIVERSE_HIGH,16,r16-t001-99d41d7c,1789127679868291116,1789127680281179845,0.0,402,0,0.0,False,False,False,False
B5_LOCKED_TC,BENIGN_DIVERSE_HIGH,16,r16-t002-30428824,1789127680292990212,1789127680690980779,0.0,403,0,0.0,False,False,False,False
B5_LOCKED_TC,BENIGN_DIVERSE_HIGH,16,r16-t003-d40f1541,1789127680701854744,1789127681115820486,0.0,404,0,0.0,False,False,False,False
B5_LOCKED_TC,BENIGN_DIVERSE_HIGH,16,r16-t004-e538429e,1789127681127467669,1789127681569696277,0.0,405,0,0.0,False,False,False,False
B5_LOCKED_TC,BENIGN_DIVERSE_HIGH,16,r16-t005-605d7501,1789127681580476001,1789127682005118759,0.0,405,0,0.0,False,False,False,False
B5_LOCKED_TC,BENIGN_DIVERSE_HIGH,16,r16-t006-4f3eb470,1789127682016135122,1789127682405566206,0.0,405,0,0.0,False,False,False,False
B5_LOCKED_TC,BENIGN_DIVERSE_HIGH,16,r16-t007-9ee39521,1789127682416639377,1789127682820478507,0.0,405,0,0.0,False,False,False,False
B5_LOCKED_TC,BENIGN_DIVERSE_HIGH,16,r16-t008-abd4e012,1789127682831123733,1789127683221704722,0.0,405,0,0.0,False,False,False,False
B5_LOCKED_TC,BENIGN_DIVERSE_HIGH,16,r16-t009-3bccad11,1789127683232626842,1789127683643076843,0.0,405,0,0.0,False,False,False,False
B5_LOCKED_TC,BENIGN_DIVERSE_HIGH,16,r16-t010-a98e8e27,1789127683654116908,1789127684095417485,0.0,405,0,0.0,False,False,False,False
B5_LOCKED_TC,BENIGN_DIVERSE_HIGH,16,r16-t011-e3731835,1789127684107386897,1789127684515780406,0.0,405,0,0.0,False,False,False,False
B5_LOCKED_TC,BENIGN_DIVERSE_HIGH,16,r16-t012-5e9e8fe0,1789127684526667353,1789127684943549729,0.0,405,0,0.0,False,False,False,False
B5_LOCKED_TC,BENIGN_DIVERSE_HIGH,16,r16-t013-9795ec9a,1789127684954651741,1789127685377301341,0.0,405,0,0.0,False,False,False,False
B5_LOCKED_TC,BENIGN_DIVERSE_HIGH,16,r16-t014-e965c926,1789127685388675697,1789127685811605854,0.0,405,0,0.0,False,False,False,False
B5_LOCKED_TC,BENIGN_DIVERSE_HIGH,16,r16-t015-c55d5be9,1789127687748830863,1789127689757949378,0.0,85,0,0.0,False,False,False,False
B5_LOCKED_TC,BENIGN_DIVERSE_HIGH,16,r16-t016-12f5d144,1789127689769671031,1789127690187764224,0.0,335,0,0.0,False,False,False,False
B5_LOCKED_TC,BENIGN_DIVERSE_HIGH,16,r16-t017-3227d1ab,1789127690199800326,1789127690604966187,0.0,401,0,0.0,False,False,False,False
B5_LOCKED_TC,BENIGN_DIVERSE_HIGH,16,r16-t018-c54304b0,1789127690616046582,1789127691006766593,0.0,402,0,0.0,False,False,False,False
B5_LOCKED_TC,BENIGN_DIVERSE_HIGH,16,r16-t019-f8efc901,1789127691017686979,1789127691421524726,0.0,403,0,0.0,False,False,False,False
B5_LOCKED_TC,BENIGN_DIVERSE_HIGH,16,r16-t020-4b3bfda6,1789127691433782666,1789127691806996660,0.0,404,0,0.0,False,False,False,False
B5_LOCKED_TC,BENIGN_DIVERSE_HIGH,16,r16-t021-d6ee12a1,1789127691818050056,1789127692246112838,0.0,405,0,0.0,False,False,False,False
B5_LOCKED_TC,BENIGN_DIVERSE_HIGH,16,r16-t022-faa0d127,1789127692257136121,1789127692655042335,0.0,405,0,0.0,False,False,False,False
B5_LOCKED_TC,BENIGN_DIVERSE_HIGH,16,r16-t023-502926c9,1789127692666419524,1789127693060410024,0.0,405,0,0.0,False,False,False,False
B5_LOCKED_TC,BENIGN_DIVERSE_HIGH,16,r16-t024-c7e5ad4e,1789127693071700742,1789127693466839808,0.0,405,0,0.0,False,False,False,False
B5_LOCKED_TC,BENIGN_DIVERSE_HIGH,16,r16-t025-9b5186f2,1789127693479475065,1789127693908195249,0.0,405,0,0.0,False,False,False,False
B5_LOCKED_TC,BENIGN_DIVERSE_HIGH,16,r16-t026-7294c185,1789127693919375236,1789127694325964839,0.0,405,0,0.0,False,False,False,False
B5_LOCKED_TC,BENIGN_DIVERSE_HIGH,16,r16-t027-f44f5e95,1789127694337876703,1789127694722160639,0.0,405,0,0.0,False,False,False,False
B5_LOCKED_TC,BENIGN_DIVERSE_HIGH,16,r16-t028-ac3fa3b6,1789127694733443812,1789127695148180937,0.0,405,0,0.0,False,False,False,False
B5_LOCKED_TC,BENIGN_DIVERSE_HIGH,16,r16-t029-4fae5ebe,1789127695159457678,1789127695539181376,0.0,405,0,0.0,False,False,False,False
B5_LOCKED_TC,BENIGN_DIVERSE_HIGH,16,r16-t030-6e54cfc3,1789127695553367708,1789127695972902519,0.0,405,0,0.0,False,False,False,False
B5_LOCKED_TC,BENIGN_DIVERSE_HIGH,16,r16-t031-49f5fdb6,1789127695983650711,1789127696367005573,0.0,405,0,0.0,False,False,False,False
B5_LOCKED_TC,BENIGN_DIVERSE_HIGH,16,r16-t032-f7479f78,1789127696378180818,1789127696802105087,0.0,405,0,0.0,False,False,False,False
B5_LOCKED_TC,BENIGN_DIVERSE_HIGH,16,r16-t033-fce5b0f7,1789127696812726987,1789127697217858304,0.0,405,0,0.0,False,False,False,False
B5_LOCKED_TC,BENIGN_DIVERSE_HIGH,16,r16-t034-93604c15,1789127697228319153,1789127697632028201,0.0,405,0,0.0,False,False,False,False
B5_LOCKED_TC,BENIGN_DIVERSE_HIGH,16,r16-t035-a597f4f5,1789127697645982180,1789127698032424743,0.0,405,0,0.0,False,False,False,False
B5_LOCKED_TC,BENIGN_DIVERSE_HIGH,16,r16-t036-b7bd634d,1789127698043548447,1789127698428187545,0.0,405,0,0.0,False,False,False,False
B5_LOCKED_TC,BENIGN_DIVERSE_HIGH,16,r16-t037-0a18befe,1789127698441760420,1789127698855395893,0.0,405,0,0.0,False,False,False,False
B5_LOCKED_TC,BENIGN_DIVERSE_HIGH,16,r16-t038-44719a7f,1789127698866524535,1789127699230154048,0.0,405,0,0.0,False,False,False,False
B5_LOCKED_TC,BENIGN_DIVERSE_HIGH,16,r16-t039-67ac97dd,1789127699241405065,1789127699605904156,0.0,405,0,0.0,False,False,False,False
B5_LOCKED_TC,BENIGN_DIVERSE_HIGH,16,r16-t040-a3f570d0,1789127699617355746,1789127700001135518,0.0,405,0,0.0,False,False,False,False
B5_LOCKED_TC,BENIGN_DIVERSE_HIGH,16,r16-t041-b3ac714e,1789127700012086049,1789127700403201873,0.0,405,0,0.0,False,False,False,False
B5_LOCKED_TC,BENIGN_DIVERSE_HIGH,16,r16-t042-021e96c3,1789127700414190154,1789127700818680611,0.0,405,0,0.0,False,False,False,False
B5_LOCKED_TC,BENIGN_DIVERSE_HIGH,16,r16-t043-a4bd1dbd,1789127700831192749,1789127701223983606,0.0,405,0,0.0,False,False,False,False
B5_LOCKED_TC,BENIGN_DIVERSE_HIGH,16,r16-t044-cf27de54,1789127701234929572,1789127701640510404,0.0,405,0,0.0,False,False,False,False
B5_LOCKED_TC,BENIGN_DIVERSE_HIGH,16,r16-t045-0b24535d,1789127701650863416,1789127702060384844,0.0,405,0,0.0,False,False,False,False
B5_LOCKED_TC,BENIGN_DIVERSE_HIGH,16,r16-t046-ecd2c7f4,1789127702071604638,1789127702446940927,0.0,405,0,0.0,False,False,False,False
B5_LOCKED_TC,BENIGN_DIVERSE_HIGH,16,r16-t047-5c590b52,1789127702457782321,1789127702857279200,0.0,405,0,0.0,False,False,False,False
B5_LOCKED_TC,BENIGN_DIVERSE_HIGH,16,r16-t048-5ae6f1f2,1789127702869217870,1789127703277617839,0.0,405,0,0.0,False,False,False,False
B5_LOCKED_TC,BENIGN_DIVERSE_HIGH,16,r16-t049-cda74229,1789127703288472852,1789127703680722497,0.0,405,0,0.0,False,False,False,False
B0_OFF,ATTACK_DIVERSE_MODERATE,16,r16-t000-c967949a,1789127716158084739,1789127716352372976,0.0,24,0,0.0,False,False,False,False
B0_OFF,ATTACK_DIVERSE_MODERATE,16,r16-t001-9b7d11e0,1789127716362775783,1789127716638216929,0.0,25,0,0.0,False,False,False,False
B0_OFF,ATTACK_DIVERSE_MODERATE,16,r16-t002-0c8f2e54,1789127716649377116,1789127716956080022,0.0,26,0,0.0,False,False,False,False
B0_OFF,ATTACK_DIVERSE_MODERATE,16,r16-t003-91b946e1,1789127716966042733,1789127717317361845,0.0,27,0,0.0,False,False,False,False
B0_OFF,ATTACK_DIVERSE_MODERATE,16,r16-t004-1de51c62,1789127717328231749,1789127717627692206,0.0,28,0,0.0,False,False,False,False
B0_OFF,ATTACK_DIVERSE_MODERATE,16,r16-t005-bf617940,1789127718524299207,1789127718860090949,0.0,20,0,0.0,False,False,False,False
B0_OFF,ATTACK_DIVERSE_MODERATE,16,r16-t006-7f209dda,1789127719993052198,1789127720315096598,0.0,4,0,0.0,False,False,False,False
B0_OFF,ATTACK_DIVERSE_MODERATE,16,r16-t007-39509f5a,1789127720325495915,1789127720695620290,0.0,7,0,0.0,False,False,False,False
B0_OFF,ATTACK_DIVERSE_MODERATE,16,r16-t008-9b0d0cd7,1789127720707404670,1789127721006697809,0.0,13,0,0.0,False,False,False,False
B0_OFF,ATTACK_DIVERSE_MODERATE,16,r16-t009-cbdb394f,1789127721016869751,1789127721348451488,0.0,14,0,0.0,False,False,False,False
B0_OFF,ATTACK_DIVERSE_MODERATE,16,r16-t010-6f1fff94,1789127721359978537,1789127721664512149,0.0,19,0,0.0,False,False,False,False
B0_OFF,ATTACK_DIVERSE_MODERATE,16,r16-t011-af1e698d,1789127721675125459,1789127722050858303,0.0,24,0,0.0,False,False,False,False
B0_OFF,ATTACK_DIVERSE_MODERATE,16,r16-t012-40ecfe1e,1789127722062192499,1789127722378570321,0.0,29,0,0.0,False,False,False,False
B0_OFF,ATTACK_DIVERSE_MODERATE,16,r16-t013-b452bd7f,1789127722388912836,1789127722742690779,0.0,30,0,0.0,False,False,False,False
B0_OFF,ATTACK_DIVERSE_MODERATE,16,r16-t014-ef302f64,1789127722754732300,1789127723094423449,0.0,30,0,0.0,False,False,False,False
B0_OFF,ATTACK_DIVERSE_MODERATE,16,r16-t015-5066194b,1789127723104931515,1789127723416225878,0.0,30,0,0.0,False,False,False,False
B0_OFF,ATTACK_DIVERSE_MODERATE,16,r16-t016-7d6e5381,1789127723427132453,1789127723739436700,0.0,30,0,0.0,False,False,False,False
B0_OFF,ATTACK_DIVERSE_MODERATE,16,r16-t017-4bc1b100,1789127723750325924,1789127724085632881,0.0,30,0,0.0,False,False,False,False
B0_OFF,ATTACK_DIVERSE_MODERATE,16,r16-t018-150388b3,1789127724095442058,1789127724431606910,0.0,30,0,0.0,False,False,False,False
B0_OFF,ATTACK_DIVERSE_MODERATE,16,r16-t019-e104c34e,1789127724441494404,1789127724747937418,0.0,30,0,0.0,False,False,False,False
B0_OFF,ATTACK_DIVERSE_MODERATE,16,r16-t020-fa3134c4,1789127724757910247,1789127725115645805,0.0,30,0,0.0,False,False,False,False
B0_OFF,ATTACK_DIVERSE_MODERATE,16,r16-t021-a875192f,1789127725125574071,1789127725442812442,0.0,30,0,0.0,False,False,False,False
B0_OFF,ATTACK_DIVERSE_MODERATE,16,r16-t022-c468540b,1789127725453979002,1789127725785572306,0.0,30,0,0.0,False,False,False,False
B0_OFF,ATTACK_DIVERSE_MODERATE,16,r16-t023-780a571d,1789127725796001199,1789127726106406947,0.0,30,0,0.0,False,False,False,False
B0_OFF,ATTACK_DIVERSE_MODERATE,16,r16-t024-8cee527e,1789127726116353797,1789127726431227459,0.0,30,0,0.0,False,False,False,False
B0_OFF,ATTACK_DIVERSE_MODERATE,16,r16-t025-d0939838,1789127726441505121,1789127726743538818,0.0,30,0,0.0,False,False,False,False
B0_OFF,ATTACK_DIVERSE_MODERATE,16,r16-t026-3a22a2b1,1789127726754422732,1789127727062927802,0.0,30,0,0.0,False,False,False,False
B0_OFF,ATTACK_DIVERSE_MODERATE,16,r16-t027-434ef460,1789127727074567114,1789127727371433345,0.0,31,0,0.0,False,False,False,False
B0_OFF,ATTACK_DIVERSE_MODERATE,16,r16-t028-388cf5ba,1789127727381667771,1789127727686843665,0.0,31,0,0.0,False,False,False,False
B0_OFF,ATTACK_DIVERSE_MODERATE,16,r16-t029-f9fbb4ca,1789127727698111585,1789127728040085995,0.0,31,0,0.0,False,False,False,False
B0_OFF,ATTACK_DIVERSE_MODERATE,16,r16-t030-ccd1db84,1789127728051643196,1789127728374414357,0.0,31,0,0.0,False,False,False,False
B0_OFF,ATTACK_DIVERSE_MODERATE,16,r16-t031-de94fa5f,1789127728384830533,1789127728735386851,0.0,31,0,0.0,False,False,False,False
B0_OFF,ATTACK_DIVERSE_MODERATE,16,r16-t032-31a6ca66,1789127728745851813,1789127729054612664,0.0,30,0,0.0,False,False,False,False
B0_OFF,ATTACK_DIVERSE_MODERATE,16,r16-t033-62ddb5f7,1789127729064628548,1789127729378405946,0.0,30,0,0.0,False,False,False,False
B0_OFF,ATTACK_DIVERSE_MODERATE,16,r16-t034-c8c5b486,1789127729388541576,1789127729733856713,0.0,30,0,0.0,False,False,False,False
B0_OFF,ATTACK_DIVERSE_MODERATE,16,r16-t035-c9ca0032,1789127729743836515,1789127730062009813,0.0,30,0,0.0,False,False,False,False
B0_OFF,ATTACK_DIVERSE_MODERATE,16,r16-t036-7f016bef,1789127730072043276,1789127730379014988,0.0,30,0,0.0,False,False,False,False
B0_OFF,ATTACK_DIVERSE_MODERATE,16,r16-t037-a15def3c,1789127730389582855,1789127730702636608,0.0,30,0,0.0,False,False,False,False
B0_OFF,ATTACK_DIVERSE_MODERATE,16,r16-t038-a49a8524,1789127730712672464,1789127731080366657,0.0,31,0,0.0,False,False,False,False
B0_OFF,ATTACK_DIVERSE_MODERATE,16,r16-t039-2863c7a9,1789127731090450468,1789127731365942889,0.0,30,0,0.0,False,False,False,False
B0_OFF,ATTACK_DIVERSE_MODERATE,16,r16-t040-f5ad1cd3,1789127731376375268,1789127731729314817,0.0,30,0,0.0,False,False,False,False
B0_OFF,ATTACK_DIVERSE_MODERATE,16,r16-t041-2e21b330,1789127731739981447,1789127732051018162,0.0,30,0,0.0,False,False,False,False
B0_OFF,ATTACK_DIVERSE_MODERATE,16,r16-t042-fb6bd043,1789127732061073623,1789127732401663898,0.0,30,0,0.0,False,False,False,False
B0_OFF,ATTACK_DIVERSE_MODERATE,16,r16-t043-11644be4,1789127732412776387,1789127732754787351,0.0,30,0,0.0,False,False,False,False
B0_OFF,ATTACK_DIVERSE_MODERATE,16,r16-t044-886d024c,1789127732768482851,1789127733084990531,0.0,30,0,0.0,False,False,False,False
B0_OFF,ATTACK_DIVERSE_MODERATE,16,r16-t045-4e14ec1e,1789127733095328106,1789127733428738814,0.0,30,0,0.0,False,False,False,False
B0_OFF,ATTACK_DIVERSE_MODERATE,16,r16-t046-d6261ffc,1789127733439626808,1789127733746941750,0.0,30,0,0.0,False,False,False,False
B0_OFF,ATTACK_DIVERSE_MODERATE,16,r16-t047-8477ca0e,1789127733756907377,1789127734075811222,0.0,30,0,0.0,False,False,False,False
B0_OFF,ATTACK_DIVERSE_MODERATE,16,r16-t048-68d57f66,1789127734086406702,1789127734386695974,0.0,30,0,0.0,False,False,False,False
B0_OFF,ATTACK_DIVERSE_MODERATE,16,r16-t049-12a8a909,1789127734397669844,1789127734752146610,0.0,30,0,0.0,False,False,False,False
B1_RL2_TC,BENIGN_DIVERSE_HIGH,16,r16-t000-bb38d70e,1789127746359232034,1789127747512719301,0.0,400,0,0.0,False,False,False,False
B1_RL2_TC,BENIGN_DIVERSE_HIGH,16,r16-t001-99d41d7c,1789127747524456193,1789127747925718703,0.0,403,0,0.0,False,False,False,False
B1_RL2_TC,BENIGN_DIVERSE_HIGH,16,r16-t002-30428824,1789127747938069881,1789127748343543049,0.0,404,0,0.0,False,False,False,False
B1_RL2_TC,BENIGN_DIVERSE_HIGH,16,r16-t003-d40f1541,1789127748355455802,1789127748753132898,0.0,405,0,0.0,False,False,False,False
B1_RL2_TC,BENIGN_DIVERSE_HIGH,16,r16-t004-e538429e,1789127748764752957,1789127749192880010,0.0,405,0,0.0,False,False,False,False
B1_RL2_TC,BENIGN_DIVERSE_HIGH,16,r16-t005-605d7501,1789127749203829306,1789127749624251146,0.0,405,0,0.0,False,False,False,False
B1_RL2_TC,BENIGN_DIVERSE_HIGH,16,r16-t006-4f3eb470,1789127750445055938,1789127750831863358,0.0,287,0,0.0,False,False,False,False
B1_RL2_TC,BENIGN_DIVERSE_HIGH,16,r16-t007-9ee39521,1789127751968249880,1789127752365034258,0.0,55,0,0.0,False,False,False,False
B1_RL2_TC,BENIGN_DIVERSE_HIGH,16,r16-t008-abd4e012,1789127752377129294,1789127752799918837,0.0,118,0,0.0,False,False,False,False
B1_RL2_TC,BENIGN_DIVERSE_HIGH,16,r16-t009-3bccad11,1789127752811291540,1789127753228920284,0.0,178,0,0.0,False,False,False,False
B1_RL2_TC,BENIGN_DIVERSE_HIGH,16,r16-t010-a98e8e27,1789127753240810182,1789127753654704758,0.0,237,0,0.0,False,False,False,False
B1_RL2_TC,BENIGN_DIVERSE_HIGH,16,r16-t011-e3731835,1789127753668790369,1789127754047998263,0.0,324,0,0.0,False,False,False,False
B1_RL2_TC,BENIGN_DIVERSE_HIGH,16,r16-t012-5e9e8fe0,1789127754058957191,1789127754440820003,0.0,403,0,0.0,False,False,False,False
B1_RL2_TC,BENIGN_DIVERSE_HIGH,16,r16-t013-9795ec9a,1789127754453138030,1789127754847805161,0.0,405,0,0.0,False,False,False,False
B1_RL2_TC,BENIGN_DIVERSE_HIGH,16,r16-t014-e965c926,1789127754859360433,1789127755257872096,0.0,405,0,0.0,False,False,False,False
B1_RL2_TC,BENIGN_DIVERSE_HIGH,16,r16-t015-c55d5be9,1789127755269085232,1789127755666288951,0.0,405,0,0.0,False,False,False,False
B1_RL2_TC,BENIGN_DIVERSE_HIGH,16,r16-t016-12f5d144,1789127755676731838,1789127756080004879,0.0,405,0,0.0,False,False,False,False
B1_RL2_TC,BENIGN_DIVERSE_HIGH,16,r16-t017-3227d1ab,1789127756092102752,1789127756483863938,0.0,405,0,0.0,False,False,False,False
B1_RL2_TC,BENIGN_DIVERSE_HIGH,16,r16-t018-c54304b0,1789127756495162679,1789127756900181126,0.0,405,0,0.0,False,False,False,False
B1_RL2_TC,BENIGN_DIVERSE_HIGH,16,r16-t019-f8efc901,1789127756912071829,1789127757301144357,0.0,405,0,0.0,False,False,False,False
B1_RL2_TC,BENIGN_DIVERSE_HIGH,16,r16-t020-4b3bfda6,1789127757313088955,1789127757676013163,0.0,405,0,0.0,False,False,False,False
B1_RL2_TC,BENIGN_DIVERSE_HIGH,16,r16-t021-d6ee12a1,1789127757687915950,1789127758087095931,0.0,405,0,0.0,False,False,False,False
B1_RL2_TC,BENIGN_DIVERSE_HIGH,16,r16-t022-faa0d127,1789127758097864718,1789127758498835595,0.0,405,0,0.0,False,False,False,False
B1_RL2_TC,BENIGN_DIVERSE_HIGH,16,r16-t023-502926c9,1789127758509899326,1789127758898527976,0.0,405,0,0.0,False,False,False,False
B1_RL2_TC,BENIGN_DIVERSE_HIGH,16,r16-t024-c7e5ad4e,1789127758909508274,1789127759306782495,0.0,405,0,0.0,False,False,False,False
B1_RL2_TC,BENIGN_DIVERSE_HIGH,16,r16-t025-9b5186f2,1789127759318106059,1789127759713531527,0.0,405,0,0.0,False,False,False,False
B1_RL2_TC,BENIGN_DIVERSE_HIGH,16,r16-t026-7294c185,1789127759724895298,1789127760128081319,0.0,405,0,0.0,False,False,False,False
B1_RL2_TC,BENIGN_DIVERSE_HIGH,16,r16-t027-f44f5e95,1789127760141168881,1789127760532129897,0.0,405,0,0.0,False,False,False,False
B1_RL2_TC,BENIGN_DIVERSE_HIGH,16,r16-t028-ac3fa3b6,1789127760543294239,1789127760918221655,0.0,405,0,0.0,False,False,False,False
B1_RL2_TC,BENIGN_DIVERSE_HIGH,16,r16-t029-4fae5ebe,1789127760929384298,1789127761334165468,0.0,405,0,0.0,False,False,False,False
B1_RL2_TC,BENIGN_DIVERSE_HIGH,16,r16-t030-6e54cfc3,1789127761345958394,1789127761737904097,0.0,405,0,0.0,False,False,False,False
B1_RL2_TC,BENIGN_DIVERSE_HIGH,16,r16-t031-49f5fdb6,1789127761749745062,1789127762167225695,0.0,405,0,0.0,False,False,False,False
B1_RL2_TC,BENIGN_DIVERSE_HIGH,16,r16-t032-f7479f78,1789127762178153796,1789127762572766736,0.0,405,0,0.0,False,False,False,False
B1_RL2_TC,BENIGN_DIVERSE_HIGH,16,r16-t033-fce5b0f7,1789127762583723908,1789127762972369208,0.0,405,0,0.0,False,False,False,False
B1_RL2_TC,BENIGN_DIVERSE_HIGH,16,r16-t034-93604c15,1789127762983415449,1789127763386598806,0.0,405,0,0.0,False,False,False,False
B1_RL2_TC,BENIGN_DIVERSE_HIGH,16,r16-t035-a597f4f5,1789127763398749793,1789127763784752816,0.0,405,0,0.0,False,False,False,False
B1_RL2_TC,BENIGN_DIVERSE_HIGH,16,r16-t036-b7bd634d,1789127763796993155,1789127764191701292,0.0,405,0,0.0,False,False,False,False
B1_RL2_TC,BENIGN_DIVERSE_HIGH,16,r16-t037-0a18befe,1789127764203197382,1789127764590123730,0.0,405,0,0.0,False,False,False,False
B1_RL2_TC,BENIGN_DIVERSE_HIGH,16,r16-t038-44719a7f,1789127764602453606,1789127764999741484,0.0,405,0,0.0,False,False,False,False
B1_RL2_TC,BENIGN_DIVERSE_HIGH,16,r16-t039-67ac97dd,1789127765011363022,1789127765419191131,0.0,405,0,0.0,False,False,False,False
B1_RL2_TC,BENIGN_DIVERSE_HIGH,16,r16-t040-a3f570d0,1789127765430544241,1789127765834300926,0.0,405,0,0.0,False,False,False,False
B1_RL2_TC,BENIGN_DIVERSE_HIGH,16,r16-t041-b3ac714e,1789127765845777327,1789127766246059541,0.0,405,0,0.0,False,False,False,False
B1_RL2_TC,BENIGN_DIVERSE_HIGH,16,r16-t042-021e96c3,1789127766257965541,1789127766649147172,0.0,405,0,0.0,False,False,False,False
B1_RL2_TC,BENIGN_DIVERSE_HIGH,16,r16-t043-a4bd1dbd,1789127766660228573,1789127767069023979,0.0,405,0,0.0,False,False,False,False
B1_RL2_TC,BENIGN_DIVERSE_HIGH,16,r16-t044-cf27de54,1789127767080443094,1789127767463473438,0.0,405,0,0.0,False,False,False,False
B1_RL2_TC,BENIGN_DIVERSE_HIGH,16,r16-t045-0b24535d,1789127767475705994,1789127767864233253,0.0,405,0,0.0,False,False,False,False
B1_RL2_TC,BENIGN_DIVERSE_HIGH,16,r16-t046-ecd2c7f4,1789127767877315348,1789127768286410216,0.0,405,0,0.0,False,False,False,False
B1_RL2_TC,BENIGN_DIVERSE_HIGH,16,r16-t047-5c590b52,1789127768298109667,1789127768695119365,0.0,405,0,0.0,False,False,False,False
B1_RL2_TC,BENIGN_DIVERSE_HIGH,16,r16-t048-5ae6f1f2,1789127768706677899,1789127769094701399,0.0,405,0,0.0,False,False,False,False
B1_RL2_TC,BENIGN_DIVERSE_HIGH,16,r16-t049-cda74229,1789127769105735357,1789127769502311614,0.0,405,0,0.0,False,False,False,False
RFC_DROP_NATIVE,BENIGN_DIVERSE_HIGH,16,r16-t000-bb38d70e,1789127784781380642,1789127786791953923,0.0,176,0,0.0,False,False,False,False
RFC_DROP_NATIVE,BENIGN_DIVERSE_HIGH,16,r16-t001-99d41d7c,1789127784788880183,1789127786800575818,0.0,176,0,0.0,False,False,False,False
RFC_DROP_NATIVE,BENIGN_DIVERSE_HIGH,16,r16-t002-30428824,1789127784798852935,1789127786809973871,0.0,176,0,0.0,False,False,False,False
RFC_DROP_NATIVE,BENIGN_DIVERSE_HIGH,16,r16-t003-d40f1541,1789127784808232049,1789127786819410653,0.0,176,0,0.0,False,False,False,False
RFC_DROP_NATIVE,BENIGN_DIVERSE_HIGH,16,r16-t004-e538429e,1789127784818029348,1789127786839518607,0.0,177,0,0.0,False,False,False,False
RFC_DROP_NATIVE,BENIGN_DIVERSE_HIGH,16,r16-t005-605d7501,1789127784828427541,1789127786839369821,0.0,179,0,0.0,False,False,False,False
RFC_DROP_NATIVE,BENIGN_DIVERSE_HIGH,16,r16-t006-4f3eb470,1789127784838625594,1789127786850661299,0.0,181,0,0.0,False,False,False,False
RFC_DROP_NATIVE,BENIGN_DIVERSE_HIGH,16,r16-t007-9ee39521,1789127784848466145,1789127786858921923,0.0,183,0,0.0,False,False,False,False
RFC_DROP_NATIVE,BENIGN_DIVERSE_HIGH,16,r16-t008-abd4e012,1789127784858253927,1789127786866961769,0.0,185,0,0.0,False,False,False,False
RFC_DROP_NATIVE,BENIGN_DIVERSE_HIGH,16,r16-t009-3bccad11,1789127784868410424,1789127786878808346,0.0,187,0,0.0,False,False,False,False
RFC_DROP_NATIVE,BENIGN_DIVERSE_HIGH,16,r16-t010-a98e8e27,1789127784878626286,1789127786889379920,0.0,189,0,0.0,False,False,False,False
RFC_DROP_NATIVE,BENIGN_DIVERSE_HIGH,16,r16-t011-e3731835,1789127784888771759,1789127786899051330,0.0,191,0,0.0,False,False,False,False
RFC_DROP_NATIVE,BENIGN_DIVERSE_HIGH,16,r16-t012-5e9e8fe0,1789127784898348658,1789127786909487592,0.0,193,0,0.0,False,False,False,False
RFC_DROP_NATIVE,BENIGN_DIVERSE_HIGH,16,r16-t013-9795ec9a,1789127784908178749,1789127786918193822,0.0,195,0,0.0,False,False,False,False
RFC_DROP_NATIVE,BENIGN_DIVERSE_HIGH,16,r16-t014-e965c926,1789127784918506272,1789127786930500611,0.0,197,0,0.0,False,False,False,False
RFC_DROP_NATIVE,BENIGN_DIVERSE_HIGH,16,r16-t015-c55d5be9,1789127784928766139,1789127786939048348,0.0,199,0,0.0,False,False,False,False
RFC_DROP_NATIVE,BENIGN_DIVERSE_HIGH,16,r16-t016-12f5d144,1789127784938892295,1789127786950805786,0.0,201,0,0.0,False,False,False,False
RFC_DROP_NATIVE,BENIGN_DIVERSE_HIGH,16,r16-t017-3227d1ab,1789127784948364883,1789127786958931757,0.0,203,0,0.0,False,False,False,False
RFC_DROP_NATIVE,BENIGN_DIVERSE_HIGH,16,r16-t018-c54304b0,1789127784958469555,1789127786970023188,0.0,205,0,0.0,False,False,False,False
RFC_DROP_NATIVE,BENIGN_DIVERSE_HIGH,16,r16-t019-f8efc901,1789127784968501766,1789127786981178883,0.0,207,0,0.0,False,False,False,False
RFC_DROP_NATIVE,BENIGN_DIVERSE_HIGH,16,r16-t020-4b3bfda6,1789127784978724129,1789127786991136088,0.0,209,0,0.0,False,False,False,False
RFC_DROP_NATIVE,BENIGN_DIVERSE_HIGH,16,r16-t021-d6ee12a1,1789127784988306776,1789127786999079915,0.0,211,0,0.0,False,False,False,False
RFC_DROP_NATIVE,BENIGN_DIVERSE_HIGH,16,r16-t022-faa0d127,1789127784998597267,1789127787008465531,0.0,213,0,0.0,False,False,False,False
RFC_DROP_NATIVE,BENIGN_DIVERSE_HIGH,16,r16-t023-502926c9,1789127785008400220,1789127787018302313,0.0,215,0,0.0,False,False,False,False
RFC_DROP_NATIVE,BENIGN_DIVERSE_HIGH,16,r16-t024-c7e5ad4e,1789127785018241335,1789127787031386014,0.0,217,0,0.0,False,False,False,False
RFC_DROP_NATIVE,BENIGN_DIVERSE_HIGH,16,r16-t025-9b5186f2,1789127785028435430,1789127787039146001,0.0,219,0,0.0,False,False,False,False
RFC_DROP_NATIVE,BENIGN_DIVERSE_HIGH,16,r16-t026-7294c185,1789127785038496663,1789127787049558424,0.0,221,0,0.0,False,False,False,False
RFC_DROP_NATIVE,BENIGN_DIVERSE_HIGH,16,r16-t027-f44f5e95,1789127785048463573,1789127787059067478,0.0,223,0,0.0,False,False,False,False
RFC_DROP_NATIVE,BENIGN_DIVERSE_HIGH,16,r16-t028-ac3fa3b6,1789127785058318352,1789127787081725158,0.0,225,0,0.0,False,False,False,False
RFC_DROP_NATIVE,BENIGN_DIVERSE_HIGH,16,r16-t029-4fae5ebe,1789127785071363420,1789127787082258208,0.0,227,0,0.0,False,False,False,False
RFC_DROP_NATIVE,BENIGN_DIVERSE_HIGH,16,r16-t030-6e54cfc3,1789127785078173209,1789127787087118978,0.0,229,0,0.0,False,False,False,False
RFC_DROP_NATIVE,BENIGN_DIVERSE_HIGH,16,r16-t031-49f5fdb6,1789127785088245844,1789127787099341810,0.0,231,0,0.0,False,False,False,False
RFC_DROP_NATIVE,BENIGN_DIVERSE_HIGH,16,r16-t032-f7479f78,1789127785098290493,1789127787110173266,0.0,233,0,0.0,False,False,False,False
RFC_DROP_NATIVE,BENIGN_DIVERSE_HIGH,16,r16-t033-fce5b0f7,1789127785108115871,1789127787119121095,0.0,235,0,0.0,False,False,False,False
RFC_DROP_NATIVE,BENIGN_DIVERSE_HIGH,16,r16-t034-93604c15,1789127785118105303,1789127787130494741,0.0,237,0,0.0,False,False,False,False
RFC_DROP_NATIVE,BENIGN_DIVERSE_HIGH,16,r16-t035-a597f4f5,1789127785128166442,1789127787149874971,0.0,239,0,0.0,False,False,False,False
RFC_DROP_NATIVE,BENIGN_DIVERSE_HIGH,16,r16-t036-b7bd634d,1789127785138421031,1789127787150074829,0.0,241,0,0.0,False,False,False,False
RFC_DROP_NATIVE,BENIGN_DIVERSE_HIGH,16,r16-t037-0a18befe,1789127785148413383,1789127787167951927,0.0,243,0,0.0,False,False,False,False
RFC_DROP_NATIVE,BENIGN_DIVERSE_HIGH,16,r16-t038-44719a7f,1789127785158067078,1789127787169208179,0.0,245,0,0.0,False,False,False,False
RFC_DROP_NATIVE,BENIGN_DIVERSE_HIGH,16,r16-t039-67ac97dd,1789127785168097875,1789127787188201507,0.0,248,0,0.0,False,False,False,False
RFC_DROP_NATIVE,BENIGN_DIVERSE_HIGH,16,r16-t040-a3f570d0,1789127785178010699,1789127787187992697,0.0,250,0,0.0,False,False,False,False
RFC_DROP_NATIVE,BENIGN_DIVERSE_HIGH,16,r16-t041-b3ac714e,1789127785187754947,1789127787208935797,0.0,252,0,0.0,False,False,False,False
RFC_DROP_NATIVE,BENIGN_DIVERSE_HIGH,16,r16-t042-021e96c3,1789127785198065037,1789127787206938533,0.0,254,0,0.0,False,False,False,False
RFC_DROP_NATIVE,BENIGN_DIVERSE_HIGH,16,r16-t043-a4bd1dbd,1789127785207921889,1789127787229574164,0.0,256,0,0.0,False,False,False,False
RFC_DROP_NATIVE,BENIGN_DIVERSE_HIGH,16,r16-t044-cf27de54,1789127785218551884,1789127787230632630,0.0,258,0,0.0,False,False,False,False
RFC_DROP_NATIVE,BENIGN_DIVERSE_HIGH,16,r16-t045-0b24535d,1789127785228069325,1789127787249271000,0.0,260,0,0.0,False,False,False,False
RFC_DROP_NATIVE,BENIGN_DIVERSE_HIGH,16,r16-t046-ecd2c7f4,1789127785238544504,1789127787249964992,0.0,262,0,0.0,False,False,False,False
RFC_DROP_NATIVE,BENIGN_DIVERSE_HIGH,16,r16-t047-5c590b52,1789127785247838529,1789127787259340148,0.0,264,0,0.0,False,False,False,False
RFC_DROP_NATIVE,BENIGN_DIVERSE_HIGH,16,r16-t048-5ae6f1f2,1789127785258608924,1789127787267975894,0.0,266,0,0.0,False,False,False,False
RFC_DROP_NATIVE,BENIGN_DIVERSE_HIGH,16,r16-t049-cda74229,1789127785267983610,1789127787278937951,0.0,268,0,0.0,False,False,False,False
RFC_DROP_NATIVE,ATTACK_DIVERSE_MODERATE,16,r16-t000-c967949a,1789127818911044828,1789127820932192202,0.0,24,0,0.0,False,False,False,False
RFC_DROP_NATIVE,ATTACK_DIVERSE_MODERATE,16,r16-t001-9b7d11e0,1789127818916304987,1789127820926323127,0.0,24,0,0.0,False,False,False,False
RFC_DROP_NATIVE,ATTACK_DIVERSE_MODERATE,16,r16-t002-0c8f2e54,1789127818925338229,1789127820934272161,0.0,24,0,0.0,False,False,False,False
RFC_DROP_NATIVE,ATTACK_DIVERSE_MODERATE,16,r16-t003-91b946e1,1789127818935105343,1789127820945026350,0.0,24,0,0.0,False,False,False,False
RFC_DROP_NATIVE,ATTACK_DIVERSE_MODERATE,16,r16-t004-1de51c62,1789127818945426301,1789127820954106085,0.0,24,0,0.0,False,False,False,False
RFC_DROP_NATIVE,ATTACK_DIVERSE_MODERATE,16,r16-t005-bf617940,1789127818955436058,1789127820965045675,0.0,24,0,0.0,False,False,False,False
RFC_DROP_NATIVE,ATTACK_DIVERSE_MODERATE,16,r16-t006-7f209dda,1789127818965691664,1789127820973927278,0.0,24,0,0.0,False,False,False,False
RFC_DROP_NATIVE,ATTACK_DIVERSE_MODERATE,16,r16-t007-39509f5a,1789127818975231977,1789127820985078296,0.0,24,0,0.0,False,False,False,False
RFC_DROP_NATIVE,ATTACK_DIVERSE_MODERATE,16,r16-t008-9b0d0cd7,1789127818985381775,1789127820996328711,0.0,24,0,0.0,False,False,False,False
RFC_DROP_NATIVE,ATTACK_DIVERSE_MODERATE,16,r16-t009-cbdb394f,1789127818995380214,1789127821005395054,0.0,24,0,0.0,False,False,False,False
RFC_DROP_NATIVE,ATTACK_DIVERSE_MODERATE,16,r16-t010-6f1fff94,1789127819005484935,1789127821013888409,0.0,24,0,0.0,False,False,False,False
RFC_DROP_NATIVE,ATTACK_DIVERSE_MODERATE,16,r16-t011-af1e698d,1789127819015345692,1789127821025694083,0.0,24,0,0.0,False,False,False,False
RFC_DROP_NATIVE,ATTACK_DIVERSE_MODERATE,16,r16-t012-40ecfe1e,1789127819025375158,1789127821035791825,0.0,24,0,0.0,False,False,False,False
RFC_DROP_NATIVE,ATTACK_DIVERSE_MODERATE,16,r16-t013-b452bd7f,1789127819035420184,1789127821044236897,0.0,24,0,0.0,False,False,False,False
RFC_DROP_NATIVE,ATTACK_DIVERSE_MODERATE,16,r16-t014-ef302f64,1789127819045405705,1789127821054356140,0.0,24,0,0.0,False,False,False,False
RFC_DROP_NATIVE,ATTACK_DIVERSE_MODERATE,16,r16-t015-5066194b,1789127819055359917,1789127821064359673,0.0,24,0,0.0,False,False,False,False
RFC_DROP_NATIVE,ATTACK_DIVERSE_MODERATE,16,r16-t016-7d6e5381,1789127819065402208,1789127821076923169,0.0,24,0,0.0,False,False,False,False
RFC_DROP_NATIVE,ATTACK_DIVERSE_MODERATE,16,r16-t017-4bc1b100,1789127819075493255,1789127821085962543,0.0,24,0,0.0,False,False,False,False
RFC_DROP_NATIVE,ATTACK_DIVERSE_MODERATE,16,r16-t018-150388b3,1789127819085368157,1789127821093859805,0.0,24,0,0.0,False,False,False,False
RFC_DROP_NATIVE,ATTACK_DIVERSE_MODERATE,16,r16-t019-e104c34e,1789127819095289551,1789127821104774499,0.0,24,0,0.0,False,False,False,False
RFC_DROP_NATIVE,ATTACK_DIVERSE_MODERATE,16,r16-t020-fa3134c4,1789127819105512245,1789127821113896199,0.0,25,0,0.0,False,False,False,False
RFC_DROP_NATIVE,ATTACK_DIVERSE_MODERATE,16,r16-t021-a875192f,1789127819115534827,1789127821125503740,0.0,25,0,0.0,False,False,False,False
RFC_DROP_NATIVE,ATTACK_DIVERSE_MODERATE,16,r16-t022-c468540b,1789127819125561463,1789127821133948435,0.0,25,0,0.0,False,False,False,False
RFC_DROP_NATIVE,ATTACK_DIVERSE_MODERATE,16,r16-t023-780a571d,1789127819135598380,1789127821145609541,0.0,25,0,0.0,False,False,False,False
RFC_DROP_NATIVE,ATTACK_DIVERSE_MODERATE,16,r16-t024-8cee527e,1789127819145595405,1789127821153932961,0.0,25,0,0.0,False,False,False,False
RFC_DROP_NATIVE,ATTACK_DIVERSE_MODERATE,16,r16-t025-d0939838,1789127819155738696,1789127821165669511,0.0,25,0,0.0,False,False,False,False
RFC_DROP_NATIVE,ATTACK_DIVERSE_MODERATE,16,r16-t026-3a22a2b1,1789127819165510525,1789127821173801589,0.0,25,0,0.0,False,False,False,False
RFC_DROP_NATIVE,ATTACK_DIVERSE_MODERATE,16,r16-t027-434ef460,1789127819175336672,1789127821185352925,0.0,25,0,0.0,False,False,False,False
RFC_DROP_NATIVE,ATTACK_DIVERSE_MODERATE,16,r16-t028-388cf5ba,1789127819185381509,1789127821209789523,0.0,25,0,0.0,False,False,False,False
RFC_DROP_NATIVE,ATTACK_DIVERSE_MODERATE,16,r16-t029-f9fbb4ca,1789127819202625197,1789127821213000936,0.0,25,0,0.0,False,False,False,False
RFC_DROP_NATIVE,ATTACK_DIVERSE_MODERATE,16,r16-t030-ccd1db84,1789127819205675541,1789127821216426325,0.0,25,0,0.0,False,False,False,False
RFC_DROP_NATIVE,ATTACK_DIVERSE_MODERATE,16,r16-t031-de94fa5f,1789127819215364571,1789127821226036989,0.0,25,0,0.0,False,False,False,False
RFC_DROP_NATIVE,ATTACK_DIVERSE_MODERATE,16,r16-t032-31a6ca66,1789127819225468348,1789127821233807507,0.0,25,0,0.0,False,False,False,False
RFC_DROP_NATIVE,ATTACK_DIVERSE_MODERATE,16,r16-t033-62ddb5f7,1789127819235363054,1789127821245928074,0.0,25,0,0.0,False,False,False,False
RFC_DROP_NATIVE,ATTACK_DIVERSE_MODERATE,16,r16-t034-c8c5b486,1789127819245528318,1789127821253806293,0.0,25,0,0.0,False,False,False,False
RFC_DROP_NATIVE,ATTACK_DIVERSE_MODERATE,16,r16-t035-c9ca0032,1789127819255264688,1789127821265118105,0.0,25,0,0.0,False,False,False,False
RFC_DROP_NATIVE,ATTACK_DIVERSE_MODERATE,16,r16-t036-7f016bef,1789127819265470596,1789127821284149496,0.0,25,0,0.0,False,False,False,False
RFC_DROP_NATIVE,ATTACK_DIVERSE_MODERATE,16,r16-t037-a15def3c,1789127819275252892,1789127821285120841,0.0,25,0,0.0,False,False,False,False
RFC_DROP_NATIVE,ATTACK_DIVERSE_MODERATE,16,r16-t038-a49a8524,1789127819285762457,1789127821294088982,0.0,25,0,0.0,False,False,False,False
RFC_DROP_NATIVE,ATTACK_DIVERSE_MODERATE,16,r16-t039-2863c7a9,1789127819295466011,1789127821305243193,0.0,25,0,0.0,False,False,False,False
RFC_DROP_NATIVE,ATTACK_DIVERSE_MODERATE,16,r16-t040-f5ad1cd3,1789127819305795645,1789127821316085027,0.0,25,0,0.0,False,False,False,False
RFC_DROP_NATIVE,ATTACK_DIVERSE_MODERATE,16,r16-t041-2e21b330,1789127819315499198,1789127821325949484,0.0,25,0,0.0,False,False,False,False
RFC_DROP_NATIVE,ATTACK_DIVERSE_MODERATE,16,r16-t042-fb6bd043,1789127819325534510,1789127821334126220,0.0,25,0,0.0,False,False,False,False
RFC_DROP_NATIVE,ATTACK_DIVERSE_MODERATE,16,r16-t043-11644be4,1789127819335619899,1789127821345697625,0.0,25,0,0.0,False,False,False,False
RFC_DROP_NATIVE,ATTACK_DIVERSE_MODERATE,16,r16-t044-886d024c,1789127819345642009,1789127821353800463,0.0,25,0,0.0,False,False,False,False
RFC_DROP_NATIVE,ATTACK_DIVERSE_MODERATE,16,r16-t045-4e14ec1e,1789127819355328304,1789127821365108505,0.0,25,0,0.0,False,False,False,False
RFC_DROP_NATIVE,ATTACK_DIVERSE_MODERATE,16,r16-t046-d6261ffc,1789127819365683118,1789127821375880210,0.0,25,0,0.0,False,False,False,False
RFC_DROP_NATIVE,ATTACK_DIVERSE_MODERATE,16,r16-t047-8477ca0e,1789127819375705889,1789127821385882002,0.0,25,0,0.0,False,False,False,False
RFC_DROP_NATIVE,ATTACK_DIVERSE_MODERATE,16,r16-t048-68d57f66,1789127819385548444,1789127821394087206,0.0,25,0,0.0,False,False,False,False
RFC_DROP_NATIVE,ATTACK_DIVERSE_MODERATE,16,r16-t049-12a8a909,1789127819395302921,1789127821406328041,0.0,25,0,0.0,False,False,False,False
B0_OFF,ATTACK_DIVERSE_HIGH,16,r16-t000-bb38d70e,1789127854438161694,1789127854635033954,0.0,400,0,0.0,False,False,False,False
B0_OFF,ATTACK_DIVERSE_HIGH,16,r16-t001-99d41d7c,1789127854646328483,1789127854899342012,0.0,401,0,0.0,False,False,False,False
B0_OFF,ATTACK_DIVERSE_HIGH,16,r16-t002-30428824,1789127854911697393,1789127855243865795,0.0,402,0,0.0,False,False,False,False
B0_OFF,ATTACK_DIVERSE_HIGH,16,r16-t003-d40f1541,1789127855255355006,1789127855605924892,0.0,403,0,0.0,False,False,False,False
B0_OFF,ATTACK_DIVERSE_HIGH,16,r16-t004-e538429e,1789127855617149993,1789127855973978022,0.0,404,0,0.0,False,False,False,False
B0_OFF,ATTACK_DIVERSE_HIGH,16,r16-t005-605d7501,1789127855985465638,1789127856297891365,0.0,405,0,0.0,False,False,False,False
B0_OFF,ATTACK_DIVERSE_HIGH,16,r16-t006-4f3eb470,1789127856309530870,1789127856637794717,0.0,406,0,0.0,False,False,False,False
B0_OFF,ATTACK_DIVERSE_HIGH,16,r16-t007-9ee39521,1789127856648867981,1789127856965884611,0.0,406,0,0.0,False,False,False,False
B0_OFF,ATTACK_DIVERSE_HIGH,16,r16-t008-abd4e012,1789127856978180757,1789127857309940308,0.0,406,0,0.0,False,False,False,False
B0_OFF,ATTACK_DIVERSE_HIGH,16,r16-t009-3bccad11,1789127857321861504,1789127857663511306,0.0,406,0,0.0,False,False,False,False
B0_OFF,ATTACK_DIVERSE_HIGH,16,r16-t010-a98e8e27,1789127857674260740,1789127857987598294,0.0,406,0,0.0,False,False,False,False
B0_OFF,ATTACK_DIVERSE_HIGH,16,r16-t011-e3731835,1789127857998595103,1789127858325820692,0.0,406,0,0.0,False,False,False,False
B0_OFF,ATTACK_DIVERSE_HIGH,16,r16-t012-5e9e8fe0,1789127858336837986,1789127858649719748,0.0,406,0,0.0,False,False,False,False
B0_OFF,ATTACK_DIVERSE_HIGH,16,r16-t013-9795ec9a,1789127858662113564,1789127859027872248,0.0,406,0,0.0,False,False,False,False
B0_OFF,ATTACK_DIVERSE_HIGH,16,r16-t014-e965c926,1789127859038990322,1789127859366270142,0.0,406,0,0.0,False,False,False,False
B0_OFF,ATTACK_DIVERSE_HIGH,16,r16-t015-c55d5be9,1789127859377383002,1789127859733888849,0.0,406,0,0.0,False,False,False,False
B0_OFF,ATTACK_DIVERSE_HIGH,16,r16-t016-12f5d144,1789127859745270942,1789127860069741933,0.0,406,0,0.0,False,False,False,False
B0_OFF,ATTACK_DIVERSE_HIGH,16,r16-t017-3227d1ab,1789127860081623714,1789127860414244002,0.0,406,0,0.0,False,False,False,False
B0_OFF,ATTACK_DIVERSE_HIGH,16,r16-t018-c54304b0,1789127860426766490,1789127860753918369,0.0,406,0,0.0,False,False,False,False
B0_OFF,ATTACK_DIVERSE_HIGH,16,r16-t019-f8efc901,1789127860764944626,1789127861133101889,0.0,406,0,0.0,False,False,False,False
B0_OFF,ATTACK_DIVERSE_HIGH,16,r16-t020-4b3bfda6,1789127861144060015,1789127861462695604,0.0,406,0,0.0,False,False,False,False
B0_OFF,ATTACK_DIVERSE_HIGH,16,r16-t021-d6ee12a1,1789127861473910706,1789127861813220366,0.0,406,0,0.0,False,False,False,False
B0_OFF,ATTACK_DIVERSE_HIGH,16,r16-t022-faa0d127,1789127861824231899,1789127862133632941,0.0,406,0,0.0,False,False,False,False
B0_OFF,ATTACK_DIVERSE_HIGH,16,r16-t023-502926c9,1789127862144802319,1789127862488291476,0.0,406,0,0.0,False,False,False,False
B0_OFF,ATTACK_DIVERSE_HIGH,16,r16-t024-c7e5ad4e,1789127862500086846,1789127862846002837,0.0,406,0,0.0,False,False,False,False
B0_OFF,ATTACK_DIVERSE_HIGH,16,r16-t025-9b5186f2,1789127862857258997,1789127863188407385,0.0,406,0,0.0,False,False,False,False
B0_OFF,ATTACK_DIVERSE_HIGH,16,r16-t026-7294c185,1789127863199992108,1789127863525725477,0.0,406,0,0.0,False,False,False,False
B0_OFF,ATTACK_DIVERSE_HIGH,16,r16-t027-f44f5e95,1789127863538514903,1789127863898292523,0.0,406,0,0.0,False,False,False,False
B0_OFF,ATTACK_DIVERSE_HIGH,16,r16-t028-ac3fa3b6,1789127863909631320,1789127864243637616,0.0,406,0,0.0,False,False,False,False
B0_OFF,ATTACK_DIVERSE_HIGH,16,r16-t029-4fae5ebe,1789127864255161613,1789127864594871815,0.0,406,0,0.0,False,False,False,False
B0_OFF,ATTACK_DIVERSE_HIGH,16,r16-t030-6e54cfc3,1789127864606204535,1789127864930327344,0.0,406,0,0.0,False,False,False,False
B0_OFF,ATTACK_DIVERSE_HIGH,16,r16-t031-49f5fdb6,1789127864941998515,1789127865258351890,0.0,406,0,0.0,False,False,False,False
B0_OFF,ATTACK_DIVERSE_HIGH,16,r16-t032-f7479f78,1789127865269687346,1789127865633787054,0.0,406,0,0.0,False,False,False,False
B0_OFF,ATTACK_DIVERSE_HIGH,16,r16-t033-fce5b0f7,1789127865646697727,1789127865963767231,0.0,406,0,0.0,False,False,False,False
B0_OFF,ATTACK_DIVERSE_HIGH,16,r16-t034-93604c15,1789127865975015457,1789127866298437792,0.0,406,0,0.0,False,False,False,False
B0_OFF,ATTACK_DIVERSE_HIGH,16,r16-t035-a597f4f5,1789127866310707968,1789127866643814817,0.0,406,0,0.0,False,False,False,False
B0_OFF,ATTACK_DIVERSE_HIGH,16,r16-t036-b7bd634d,1789127866655543982,1789127866986580812,0.0,406,0,0.0,False,False,False,False
B0_OFF,ATTACK_DIVERSE_HIGH,16,r16-t037-0a18befe,1789127866998294418,1789127867313454687,0.0,406,0,0.0,False,False,False,False
B0_OFF,ATTACK_DIVERSE_HIGH,16,r16-t038-44719a7f,1789127867324739220,1789127867663415062,0.0,406,0,0.0,False,False,False,False
B0_OFF,ATTACK_DIVERSE_HIGH,16,r16-t039-67ac97dd,1789127867676574788,1789127867993935118,0.0,406,0,0.0,False,False,False,False
B0_OFF,ATTACK_DIVERSE_HIGH,16,r16-t040-a3f570d0,1789127868005434282,1789127868346061135,0.0,406,0,0.0,False,False,False,False
B0_OFF,ATTACK_DIVERSE_HIGH,16,r16-t041-b3ac714e,1789127868357027211,1789127868686287205,0.0,406,0,0.0,False,False,False,False
B0_OFF,ATTACK_DIVERSE_HIGH,16,r16-t042-021e96c3,1789127868697545711,1789127869030262715,0.0,406,0,0.0,False,False,False,False
B0_OFF,ATTACK_DIVERSE_HIGH,16,r16-t043-a4bd1dbd,1789127869042012628,1789127869343786754,0.0,406,0,0.0,False,False,False,False
B0_OFF,ATTACK_DIVERSE_HIGH,16,r16-t044-cf27de54,1789127869354827516,1789127869704553646,0.0,406,0,0.0,False,False,False,False
B0_OFF,ATTACK_DIVERSE_HIGH,16,r16-t045-0b24535d,1789127869715787539,1789127870083331998,0.0,406,0,0.0,False,False,False,False
B0_OFF,ATTACK_DIVERSE_HIGH,16,r16-t046-ecd2c7f4,1789127870094744688,1789127870413627144,0.0,406,0,0.0,False,False,False,False
B0_OFF,ATTACK_DIVERSE_HIGH,16,r16-t047-5c590b52,1789127870425358949,1789127870773433854,0.0,406,0,0.0,False,False,False,False
B0_OFF,ATTACK_DIVERSE_HIGH,16,r16-t048-5ae6f1f2,1789127870784947918,1789127871130454136,0.0,406,0,0.0,False,False,False,False
B0_OFF,ATTACK_DIVERSE_HIGH,16,r16-t049-cda74229,1789127871141754512,1789127871473743507,0.0,406,0,0.0,False,False,False,False
B1_RL2_TC,BENIGN_DIVERSE_MODERATE,16,r16-t000-c967949a,1789127885756344656,1789127886913717677,0.0,24,0,0.0,False,False,False,False
B1_RL2_TC,BENIGN_DIVERSE_MODERATE,16,r16-t001-9b7d11e0,1789127886924413682,1789127887265204946,0.0,27,0,0.0,False,False,False,False
B1_RL2_TC,BENIGN_DIVERSE_MODERATE,16,r16-t002-0c8f2e54,1789127887275019380,1789127887642431843,0.0,28,0,0.0,False,False,False,False
B1_RL2_TC,BENIGN_DIVERSE_MODERATE,16,r16-t003-91b946e1,1789127887652867096,1789127888012077216,0.0,29,0,0.0,False,False,False,False
B1_RL2_TC,BENIGN_DIVERSE_MODERATE,16,r16-t004-1de51c62,1789127888022165429,1789127888405035679,0.0,30,0,0.0,False,False,False,False
B1_RL2_TC,BENIGN_DIVERSE_MODERATE,16,r16-t005-bf617940,1789127888416427839,1789127888802363666,0.0,30,0,0.0,False,False,False,False
B1_RL2_TC,BENIGN_DIVERSE_MODERATE,16,r16-t006-7f209dda,1789127888812487377,1789127889196076629,0.0,30,0,0.0,False,False,False,False
B1_RL2_TC,BENIGN_DIVERSE_MODERATE,16,r16-t007-39509f5a,1789127889206944831,1789127889600047643,0.0,30,0,0.0,False,False,False,False
B1_RL2_TC,BENIGN_DIVERSE_MODERATE,16,r16-t008-9b0d0cd7,1789127889611106923,1789127889974153829,0.0,29,0,0.0,False,False,False,False
B1_RL2_TC,BENIGN_DIVERSE_MODERATE,16,r16-t009-cbdb394f,1789127889985514929,1789127890379300018,0.0,29,0,0.0,False,False,False,False
B1_RL2_TC,BENIGN_DIVERSE_MODERATE,16,r16-t010-6f1fff94,1789127890390356370,1789127890752534427,0.0,29,0,0.0,False,False,False,False
B1_RL2_TC,BENIGN_DIVERSE_MODERATE,16,r16-t011-af1e698d,1789127890762755456,1789127891121546916,0.0,29,0,0.0,False,False,False,False
B1_RL2_TC,BENIGN_DIVERSE_MODERATE,16,r16-t012-40ecfe1e,1789127891132789222,1789127891487953594,0.0,30,0,0.0,False,False,False,False
B1_RL2_TC,BENIGN_DIVERSE_MODERATE,16,r16-t013-b452bd7f,1789127891497909440,1789127891869776897,0.0,30,0,0.0,False,False,False,False
B1_RL2_TC,BENIGN_DIVERSE_MODERATE,16,r16-t014-ef302f64,1789127891880130141,1789127892246314928,0.0,30,0,0.0,False,False,False,False
B1_RL2_TC,BENIGN_DIVERSE_MODERATE,16,r16-t015-5066194b,1789127892257500357,1789127892622385285,0.0,30,0,0.0,False,False,False,False
B1_RL2_TC,BENIGN_DIVERSE_MODERATE,16,r16-t016-7d6e5381,1789127892633136863,1789127892989111305,0.0,30,0,0.0,False,False,False,False
B1_RL2_TC,BENIGN_DIVERSE_MODERATE,16,r16-t017-4bc1b100,1789127892999829901,1789127893378614576,0.0,30,0,0.0,False,False,False,False
B1_RL2_TC,BENIGN_DIVERSE_MODERATE,16,r16-t018-150388b3,1789127893388676588,1789127893766270287,0.0,30,0,0.0,False,False,False,False
B1_RL2_TC,BENIGN_DIVERSE_MODERATE,16,r16-t019-e104c34e,1789127893777698315,1789127894162231908,0.0,30,0,0.0,False,False,False,False
B1_RL2_TC,BENIGN_DIVERSE_MODERATE,16,r16-t020-fa3134c4,1789127894174018352,1789127894545953557,0.0,30,0,0.0,False,False,False,False
B1_RL2_TC,BENIGN_DIVERSE_MODERATE,16,r16-t021-a875192f,1789127894556059143,1789127894925034337,0.0,30,0,0.0,False,False,False,False
B1_RL2_TC,BENIGN_DIVERSE_MODERATE,16,r16-t022-c468540b,1789127894934984279,1789127895285053224,0.0,30,0,0.0,False,False,False,False
B1_RL2_TC,BENIGN_DIVERSE_MODERATE,16,r16-t023-780a571d,1789127895295433455,1789127895650231070,0.0,30,0,0.0,False,False,False,False
B1_RL2_TC,BENIGN_DIVERSE_MODERATE,16,r16-t024-8cee527e,1789127895660334125,1789127896041689377,0.0,30,0,0.0,False,False,False,False
B1_RL2_TC,BENIGN_DIVERSE_MODERATE,16,r16-t025-d0939838,1789127896051508042,1789127896441780996,0.0,30,0,0.0,False,False,False,False
B1_RL2_TC,BENIGN_DIVERSE_MODERATE,16,r16-t026-3a22a2b1,1789127896451868683,1789127896840155958,0.0,30,0,0.0,False,False,False,False
B1_RL2_TC,BENIGN_DIVERSE_MODERATE,16,r16-t027-434ef460,1789127896851377650,1789127897238835834,0.0,30,0,0.0,False,False,False,False
B1_RL2_TC,BENIGN_DIVERSE_MODERATE,16,r16-t028-388cf5ba,1789127897250051622,1789127897623139291,0.0,29,0,0.0,False,False,False,False
B1_RL2_TC,BENIGN_DIVERSE_MODERATE,16,r16-t029-f9fbb4ca,1789127897633336236,1789127898001203101,0.0,29,0,0.0,False,False,False,False
B1_RL2_TC,BENIGN_DIVERSE_MODERATE,16,r16-t030-ccd1db84,1789127898012487293,1789127898386478548,0.0,29,0,0.0,False,False,False,False
B1_RL2_TC,BENIGN_DIVERSE_MODERATE,16,r16-t031-de94fa5f,1789127898396878364,1789127898750586286,0.0,29,0,0.0,False,False,False,False
B1_RL2_TC,BENIGN_DIVERSE_MODERATE,16,r16-t032-31a6ca66,1789127898761347513,1789127899148731268,0.0,30,0,0.0,False,False,False,False
B1_RL2_TC,BENIGN_DIVERSE_MODERATE,16,r16-t033-62ddb5f7,1789127899158882104,1789127899551999166,0.0,30,0,0.0,False,False,False,False
B1_RL2_TC,BENIGN_DIVERSE_MODERATE,16,r16-t034-c8c5b486,1789127899564911719,1789127899955187634,0.0,29,0,0.0,False,False,False,False
B1_RL2_TC,BENIGN_DIVERSE_MODERATE,16,r16-t035-c9ca0032,1789127899965580603,1789127900364741465,0.0,29,0,0.0,False,False,False,False
B1_RL2_TC,BENIGN_DIVERSE_MODERATE,16,r16-t036-7f016bef,1789127900378355561,1789127900779401425,0.0,29,0,0.0,False,False,False,False
B1_RL2_TC,BENIGN_DIVERSE_MODERATE,16,r16-t037-a15def3c,1789127900789721809,1789127901153924952,0.0,29,0,0.0,False,False,False,False
B1_RL2_TC,BENIGN_DIVERSE_MODERATE,16,r16-t038-a49a8524,1789127901164014928,1789127901536372875,0.0,29,0,0.0,False,False,False,False
B1_RL2_TC,BENIGN_DIVERSE_MODERATE,16,r16-t039-2863c7a9,1789127901546222032,1789127901905362182,0.0,29,0,0.0,False,False,False,False
B1_RL2_TC,BENIGN_DIVERSE_MODERATE,16,r16-t040-f5ad1cd3,1789127901915091118,1789127902294945652,0.0,29,0,0.0,False,False,False,False
B1_RL2_TC,BENIGN_DIVERSE_MODERATE,16,r16-t041-2e21b330,1789127902304923097,1789127902675097645,0.0,29,0,0.0,False,False,False,False
B1_RL2_TC,BENIGN_DIVERSE_MODERATE,16,r16-t042-fb6bd043,1789127902685108755,1789127903055027856,0.0,30,0,0.0,False,False,False,False
B1_RL2_TC,BENIGN_DIVERSE_MODERATE,16,r16-t043-11644be4,1789127903065663797,1789127903451451945,0.0,30,0,0.0,False,False,False,False
B1_RL2_TC,BENIGN_DIVERSE_MODERATE,16,r16-t044-886d024c,1789127903462555738,1789127903883556490,0.0,30,0,0.0,False,False,False,False
B1_RL2_TC,BENIGN_DIVERSE_MODERATE,16,r16-t045-4e14ec1e,1789127903894171239,1789127904254158566,0.0,29,0,0.0,False,False,False,False
B1_RL2_TC,BENIGN_DIVERSE_MODERATE,16,r16-t046-d6261ffc,1789127904264518243,1789127904622748668,0.0,29,0,0.0,False,False,False,False
B1_RL2_TC,BENIGN_DIVERSE_MODERATE,16,r16-t047-8477ca0e,1789127904632780033,1789127904989740067,0.0,29,0,0.0,False,False,False,False
B1_RL2_TC,BENIGN_DIVERSE_MODERATE,16,r16-t048-68d57f66,1789127904999571500,1789127905386484496,0.0,30,0,0.0,False,False,False,False
B1_RL2_TC,BENIGN_DIVERSE_MODERATE,16,r16-t049-12a8a909,1789127905396400516,1789127905778644475,0.0,29,0,0.0,False,False,False,False
B5_LOCKED_TC,ATTACK_DIVERSE_HIGH,16,r16-t000-bb38d70e,1789127919771831695,1789127920059999391,0.0,400,0,0.0,False,False,False,False
B5_LOCKED_TC,ATTACK_DIVERSE_HIGH,16,r16-t001-99d41d7c,1789127920071631493,1789127920322662342,0.0,401,0,0.0,False,False,False,False
B5_LOCKED_TC,ATTACK_DIVERSE_HIGH,16,r16-t002-30428824,1789127920335682883,1789127920662924810,0.0,402,0,0.0,False,False,False,False
B5_LOCKED_TC,ATTACK_DIVERSE_HIGH,16,r16-t003-d40f1541,1789127920674409893,1789127920959605344,0.0,403,0,0.0,False,False,False,False
B5_LOCKED_TC,ATTACK_DIVERSE_HIGH,16,r16-t004-e538429e,1789127920970376785,1789127921288717211,0.0,404,0,0.0,False,False,False,False
B5_LOCKED_TC,ATTACK_DIVERSE_HIGH,16,r16-t005-605d7501,1789127921300533390,1789127921631999425,0.0,405,0,0.0,False,False,False,False
B5_LOCKED_TC,ATTACK_DIVERSE_HIGH,16,r16-t006-4f3eb470,1789127921643167710,1789127921984783533,0.0,406,0,0.0,False,False,False,False
B5_LOCKED_TC,ATTACK_DIVERSE_HIGH,16,r16-t007-9ee39521,1789127921995519325,1789127922325426763,0.0,406,0,0.0,False,False,False,False
B5_LOCKED_TC,ATTACK_DIVERSE_HIGH,16,r16-t008-abd4e012,1789127922337409618,1789127922674627884,0.0,406,0,0.0,False,False,False,False
B5_LOCKED_TC,ATTACK_DIVERSE_HIGH,16,r16-t009-3bccad11,1789127922685513891,1789127923042464260,0.0,406,0,0.0,False,False,False,False
B5_LOCKED_TC,ATTACK_DIVERSE_HIGH,16,r16-t010-a98e8e27,1789127923053758399,1789127923362063040,0.0,405,0,0.0,False,False,False,False
B5_LOCKED_TC,ATTACK_DIVERSE_HIGH,16,r16-t011-e3731835,1789127923374549689,1789127923685742297,0.0,406,0,0.0,False,False,False,False
B5_LOCKED_TC,ATTACK_DIVERSE_HIGH,16,r16-t012-5e9e8fe0,1789127923696840882,1789127924054529445,0.0,406,0,0.0,False,False,False,False
B5_LOCKED_TC,ATTACK_DIVERSE_HIGH,16,r16-t013-9795ec9a,1789127924066280629,1789127924386724833,0.0,406,0,0.0,False,False,False,False
B5_LOCKED_TC,ATTACK_DIVERSE_HIGH,16,r16-t014-e965c926,1789127924398107671,1789127924723099705,0.0,406,0,0.0,False,False,False,False
B5_LOCKED_TC,ATTACK_DIVERSE_HIGH,16,r16-t015-c55d5be9,1789127924734008270,1789127925056344514,0.0,406,0,0.0,False,False,False,False
B5_LOCKED_TC,ATTACK_DIVERSE_HIGH,16,r16-t016-12f5d144,1789127925068110116,1789127925431249101,0.0,406,0,0.0,False,False,False,False
B5_LOCKED_TC,ATTACK_DIVERSE_HIGH,16,r16-t017-3227d1ab,1789127925443021347,1789127925728799045,0.0,406,0,0.0,False,False,False,False
B5_LOCKED_TC,ATTACK_DIVERSE_HIGH,16,r16-t018-c54304b0,1789127925740436546,1789127926088325267,0.0,406,0,0.0,False,False,False,False
B5_LOCKED_TC,ATTACK_DIVERSE_HIGH,16,r16-t019-f8efc901,1789127926100971765,1789127926446375651,0.0,406,0,0.0,False,False,False,False
B5_LOCKED_TC,ATTACK_DIVERSE_HIGH,16,r16-t020-4b3bfda6,1789127926458699604,1789127926799606741,0.0,405,0,0.0,False,False,False,False
B5_LOCKED_TC,ATTACK_DIVERSE_HIGH,16,r16-t021-d6ee12a1,1789127926810345566,1789127927186332325,0.0,406,0,0.0,False,False,False,False
B5_LOCKED_TC,ATTACK_DIVERSE_HIGH,16,r16-t022-faa0d127,1789127927197804387,1789127927490354346,0.0,406,0,0.0,False,False,False,False
B5_LOCKED_TC,ATTACK_DIVERSE_HIGH,16,r16-t023-502926c9,1789127927502316265,1789127927830620227,0.0,406,0,0.0,False,False,False,False
B5_LOCKED_TC,ATTACK_DIVERSE_HIGH,16,r16-t024-c7e5ad4e,1789127927841517472,1789127928207038828,0.0,406,0,0.0,False,False,False,False
B5_LOCKED_TC,ATTACK_DIVERSE_HIGH,16,r16-t025-9b5186f2,1789127928218709359,1789127928567975008,0.0,405,0,0.0,False,False,False,False
B5_LOCKED_TC,ATTACK_DIVERSE_HIGH,16,r16-t026-7294c185,1789127928580387949,1789127928925620316,0.0,406,0,0.0,False,False,False,False
B5_LOCKED_TC,ATTACK_DIVERSE_HIGH,16,r16-t027-f44f5e95,1789127928936224487,1789127929258080607,0.0,406,0,0.0,False,False,False,False
B5_LOCKED_TC,ATTACK_DIVERSE_HIGH,16,r16-t028-ac3fa3b6,1789127929269747397,1789127929616195559,0.0,406,0,0.0,False,False,False,False
B5_LOCKED_TC,ATTACK_DIVERSE_HIGH,16,r16-t029-4fae5ebe,1789127929628207352,1789127929973010218,0.0,406,0,0.0,False,False,False,False
B5_LOCKED_TC,ATTACK_DIVERSE_HIGH,16,r16-t030-6e54cfc3,1789127929984053435,1789127930296740607,0.0,406,0,0.0,False,False,False,False
B5_LOCKED_TC,ATTACK_DIVERSE_HIGH,16,r16-t031-49f5fdb6,1789127930309610653,1789127930646761672,0.0,406,0,0.0,False,False,False,False
B5_LOCKED_TC,ATTACK_DIVERSE_HIGH,16,r16-t032-f7479f78,1789127930658303353,1789127931000498337,0.0,406,0,0.0,False,False,False,False
B5_LOCKED_TC,ATTACK_DIVERSE_HIGH,16,r16-t033-fce5b0f7,1789127931011949160,1789127931354206370,0.0,406,0,0.0,False,False,False,False
B5_LOCKED_TC,ATTACK_DIVERSE_HIGH,16,r16-t034-93604c15,1789127931366491301,1789127931708039789,0.0,406,0,0.0,False,False,False,False
B5_LOCKED_TC,ATTACK_DIVERSE_HIGH,16,r16-t035-a597f4f5,1789127931720209252,1789127932045835246,0.0,406,0,0.0,False,False,False,False
B5_LOCKED_TC,ATTACK_DIVERSE_HIGH,16,r16-t036-b7bd634d,1789127932056848614,1789127932391254572,0.0,406,0,0.0,False,False,False,False
B5_LOCKED_TC,ATTACK_DIVERSE_HIGH,16,r16-t037-0a18befe,1789127932404126771,1789127932756282959,0.0,406,0,0.0,False,False,False,False
B5_LOCKED_TC,ATTACK_DIVERSE_HIGH,16,r16-t038-44719a7f,1789127932768790144,1789127933090545779,0.0,406,0,0.0,False,False,False,False
B5_LOCKED_TC,ATTACK_DIVERSE_HIGH,16,r16-t039-67ac97dd,1789127933101079267,1789127933434292826,0.0,406,0,0.0,False,False,False,False
B5_LOCKED_TC,ATTACK_DIVERSE_HIGH,16,r16-t040-a3f570d0,1789127933445221469,1789127933731618925,0.0,406,0,0.0,False,False,False,False
B5_LOCKED_TC,ATTACK_DIVERSE_HIGH,16,r16-t041-b3ac714e,1789127933741981156,1789127934106886075,0.0,406,0,0.0,False,False,False,False
B5_LOCKED_TC,ATTACK_DIVERSE_HIGH,16,r16-t042-021e96c3,1789127934117557549,1789127934449412418,0.0,406,0,0.0,False,False,False,False
B5_LOCKED_TC,ATTACK_DIVERSE_HIGH,16,r16-t043-a4bd1dbd,1789127934462585835,1789127934791177405,0.0,406,0,0.0,False,False,False,False
B5_LOCKED_TC,ATTACK_DIVERSE_HIGH,16,r16-t044-cf27de54,1789127934802622264,1789127935175150134,0.0,406,0,0.0,False,False,False,False
B5_LOCKED_TC,ATTACK_DIVERSE_HIGH,16,r16-t045-0b24535d,1789127935186655996,1789127935522845608,0.0,406,0,0.0,False,False,False,False
B5_LOCKED_TC,ATTACK_DIVERSE_HIGH,16,r16-t046-ecd2c7f4,1789127935535189712,1789127935897520312,0.0,406,0,0.0,False,False,False,False
B5_LOCKED_TC,ATTACK_DIVERSE_HIGH,16,r16-t047-5c590b52,1789127935910118295,1789127936229361457,0.0,406,0,0.0,False,False,False,False
B5_LOCKED_TC,ATTACK_DIVERSE_HIGH,16,r16-t048-5ae6f1f2,1789127936240452992,1789127936561373579,0.0,406,0,0.0,False,False,False,False
B5_LOCKED_TC,ATTACK_DIVERSE_HIGH,16,r16-t049-cda74229,1789127936572903786,1789127936934718073,0.0,406,0,0.0,False,False,False,False
B5_LOCKED_TC,ATTACK_DIVERSE_MODERATE,16,r16-t000-c967949a,1789127951038155920,1789127951169256134,0.0,24,0,0.0,False,False,False,False
B5_LOCKED_TC,ATTACK_DIVERSE_MODERATE,16,r16-t001-9b7d11e0,1789127951179927846,1789127951472386671,0.0,25,0,0.0,False,False,False,False
B5_LOCKED_TC,ATTACK_DIVERSE_MODERATE,16,r16-t002-0c8f2e54,1789127951484100143,1789127951823911219,0.0,26,0,0.0,False,False,False,False
B5_LOCKED_TC,ATTACK_DIVERSE_MODERATE,16,r16-t003-91b946e1,1789127951834290810,1789127952147222304,0.0,27,0,0.0,False,False,False,False
B5_LOCKED_TC,ATTACK_DIVERSE_MODERATE,16,r16-t004-1de51c62,1789127952157473684,1789127952504406555,0.0,28,0,0.0,False,False,False,False
B5_LOCKED_TC,ATTACK_DIVERSE_MODERATE,16,r16-t005-bf617940,1789127952515798752,1789127952836372361,0.0,29,0,0.0,False,False,False,False
B5_LOCKED_TC,ATTACK_DIVERSE_MODERATE,16,r16-t006-7f209dda,1789127952847230874,1789127953163829842,0.0,30,0,0.0,False,False,False,False
B5_LOCKED_TC,ATTACK_DIVERSE_MODERATE,16,r16-t007-39509f5a,1789127953174258120,1789127953493914159,0.0,30,0,0.0,False,False,False,False
B5_LOCKED_TC,ATTACK_DIVERSE_MODERATE,16,r16-t008-9b0d0cd7,1789127953504487000,1789127953846754087,0.0,30,0,0.0,False,False,False,False
B5_LOCKED_TC,ATTACK_DIVERSE_MODERATE,16,r16-t009-cbdb394f,1789127953857000141,1789127954202113292,0.0,30,0,0.0,False,False,False,False
B5_LOCKED_TC,ATTACK_DIVERSE_MODERATE,16,r16-t010-6f1fff94,1789127954212845743,1789127954535804154,0.0,30,0,0.0,False,False,False,False
B5_LOCKED_TC,ATTACK_DIVERSE_MODERATE,16,r16-t011-af1e698d,1789127954548477529,1789127954855421225,0.0,30,0,0.0,False,False,False,False
B5_LOCKED_TC,ATTACK_DIVERSE_MODERATE,16,r16-t012-40ecfe1e,1789127954866039297,1789127955193695170,0.0,30,0,0.0,False,False,False,False
B5_LOCKED_TC,ATTACK_DIVERSE_MODERATE,16,r16-t013-b452bd7f,1789127955205126615,1789127955507311546,0.0,30,0,0.0,False,False,False,False
B5_LOCKED_TC,ATTACK_DIVERSE_MODERATE,16,r16-t014-ef302f64,1789127955517838038,1789127955855370469,0.0,30,0,0.0,False,False,False,False
B5_LOCKED_TC,ATTACK_DIVERSE_MODERATE,16,r16-t015-5066194b,1789127955865990596,1789127956188871819,0.0,30,0,0.0,False,False,False,False
B5_LOCKED_TC,ATTACK_DIVERSE_MODERATE,16,r16-t016-7d6e5381,1789127956200922641,1789127956504432670,0.0,30,0,0.0,False,False,False,False
B5_LOCKED_TC,ATTACK_DIVERSE_MODERATE,16,r16-t017-4bc1b100,1789127956514512478,1789127956851300126,0.0,31,0,0.0,False,False,False,False
B5_LOCKED_TC,ATTACK_DIVERSE_MODERATE,16,r16-t018-150388b3,1789127956862202562,1789127957190719468,0.0,30,0,0.0,False,False,False,False
B5_LOCKED_TC,ATTACK_DIVERSE_MODERATE,16,r16-t019-e104c34e,1789127957200976360,1789127957527738213,0.0,30,0,0.0,False,False,False,False
B5_LOCKED_TC,ATTACK_DIVERSE_MODERATE,16,r16-t020-fa3134c4,1789127957538773064,1789127957878458733,0.0,30,0,0.0,False,False,False,False
B5_LOCKED_TC,ATTACK_DIVERSE_MODERATE,16,r16-t021-a875192f,1789127957889539561,1789127958204533180,0.0,30,0,0.0,False,False,False,False
B5_LOCKED_TC,ATTACK_DIVERSE_MODERATE,16,r16-t022-c468540b,1789127958215040515,1789127958519363467,0.0,30,0,0.0,False,False,False,False
B5_LOCKED_TC,ATTACK_DIVERSE_MODERATE,16,r16-t023-780a571d,1789127958529943321,1789127958855164579,0.0,30,0,0.0,False,False,False,False
B5_LOCKED_TC,ATTACK_DIVERSE_MODERATE,16,r16-t024-8cee527e,1789127958865350360,1789127959184175887,0.0,30,0,0.0,False,False,False,False
B5_LOCKED_TC,ATTACK_DIVERSE_MODERATE,16,r16-t025-d0939838,1789127959194530183,1789127959513278594,0.0,30,0,0.0,False,False,False,False
B5_LOCKED_TC,ATTACK_DIVERSE_MODERATE,16,r16-t026-3a22a2b1,1789127959523326482,1789127959853525144,0.0,30,0,0.0,False,False,False,False
B5_LOCKED_TC,ATTACK_DIVERSE_MODERATE,16,r16-t027-434ef460,1789127959864191169,1789127960175730589,0.0,30,0,0.0,False,False,False,False
B5_LOCKED_TC,ATTACK_DIVERSE_MODERATE,16,r16-t028-388cf5ba,1789127960186407164,1789127960507354300,0.0,31,0,0.0,False,False,False,False
B5_LOCKED_TC,ATTACK_DIVERSE_MODERATE,16,r16-t029-f9fbb4ca,1789127960518832467,1789127960891296023,0.0,30,0,0.0,False,False,False,False
B5_LOCKED_TC,ATTACK_DIVERSE_MODERATE,16,r16-t030-ccd1db84,1789127960901596450,1789127961234559039,0.0,30,0,0.0,False,False,False,False
B5_LOCKED_TC,ATTACK_DIVERSE_MODERATE,16,r16-t031-de94fa5f,1789127961245089599,1789127961559090739,0.0,30,0,0.0,False,False,False,False
B5_LOCKED_TC,ATTACK_DIVERSE_MODERATE,16,r16-t032-31a6ca66,1789127961569502638,1789127961889315542,0.0,30,0,0.0,False,False,False,False
B5_LOCKED_TC,ATTACK_DIVERSE_MODERATE,16,r16-t033-62ddb5f7,1789127961899229831,1789127962235877720,0.0,30,0,0.0,False,False,False,False
B5_LOCKED_TC,ATTACK_DIVERSE_MODERATE,16,r16-t034-c8c5b486,1789127962246004871,1789127962570962574,0.0,30,0,0.0,False,False,False,False
B5_LOCKED_TC,ATTACK_DIVERSE_MODERATE,16,r16-t035-c9ca0032,1789127962580974797,1789127962895355073,0.0,30,0,0.0,False,False,False,False
B5_LOCKED_TC,ATTACK_DIVERSE_MODERATE,16,r16-t036-7f016bef,1789127962905709369,1789127963200649911,0.0,30,0,0.0,False,False,False,False
B5_LOCKED_TC,ATTACK_DIVERSE_MODERATE,16,r16-t037-a15def3c,1789127963211095047,1789127963543170061,0.0,31,0,0.0,False,False,False,False
B5_LOCKED_TC,ATTACK_DIVERSE_MODERATE,16,r16-t038-a49a8524,1789127963553758878,1789127963872865512,0.0,30,0,0.0,False,False,False,False
B5_LOCKED_TC,ATTACK_DIVERSE_MODERATE,16,r16-t039-2863c7a9,1789127963884490440,1789127964224703754,0.0,30,0,0.0,False,False,False,False
B5_LOCKED_TC,ATTACK_DIVERSE_MODERATE,16,r16-t040-f5ad1cd3,1789127964235253453,1789127964622307522,0.0,30,0,0.0,False,False,False,False
B5_LOCKED_TC,ATTACK_DIVERSE_MODERATE,16,r16-t041-2e21b330,1789127964633038339,1789127964934633687,0.0,30,0,0.0,False,False,False,False
B5_LOCKED_TC,ATTACK_DIVERSE_MODERATE,16,r16-t042-fb6bd043,1789127964944791553,1789127965242941351,0.0,30,0,0.0,False,False,False,False
B5_LOCKED_TC,ATTACK_DIVERSE_MODERATE,16,r16-t043-11644be4,1789127965253968214,1789127965607050293,0.0,30,0,0.0,False,False,False,False
B5_LOCKED_TC,ATTACK_DIVERSE_MODERATE,16,r16-t044-886d024c,1789127965619519570,1789127965941957015,0.0,30,0,0.0,False,False,False,False
B5_LOCKED_TC,ATTACK_DIVERSE_MODERATE,16,r16-t045-4e14ec1e,1789127965955911465,1789127966293670247,0.0,30,0,0.0,False,False,False,False
B5_LOCKED_TC,ATTACK_DIVERSE_MODERATE,16,r16-t046-d6261ffc,1789127966303607602,1789127966610895464,0.0,30,0,0.0,False,False,False,False
B5_LOCKED_TC,ATTACK_DIVERSE_MODERATE,16,r16-t047-8477ca0e,1789127966622875457,1789127966943372359,0.0,30,0,0.0,False,False,False,False
B5_LOCKED_TC,ATTACK_DIVERSE_MODERATE,16,r16-t048-68d57f66,1789127966955447660,1789127967286636631,0.0,30,0,0.0,False,False,False,False
B5_LOCKED_TC,ATTACK_DIVERSE_MODERATE,16,r16-t049-12a8a909,1789127967297110559,1789127967599694646,0.0,30,0,0.0,False,False,False,False
B1_RL2_TC,ATTACK_DIVERSE_MODERATE,16,r16-t000-c967949a,1789127980039118418,1789127980274886175,0.0,24,0,0.0,False,False,False,False
B1_RL2_TC,ATTACK_DIVERSE_MODERATE,16,r16-t001-9b7d11e0,1789127980287759929,1789127980517643846,0.0,25,0,0.0,False,False,False,False
B1_RL2_TC,ATTACK_DIVERSE_MODERATE,16,r16-t002-0c8f2e54,1789127980528769082,1789127980859637473,0.0,26,0,0.0,False,False,False,False
B1_RL2_TC,ATTACK_DIVERSE_MODERATE,16,r16-t003-91b946e1,1789127980870389673,1789127981153390917,0.0,27,0,0.0,False,False,False,False
B1_RL2_TC,ATTACK_DIVERSE_MODERATE,16,r16-t004-1de51c62,1789127981163564907,1789127981501336399,0.0,28,0,0.0,False,False,False,False
B1_RL2_TC,ATTACK_DIVERSE_MODERATE,16,r16-t005-bf617940,1789127981511526825,1789127981814399954,0.0,29,0,0.0,False,False,False,False
B1_RL2_TC,ATTACK_DIVERSE_MODERATE,16,r16-t006-7f209dda,1789127981824600110,1789127982160704323,0.0,30,0,0.0,False,False,False,False
B1_RL2_TC,ATTACK_DIVERSE_MODERATE,16,r16-t007-39509f5a,1789127982170725000,1789127982505950231,0.0,30,0,0.0,False,False,False,False
B1_RL2_TC,ATTACK_DIVERSE_MODERATE,16,r16-t008-9b0d0cd7,1789127982515995655,1789127982868090724,0.0,30,0,0.0,False,False,False,False
B1_RL2_TC,ATTACK_DIVERSE_MODERATE,16,r16-t009-cbdb394f,1789127982879998400,1789127983163800222,0.0,30,0,0.0,False,False,False,False
B1_RL2_TC,ATTACK_DIVERSE_MODERATE,16,r16-t010-6f1fff94,1789127983173912338,1789127983508661663,0.0,30,0,0.0,False,False,False,False
B1_RL2_TC,ATTACK_DIVERSE_MODERATE,16,r16-t011-af1e698d,1789127983519033744,1789127983844937990,0.0,30,0,0.0,False,False,False,False
B1_RL2_TC,ATTACK_DIVERSE_MODERATE,16,r16-t012-40ecfe1e,1789127983854909921,1789127984163146114,0.0,30,0,0.0,False,False,False,False
B1_RL2_TC,ATTACK_DIVERSE_MODERATE,16,r16-t013-b452bd7f,1789127984173362419,1789127984469944189,0.0,30,0,0.0,False,False,False,False
B1_RL2_TC,ATTACK_DIVERSE_MODERATE,16,r16-t014-ef302f64,1789127984480854414,1789127984836173658,0.0,30,0,0.0,False,False,False,False
B1_RL2_TC,ATTACK_DIVERSE_MODERATE,16,r16-t015-5066194b,1789127984845840943,1789127985157073947,0.0,30,0,0.0,False,False,False,False
B1_RL2_TC,ATTACK_DIVERSE_MODERATE,16,r16-t016-7d6e5381,1789127985167564048,1789127985519849428,0.0,30,0,0.0,False,False,False,False
B1_RL2_TC,ATTACK_DIVERSE_MODERATE,16,r16-t017-4bc1b100,1789127985530198963,1789127985848310361,0.0,30,0,0.0,False,False,False,False
B1_RL2_TC,ATTACK_DIVERSE_MODERATE,16,r16-t018-150388b3,1789127985858194802,1789127986165182065,0.0,30,0,0.0,False,False,False,False
B1_RL2_TC,ATTACK_DIVERSE_MODERATE,16,r16-t019-e104c34e,1789127986175639714,1789127986470502281,0.0,30,0,0.0,False,False,False,False
B1_RL2_TC,ATTACK_DIVERSE_MODERATE,16,r16-t020-fa3134c4,1789127986480840967,1789127986820940640,0.0,30,0,0.0,False,False,False,False
B1_RL2_TC,ATTACK_DIVERSE_MODERATE,16,r16-t021-a875192f,1789127986830947845,1789127987174821951,0.0,30,0,0.0,False,False,False,False
B1_RL2_TC,ATTACK_DIVERSE_MODERATE,16,r16-t022-c468540b,1789127987184791233,1789127987511118725,0.0,30,0,0.0,False,False,False,False
B1_RL2_TC,ATTACK_DIVERSE_MODERATE,16,r16-t023-780a571d,1789127987522170628,1789127987879053258,0.0,30,0,0.0,False,False,False,False
B1_RL2_TC,ATTACK_DIVERSE_MODERATE,16,r16-t024-8cee527e,1789127987889087352,1789127988183714961,0.0,30,0,0.0,False,False,False,False
B1_RL2_TC,ATTACK_DIVERSE_MODERATE,16,r16-t025-d0939838,1789127988193825551,1789127988481096784,0.0,30,0,0.0,False,False,False,False
B1_RL2_TC,ATTACK_DIVERSE_MODERATE,16,r16-t026-3a22a2b1,1789127988491580859,1789127988831520864,0.0,30,0,0.0,False,False,False,False
B1_RL2_TC,ATTACK_DIVERSE_MODERATE,16,r16-t027-434ef460,1789127988842610506,1789127989170982796,0.0,30,0,0.0,False,False,False,False
B1_RL2_TC,ATTACK_DIVERSE_MODERATE,16,r16-t028-388cf5ba,1789127989180973682,1789127989500532191,0.0,30,0,0.0,False,False,False,False
B1_RL2_TC,ATTACK_DIVERSE_MODERATE,16,r16-t029-f9fbb4ca,1789127989511543482,1789127989811487028,0.0,30,0,0.0,False,False,False,False
B1_RL2_TC,ATTACK_DIVERSE_MODERATE,16,r16-t030-ccd1db84,1789127989822064751,1789127990165615629,0.0,30,0,0.0,False,False,False,False
B1_RL2_TC,ATTACK_DIVERSE_MODERATE,16,r16-t031-de94fa5f,1789127990176020983,1789127990516142538,0.0,30,0,0.0,False,False,False,False
B1_RL2_TC,ATTACK_DIVERSE_MODERATE,16,r16-t032-31a6ca66,1789127990526566713,1789127990829973147,0.0,30,0,0.0,False,False,False,False
B1_RL2_TC,ATTACK_DIVERSE_MODERATE,16,r16-t033-62ddb5f7,1789127990840359307,1789127991157370002,0.0,30,0,0.0,False,False,False,False
B1_RL2_TC,ATTACK_DIVERSE_MODERATE,16,r16-t034-c8c5b486,1789127991167362093,1789127991493513228,0.0,30,0,0.0,False,False,False,False
B1_RL2_TC,ATTACK_DIVERSE_MODERATE,16,r16-t035-c9ca0032,1789127991503558264,1789127991852340516,0.0,30,0,0.0,False,False,False,False
B1_RL2_TC,ATTACK_DIVERSE_MODERATE,16,r16-t036-7f016bef,1789127991862198623,1789127992175597983,0.0,30,0,0.0,False,False,False,False
B1_RL2_TC,ATTACK_DIVERSE_MODERATE,16,r16-t037-a15def3c,1789127992185487621,1789127992505728006,0.0,30,0,0.0,False,False,False,False
B1_RL2_TC,ATTACK_DIVERSE_MODERATE,16,r16-t038-a49a8524,1789127992515779378,1789127992852700011,0.0,30,0,0.0,False,False,False,False
B1_RL2_TC,ATTACK_DIVERSE_MODERATE,16,r16-t039-2863c7a9,1789127992862902146,1789127993197500850,0.0,30,0,0.0,False,False,False,False
B1_RL2_TC,ATTACK_DIVERSE_MODERATE,16,r16-t040-f5ad1cd3,1789127993207625868,1789127993539170414,0.0,30,0,0.0,False,False,False,False
B1_RL2_TC,ATTACK_DIVERSE_MODERATE,16,r16-t041-2e21b330,1789127993551106067,1789127993869626420,0.0,30,0,0.0,False,False,False,False
B1_RL2_TC,ATTACK_DIVERSE_MODERATE,16,r16-t042-fb6bd043,1789127993880220235,1789127994237388558,0.0,30,0,0.0,False,False,False,False
B1_RL2_TC,ATTACK_DIVERSE_MODERATE,16,r16-t043-11644be4,1789127994247378107,1789127994541645794,0.0,30,0,0.0,False,False,False,False
B1_RL2_TC,ATTACK_DIVERSE_MODERATE,16,r16-t044-886d024c,1789127994554272303,1789127994876482976,0.0,30,0,0.0,False,False,False,False
B1_RL2_TC,ATTACK_DIVERSE_MODERATE,16,r16-t045-4e14ec1e,1789127994887463026,1789127995212823455,0.0,30,0,0.0,False,False,False,False
B1_RL2_TC,ATTACK_DIVERSE_MODERATE,16,r16-t046-d6261ffc,1789127995222700520,1789127995553067308,0.0,30,0,0.0,False,False,False,False
B1_RL2_TC,ATTACK_DIVERSE_MODERATE,16,r16-t047-8477ca0e,1789127995563592260,1789127995884853616,0.0,30,0,0.0,False,False,False,False
B1_RL2_TC,ATTACK_DIVERSE_MODERATE,16,r16-t048-68d57f66,1789127995895410654,1789127996241126098,0.0,30,0,0.0,False,False,False,False
B1_RL2_TC,ATTACK_DIVERSE_MODERATE,16,r16-t049-12a8a909,1789127996250936553,1789127996565428384,0.0,30,0,0.0,False,False,False,False
RFC_DROP_NATIVE,BENIGN_DIVERSE_MODERATE,16,r16-t000-c967949a,1789128009037094549,1789128011057696061,0.0,17,0,0.0,False,False,False,False
RFC_DROP_NATIVE,BENIGN_DIVERSE_MODERATE,16,r16-t001-9b7d11e0,1789128009042578321,1789128011062359906,0.0,17,0,0.0,False,False,False,False
RFC_DROP_NATIVE,BENIGN_DIVERSE_MODERATE,16,r16-t002-0c8f2e54,1789128009051231521,1789128011069769417,0.0,17,0,0.0,False,False,False,False
RFC_DROP_NATIVE,BENIGN_DIVERSE_MODERATE,16,r16-t003-91b946e1,1789128009061186060,1789128011070931532,0.0,17,0,0.0,False,False,False,False
RFC_DROP_NATIVE,BENIGN_DIVERSE_MODERATE,16,r16-t004-1de51c62,1789128009071417602,1789128011081463327,0.0,17,0,0.0,False,False,False,False
RFC_DROP_NATIVE,BENIGN_DIVERSE_MODERATE,16,r16-t005-bf617940,1789128009081434284,1789128011091398258,0.0,17,0,0.0,False,False,False,False
RFC_DROP_NATIVE,BENIGN_DIVERSE_MODERATE,16,r16-t006-7f209dda,1789128009091561561,1789128011099542220,0.0,17,0,0.0,False,False,False,False
RFC_DROP_NATIVE,BENIGN_DIVERSE_MODERATE,16,r16-t007-39509f5a,1789128009101482856,1789128011111242359,0.0,17,0,0.0,False,False,False,False
RFC_DROP_NATIVE,BENIGN_DIVERSE_MODERATE,16,r16-t008-9b0d0cd7,1789128009111163319,1789128011121416507,0.0,17,0,0.0,False,False,False,False
RFC_DROP_NATIVE,BENIGN_DIVERSE_MODERATE,16,r16-t009-cbdb394f,1789128009121225334,1789128011131087779,0.0,18,0,0.0,False,False,False,False
RFC_DROP_NATIVE,BENIGN_DIVERSE_MODERATE,16,r16-t010-6f1fff94,1789128009131106963,1789128011139402732,0.0,18,0,0.0,False,False,False,False
RFC_DROP_NATIVE,BENIGN_DIVERSE_MODERATE,16,r16-t011-af1e698d,1789128009141047146,1789128011151057292,0.0,18,0,0.0,False,False,False,False
RFC_DROP_NATIVE,BENIGN_DIVERSE_MODERATE,16,r16-t012-40ecfe1e,1789128009151059956,1789128011159995058,0.0,18,0,0.0,False,False,False,False
RFC_DROP_NATIVE,BENIGN_DIVERSE_MODERATE,16,r16-t013-b452bd7f,1789128009160854414,1789128011170619239,0.0,18,0,0.0,False,False,False,False
RFC_DROP_NATIVE,BENIGN_DIVERSE_MODERATE,16,r16-t014-ef302f64,1789128009171222615,1789128011179326092,0.0,18,0,0.0,False,False,False,False
RFC_DROP_NATIVE,BENIGN_DIVERSE_MODERATE,16,r16-t015-5066194b,1789128009181027839,1789128011191034440,0.0,18,0,0.0,False,False,False,False
RFC_DROP_NATIVE,BENIGN_DIVERSE_MODERATE,16,r16-t016-7d6e5381,1789128009191009484,1789128011199757809,0.0,18,0,0.0,False,False,False,False
RFC_DROP_NATIVE,BENIGN_DIVERSE_MODERATE,16,r16-t017-4bc1b100,1789128009200776362,1789128011211305640,0.0,19,0,0.0,False,False,False,False
RFC_DROP_NATIVE,BENIGN_DIVERSE_MODERATE,16,r16-t018-150388b3,1789128009211503733,1789128011222656436,0.0,19,0,0.0,False,False,False,False
RFC_DROP_NATIVE,BENIGN_DIVERSE_MODERATE,16,r16-t019-e104c34e,1789128009221308201,1789128011231601847,0.0,19,0,0.0,False,False,False,False
RFC_DROP_NATIVE,BENIGN_DIVERSE_MODERATE,16,r16-t020-fa3134c4,1789128009231375600,1789128011241621613,0.0,19,0,0.0,False,False,False,False
RFC_DROP_NATIVE,BENIGN_DIVERSE_MODERATE,16,r16-t021-a875192f,1789128009241341849,1789128011250144736,0.0,19,0,0.0,False,False,False,False
RFC_DROP_NATIVE,BENIGN_DIVERSE_MODERATE,16,r16-t022-c468540b,1789128009251348993,1789128011259340877,0.0,19,0,0.0,False,False,False,False
RFC_DROP_NATIVE,BENIGN_DIVERSE_MODERATE,16,r16-t023-780a571d,1789128009261479670,1789128011271273061,0.0,19,0,0.0,False,False,False,False
RFC_DROP_NATIVE,BENIGN_DIVERSE_MODERATE,16,r16-t024-8cee527e,1789128009271606851,1789128011282411439,0.0,19,0,0.0,False,False,False,False
RFC_DROP_NATIVE,BENIGN_DIVERSE_MODERATE,16,r16-t025-d0939838,1789128009281782388,1789128011291393087,0.0,20,0,0.0,False,False,False,False
RFC_DROP_NATIVE,BENIGN_DIVERSE_MODERATE,16,r16-t026-3a22a2b1,1789128009291425357,1789128011312309655,0.0,20,0,0.0,False,False,False,False
RFC_DROP_NATIVE,BENIGN_DIVERSE_MODERATE,16,r16-t027-434ef460,1789128009301198186,1789128011311441111,0.0,20,0,0.0,False,False,False,False
RFC_DROP_NATIVE,BENIGN_DIVERSE_MODERATE,16,r16-t028-388cf5ba,1789128009311165286,1789128011349701462,0.0,20,0,0.0,False,False,False,False
RFC_DROP_NATIVE,BENIGN_DIVERSE_MODERATE,16,r16-t029-f9fbb4ca,1789128009331807340,1789128011352626897,0.0,20,0,0.0,False,False,False,False
RFC_DROP_NATIVE,BENIGN_DIVERSE_MODERATE,16,r16-t030-ccd1db84,1789128009333549541,1789128011353897440,0.0,20,0,0.0,False,False,False,False
RFC_DROP_NATIVE,BENIGN_DIVERSE_MODERATE,16,r16-t031-de94fa5f,1789128009341588387,1789128011351702585,0.0,20,0,0.0,False,False,False,False
RFC_DROP_NATIVE,BENIGN_DIVERSE_MODERATE,16,r16-t032-31a6ca66,1789128009351378594,1789128011360016122,0.0,20,0,0.0,False,False,False,False
RFC_DROP_NATIVE,BENIGN_DIVERSE_MODERATE,16,r16-t033-62ddb5f7,1789128009361024302,1789128011371411929,0.0,20,0,0.0,False,False,False,False
RFC_DROP_NATIVE,BENIGN_DIVERSE_MODERATE,16,r16-t034-c8c5b486,1789128009371070074,1789128011379213249,0.0,21,0,0.0,False,False,False,False
RFC_DROP_NATIVE,BENIGN_DIVERSE_MODERATE,16,r16-t035-c9ca0032,1789128009380913547,1789128011390683512,0.0,21,0,0.0,False,False,False,False
RFC_DROP_NATIVE,BENIGN_DIVERSE_MODERATE,16,r16-t036-7f016bef,1789128009391111467,1789128011409340018,0.0,21,0,0.0,False,False,False,False
RFC_DROP_NATIVE,BENIGN_DIVERSE_MODERATE,16,r16-t037-a15def3c,1789128009400953711,1789128011410603576,0.0,21,0,0.0,False,False,False,False
RFC_DROP_NATIVE,BENIGN_DIVERSE_MODERATE,16,r16-t038-a49a8524,1789128009411096760,1789128011419278252,0.0,21,0,0.0,False,False,False,False
RFC_DROP_NATIVE,BENIGN_DIVERSE_MODERATE,16,r16-t039-2863c7a9,1789128009421156793,1789128011431234499,0.0,22,0,0.0,False,False,False,False
RFC_DROP_NATIVE,BENIGN_DIVERSE_MODERATE,16,r16-t040-f5ad1cd3,1789128009431218619,1789128011439678638,0.0,22,0,0.0,False,False,False,False
RFC_DROP_NATIVE,BENIGN_DIVERSE_MODERATE,16,r16-t041-2e21b330,1789128009441065115,1789128011451231000,0.0,22,0,0.0,False,False,False,False
RFC_DROP_NATIVE,BENIGN_DIVERSE_MODERATE,16,r16-t042-fb6bd043,1789128009451167458,1789128011459329383,0.0,23,0,0.0,False,False,False,False
RFC_DROP_NATIVE,BENIGN_DIVERSE_MODERATE,16,r16-t043-11644be4,1789128009460895238,1789128011470941007,0.0,23,0,0.0,False,False,False,False
RFC_DROP_NATIVE,BENIGN_DIVERSE_MODERATE,16,r16-t044-886d024c,1789128009471429659,1789128011481885368,0.0,23,0,0.0,False,False,False,False
RFC_DROP_NATIVE,BENIGN_DIVERSE_MODERATE,16,r16-t045-4e14ec1e,1789128009481392414,1789128011491327803,0.0,23,0,0.0,False,False,False,False
RFC_DROP_NATIVE,BENIGN_DIVERSE_MODERATE,16,r16-t046-d6261ffc,1789128009491584101,1789128011502096929,0.0,23,0,0.0,False,False,False,False
RFC_DROP_NATIVE,BENIGN_DIVERSE_MODERATE,16,r16-t047-8477ca0e,1789128009501475269,1789128011511990150,0.0,23,0,0.0,False,False,False,False
RFC_DROP_NATIVE,BENIGN_DIVERSE_MODERATE,16,r16-t048-68d57f66,1789128009511344902,1789128011521446646,0.0,23,0,0.0,False,False,False,False
RFC_DROP_NATIVE,BENIGN_DIVERSE_MODERATE,16,r16-t049-12a8a909,1789128009521236070,1789128011531608339,0.0,23,0,0.0,False,False,False,False
B0_OFF,ATTACK_DIVERSE_MODERATE,17,r17-t000-1552cd2c,1789128042617131451,1789128042773476760,0.0,24,0,0.0,False,False,False,False
B0_OFF,ATTACK_DIVERSE_MODERATE,17,r17-t001-33590219,1789128042784839103,1789128043093240438,0.0,25,0,0.0,False,False,False,False
B0_OFF,ATTACK_DIVERSE_MODERATE,17,r17-t002-e0043929,1789128043103458245,1789128043449027176,0.0,26,0,0.0,False,False,False,False
B0_OFF,ATTACK_DIVERSE_MODERATE,17,r17-t003-f8d25acf,1789128043460401113,1789128043781415451,0.0,27,0,0.0,False,False,False,False
B0_OFF,ATTACK_DIVERSE_MODERATE,17,r17-t004-462046b9,1789128043792827181,1789128044101259523,0.0,28,0,0.0,False,False,False,False
B0_OFF,ATTACK_DIVERSE_MODERATE,17,r17-t005-37247c77,1789128044112505377,1789128044429794993,0.0,29,0,0.0,False,False,False,False
B0_OFF,ATTACK_DIVERSE_MODERATE,17,r17-t006-c6a231e2,1789128044443527476,1789128044746219077,0.0,30,0,0.0,False,False,False,False
B0_OFF,ATTACK_DIVERSE_MODERATE,17,r17-t007-6ac8d0f8,1789128044757185185,1789128045074023380,0.0,30,0,0.0,False,False,False,False
B0_OFF,ATTACK_DIVERSE_MODERATE,17,r17-t008-aee6a466,1789128045084479561,1789128045430238595,0.0,30,0,0.0,False,False,False,False
B0_OFF,ATTACK_DIVERSE_MODERATE,17,r17-t009-9bce9a7a,1789128045441134463,1789128045749492900,0.0,30,0,0.0,False,False,False,False
B0_OFF,ATTACK_DIVERSE_MODERATE,17,r17-t010-22fd63a3,1789128045759653827,1789128046098435899,0.0,31,0,0.0,False,False,False,False
B0_OFF,ATTACK_DIVERSE_MODERATE,17,r17-t011-dfb743b2,1789128046108572094,1789128046432331302,0.0,30,0,0.0,False,False,False,False
B0_OFF,ATTACK_DIVERSE_MODERATE,17,r17-t012-98854547,1789128046442703045,1789128046765295900,0.0,30,0,0.0,False,False,False,False
B0_OFF,ATTACK_DIVERSE_MODERATE,17,r17-t013-4ac924f2,1789128046776843493,1789128047109106811,0.0,30,0,0.0,False,False,False,False
B0_OFF,ATTACK_DIVERSE_MODERATE,17,r17-t014-2492f168,1789128047121728983,1789128047425348007,0.0,30,0,0.0,False,False,False,False
B0_OFF,ATTACK_DIVERSE_MODERATE,17,r17-t015-fce0ff40,1789128047435241416,1789128047758507341,0.0,30,0,0.0,False,False,False,False
B0_OFF,ATTACK_DIVERSE_MODERATE,17,r17-t016-bcd2ff0b,1789128047769381864,1789128048103510088,0.0,30,0,0.0,False,False,False,False
B0_OFF,ATTACK_DIVERSE_MODERATE,17,r17-t017-6fa2df9a,1789128048114285127,1789128048446296350,0.0,30,0,0.0,False,False,False,False
B0_OFF,ATTACK_DIVERSE_MODERATE,17,r17-t018-35b812f0,1789128048457291702,1789128048790628942,0.0,30,0,0.0,False,False,False,False
B0_OFF,ATTACK_DIVERSE_MODERATE,17,r17-t019-ede44cbe,1789128048801237829,1789128049130061516,0.0,30,0,0.0,False,False,False,False
B0_OFF,ATTACK_DIVERSE_MODERATE,17,r17-t020-edc2daa5,1789128049141131529,1789128049474216580,0.0,30,0,0.0,False,False,False,False
B0_OFF,ATTACK_DIVERSE_MODERATE,17,r17-t021-f71a5dff,1789128049484577507,1789128049832455422,0.0,30,0,0.0,False,False,False,False
B0_OFF,ATTACK_DIVERSE_MODERATE,17,r17-t022-738354c4,1789128049842922511,1789128050130965585,0.0,30,0,0.0,False,False,False,False
B0_OFF,ATTACK_DIVERSE_MODERATE,17,r17-t023-c69de808,1789128050141076769,1789128050434890583,0.0,30,0,0.0,False,False,False,False
B0_OFF,ATTACK_DIVERSE_MODERATE,17,r17-t024-6be039e6,1789128050444656299,1789128050757821008,0.0,30,0,0.0,False,False,False,False
B0_OFF,ATTACK_DIVERSE_MODERATE,17,r17-t025-e0a03880,1789128050767668718,1789128051083546204,0.0,31,0,0.0,False,False,False,False
B0_OFF,ATTACK_DIVERSE_MODERATE,17,r17-t026-f55c2633,1789128051093984521,1789128051461655931,0.0,31,0,0.0,False,False,False,False
B0_OFF,ATTACK_DIVERSE_MODERATE,17,r17-t027-1c4cec69,1789128051472556687,1789128051788525288,0.0,30,0,0.0,False,False,False,False
B0_OFF,ATTACK_DIVERSE_MODERATE,17,r17-t028-f7366340,1789128051798881704,1789128052118685053,0.0,31,0,0.0,False,False,False,False
B0_OFF,ATTACK_DIVERSE_MODERATE,17,r17-t029-1b111aec,1789128052129476922,1789128052473962391,0.0,30,0,0.0,False,False,False,False
B0_OFF,ATTACK_DIVERSE_MODERATE,17,r17-t030-84f8e415,1789128052484135320,1789128052830743932,0.0,30,0,0.0,False,False,False,False
B0_OFF,ATTACK_DIVERSE_MODERATE,17,r17-t031-7f2dc996,1789128052841810580,1789128053161724429,0.0,30,0,0.0,False,False,False,False
B0_OFF,ATTACK_DIVERSE_MODERATE,17,r17-t032-8e3eaacd,1789128053172322447,1789128053490319461,0.0,30,0,0.0,False,False,False,False
B0_OFF,ATTACK_DIVERSE_MODERATE,17,r17-t033-b2686c3b,1789128053500793231,1789128053863626302,0.0,30,0,0.0,False,False,False,False
B0_OFF,ATTACK_DIVERSE_MODERATE,17,r17-t034-0519810a,1789128053875454645,1789128054182962441,0.0,30,0,0.0,False,False,False,False
B0_OFF,ATTACK_DIVERSE_MODERATE,17,r17-t035-8c7821f5,1789128054194254929,1789128054508204045,0.0,30,0,0.0,False,False,False,False
B0_OFF,ATTACK_DIVERSE_MODERATE,17,r17-t036-ea2bb999,1789128054518826969,1789128054818376421,0.0,30,0,0.0,False,False,False,False
B0_OFF,ATTACK_DIVERSE_MODERATE,17,r17-t037-c7a96e62,1789128054828820133,1789128055166103935,0.0,30,0,0.0,False,False,False,False
B0_OFF,ATTACK_DIVERSE_MODERATE,17,r17-t038-8862cdd8,1789128055177090526,1789128055518413799,0.0,30,0,0.0,False,False,False,False
B0_OFF,ATTACK_DIVERSE_MODERATE,17,r17-t039-783ef649,1789128055528208456,1789128055868246068,0.0,30,0,0.0,False,False,False,False
B0_OFF,ATTACK_DIVERSE_MODERATE,17,r17-t040-31168f71,1789128055878474896,1789128056204894202,0.0,30,0,0.0,False,False,False,False
B0_OFF,ATTACK_DIVERSE_MODERATE,17,r17-t041-c3f3a467,1789128056217753246,1789128056493485339,0.0,30,0,0.0,False,False,False,False
B0_OFF,ATTACK_DIVERSE_MODERATE,17,r17-t042-14d894f8,1789128056503383740,1789128056830255664,0.0,30,0,0.0,False,False,False,False
B0_OFF,ATTACK_DIVERSE_MODERATE,17,r17-t043-2010806c,1789128056840272695,1789128057198033440,0.0,30,0,0.0,False,False,False,False
B0_OFF,ATTACK_DIVERSE_MODERATE,17,r17-t044-e593c80c,1789128057212963905,1789128057530556991,0.0,30,0,0.0,False,False,False,False
B0_OFF,ATTACK_DIVERSE_MODERATE,17,r17-t045-dbd45a41,1789128057541641427,1789128057851449762,0.0,30,0,0.0,False,False,False,False
B0_OFF,ATTACK_DIVERSE_MODERATE,17,r17-t046-8b8b492b,1789128057861376439,1789128058177828526,0.0,30,0,0.0,False,False,False,False
B0_OFF,ATTACK_DIVERSE_MODERATE,17,r17-t047-4c6d7e80,1789128058188803882,1789128058497415132,0.0,30,0,0.0,False,False,False,False
B0_OFF,ATTACK_DIVERSE_MODERATE,17,r17-t048-00885fb7,1789128058507408475,1789128058821819103,0.0,30,0,0.0,False,False,False,False
B0_OFF,ATTACK_DIVERSE_MODERATE,17,r17-t049-b3518b98,1789128058832732380,1789128059168187549,0.0,30,0,0.0,False,False,False,False
RFC_DROP_NATIVE,BENIGN_DIVERSE_MODERATE,17,r17-t000-1552cd2c,1789128072667345258,1789128074679270022,0.0,14,0,0.0,False,False,False,False
RFC_DROP_NATIVE,BENIGN_DIVERSE_MODERATE,17,r17-t001-33590219,1789128072672156071,1789128074691492503,0.0,14,0,0.0,False,False,False,False
RFC_DROP_NATIVE,BENIGN_DIVERSE_MODERATE,17,r17-t002-e0043929,1789128072681282139,1789128074691108679,0.0,14,0,0.0,False,False,False,False
RFC_DROP_NATIVE,BENIGN_DIVERSE_MODERATE,17,r17-t003-f8d25acf,1789128072691107739,1789128074711231417,0.0,14,0,0.0,False,False,False,False
RFC_DROP_NATIVE,BENIGN_DIVERSE_MODERATE,17,r17-t004-462046b9,1789128072700973005,1789128074711065698,0.0,14,0,0.0,False,False,False,False
RFC_DROP_NATIVE,BENIGN_DIVERSE_MODERATE,17,r17-t005-37247c77,1789128072711627964,1789128074721802905,0.0,14,0,0.0,False,False,False,False
RFC_DROP_NATIVE,BENIGN_DIVERSE_MODERATE,17,r17-t006-c6a231e2,1789128072721706622,1789128074730971934,0.0,14,0,0.0,False,False,False,False
RFC_DROP_NATIVE,BENIGN_DIVERSE_MODERATE,17,r17-t007-6ac8d0f8,1789128072731241575,1789128074741073862,0.0,14,0,0.0,False,False,False,False
RFC_DROP_NATIVE,BENIGN_DIVERSE_MODERATE,17,r17-t008-aee6a466,1789128072741191538,1789128074751191902,0.0,14,0,0.0,False,False,False,False
RFC_DROP_NATIVE,BENIGN_DIVERSE_MODERATE,17,r17-t009-9bce9a7a,1789128072751158646,1789128074759133518,0.0,15,0,0.0,False,False,False,False
RFC_DROP_NATIVE,BENIGN_DIVERSE_MODERATE,17,r17-t010-22fd63a3,1789128072761152417,1789128074770833304,0.0,15,0,0.0,False,False,False,False
RFC_DROP_NATIVE,BENIGN_DIVERSE_MODERATE,17,r17-t011-dfb743b2,1789128072771169272,1789128074778974183,0.0,15,0,0.0,False,False,False,False
RFC_DROP_NATIVE,BENIGN_DIVERSE_MODERATE,17,r17-t012-98854547,1789128072781031804,1789128074790894710,0.0,15,0,0.0,False,False,False,False
RFC_DROP_NATIVE,BENIGN_DIVERSE_MODERATE,17,r17-t013-4ac924f2,1789128072791127043,1789128074799253315,0.0,15,0,0.0,False,False,False,False
RFC_DROP_NATIVE,BENIGN_DIVERSE_MODERATE,17,r17-t014-2492f168,1789128072801330346,1789128074811118258,0.0,15,0,0.0,False,False,False,False
RFC_DROP_NATIVE,BENIGN_DIVERSE_MODERATE,17,r17-t015-fce0ff40,1789128072811846719,1789128074822825205,0.0,15,0,0.0,False,False,False,False
RFC_DROP_NATIVE,BENIGN_DIVERSE_MODERATE,17,r17-t016-bcd2ff0b,1789128072821566706,1789128074830957510,0.0,15,0,0.0,False,False,False,False
RFC_DROP_NATIVE,BENIGN_DIVERSE_MODERATE,17,r17-t017-6fa2df9a,1789128072832002149,1789128074842102661,0.0,16,0,0.0,False,False,False,False
RFC_DROP_NATIVE,BENIGN_DIVERSE_MODERATE,17,r17-t018-35b812f0,1789128072841870994,1789128074851998451,0.0,16,0,0.0,False,False,False,False
RFC_DROP_NATIVE,BENIGN_DIVERSE_MODERATE,17,r17-t019-ede44cbe,1789128072851643930,1789128074861481776,0.0,16,0,0.0,False,False,False,False
RFC_DROP_NATIVE,BENIGN_DIVERSE_MODERATE,17,r17-t020-edc2daa5,1789128072861247470,1789128074871011829,0.0,16,0,0.0,False,False,False,False
RFC_DROP_NATIVE,BENIGN_DIVERSE_MODERATE,17,r17-t021-f71a5dff,1789128072871252546,1789128074881368792,0.0,16,0,0.0,False,False,False,False
RFC_DROP_NATIVE,BENIGN_DIVERSE_MODERATE,17,r17-t022-738354c4,1789128072881385188,1789128074890889331,0.0,16,0,0.0,False,False,False,False
RFC_DROP_NATIVE,BENIGN_DIVERSE_MODERATE,17,r17-t023-c69de808,1789128072891195527,1789128074901243374,0.0,16,0,0.0,False,False,False,False
RFC_DROP_NATIVE,BENIGN_DIVERSE_MODERATE,17,r17-t024-6be039e6,1789128072900998516,1789128074911481252,0.0,16,0,0.0,False,False,False,False
RFC_DROP_NATIVE,BENIGN_DIVERSE_MODERATE,17,r17-t025-e0a03880,1789128072911429626,1789128074921700759,0.0,17,0,0.0,False,False,False,False
RFC_DROP_NATIVE,BENIGN_DIVERSE_MODERATE,17,r17-t026-f55c2633,1789128072921016491,1789128074931497531,0.0,17,0,0.0,False,False,False,False
RFC_DROP_NATIVE,BENIGN_DIVERSE_MODERATE,17,r17-t027-1c4cec69,1789128072931088836,1789128074941293455,0.0,17,0,0.0,False,False,False,False
RFC_DROP_NATIVE,BENIGN_DIVERSE_MODERATE,17,r17-t028-f7366340,1789128072941096457,1789128074973570653,0.0,17,0,0.0,False,False,False,False
RFC_DROP_NATIVE,BENIGN_DIVERSE_MODERATE,17,r17-t029-1b111aec,1789128072955399169,1789128074966188663,0.0,17,0,0.0,False,False,False,False
RFC_DROP_NATIVE,BENIGN_DIVERSE_MODERATE,17,r17-t030-84f8e415,1789128072962025568,1789128074970964524,0.0,17,0,0.0,False,False,False,False
RFC_DROP_NATIVE,BENIGN_DIVERSE_MODERATE,17,r17-t031-7f2dc996,1789128072971417316,1789128074981498138,0.0,17,0,0.0,False,False,False,False
RFC_DROP_NATIVE,BENIGN_DIVERSE_MODERATE,17,r17-t032-8e3eaacd,1789128072980952551,1789128074990919846,0.0,17,0,0.0,False,False,False,False
RFC_DROP_NATIVE,BENIGN_DIVERSE_MODERATE,17,r17-t033-b2686c3b,1789128072991432841,1789128075009014173,0.0,17,0,0.0,False,False,False,False
RFC_DROP_NATIVE,BENIGN_DIVERSE_MODERATE,17,r17-t034-0519810a,1789128073001104969,1789128075010709260,0.0,18,0,0.0,False,False,False,False
RFC_DROP_NATIVE,BENIGN_DIVERSE_MODERATE,17,r17-t035-8c7821f5,1789128073011229696,1789128075021044742,0.0,18,0,0.0,False,False,False,False
RFC_DROP_NATIVE,BENIGN_DIVERSE_MODERATE,17,r17-t036-ea2bb999,1789128073021076212,1789128075030998002,0.0,18,0,0.0,False,False,False,False
RFC_DROP_NATIVE,BENIGN_DIVERSE_MODERATE,17,r17-t037-c7a96e62,1789128073031157697,1789128075039049567,0.0,19,0,0.0,False,False,False,False
RFC_DROP_NATIVE,BENIGN_DIVERSE_MODERATE,17,r17-t038-8862cdd8,1789128073041103136,1789128075051059031,0.0,19,0,0.0,False,False,False,False
RFC_DROP_NATIVE,BENIGN_DIVERSE_MODERATE,17,r17-t039-783ef649,1789128073051232198,1789128075061181027,0.0,19,0,0.0,False,False,False,False
RFC_DROP_NATIVE,BENIGN_DIVERSE_MODERATE,17,r17-t040-31168f71,1789128073061155216,1789128075070940302,0.0,19,0,0.0,False,False,False,False
RFC_DROP_NATIVE,BENIGN_DIVERSE_MODERATE,17,r17-t041-c3f3a467,1789128073071568330,1789128075081098570,0.0,19,0,0.0,False,False,False,False
RFC_DROP_NATIVE,BENIGN_DIVERSE_MODERATE,17,r17-t042-14d894f8,1789128073080998423,1789128075090904385,0.0,20,0,0.0,False,False,False,False
RFC_DROP_NATIVE,BENIGN_DIVERSE_MODERATE,17,r17-t043-2010806c,1789128073091115804,1789128075101083004,0.0,20,0,0.0,False,False,False,False
RFC_DROP_NATIVE,BENIGN_DIVERSE_MODERATE,17,r17-t044-e593c80c,1789128073101057287,1789128075110598266,0.0,20,0,0.0,False,False,False,False
RFC_DROP_NATIVE,BENIGN_DIVERSE_MODERATE,17,r17-t045-dbd45a41,1789128073111183239,1789128075121382298,0.0,20,0,0.0,False,False,False,False
RFC_DROP_NATIVE,BENIGN_DIVERSE_MODERATE,17,r17-t046-8b8b492b,1789128073121010441,1789128075130909620,0.0,20,0,0.0,False,False,False,False
RFC_DROP_NATIVE,BENIGN_DIVERSE_MODERATE,17,r17-t047-4c6d7e80,1789128073131163716,1789128075139090350,0.0,20,0,0.0,False,False,False,False
RFC_DROP_NATIVE,BENIGN_DIVERSE_MODERATE,17,r17-t048-00885fb7,1789128073141488176,1789128075150880299,0.0,20,0,0.0,False,False,False,False
RFC_DROP_NATIVE,BENIGN_DIVERSE_MODERATE,17,r17-t049-b3518b98,1789128073159915170,1789128075170610734,0.0,20,0,0.0,False,False,False,False
B1_RL2_TC,BENIGN_DIVERSE_MODERATE,17,r17-t000-1552cd2c,1789128106414172770,1789128107584011662,0.0,24,0,0.0,False,False,False,False
B1_RL2_TC,BENIGN_DIVERSE_MODERATE,17,r17-t001-33590219,1789128107594185329,1789128107962221058,0.0,27,0,0.0,False,False,False,False
B1_RL2_TC,BENIGN_DIVERSE_MODERATE,17,r17-t002-e0043929,1789128107972251173,1789128108350449802,0.0,28,0,0.0,False,False,False,False
B1_RL2_TC,BENIGN_DIVERSE_MODERATE,17,r17-t003-f8d25acf,1789128108360356104,1789128108714066592,0.0,29,0,0.0,False,False,False,False
B1_RL2_TC,BENIGN_DIVERSE_MODERATE,17,r17-t004-462046b9,1789128108724018603,1789128109105326356,0.0,30,0,0.0,False,False,False,False
B1_RL2_TC,BENIGN_DIVERSE_MODERATE,17,r17-t005-37247c77,1789128109115373282,1789128109497366118,0.0,30,0,0.0,False,False,False,False
B1_RL2_TC,BENIGN_DIVERSE_MODERATE,17,r17-t006-c6a231e2,1789128109507675119,1789128109873407597,0.0,30,0,0.0,False,False,False,False
B1_RL2_TC,BENIGN_DIVERSE_MODERATE,17,r17-t007-6ac8d0f8,1789128109885350823,1789128110254978561,0.0,30,0,0.0,False,False,False,False
B1_RL2_TC,BENIGN_DIVERSE_MODERATE,17,r17-t008-aee6a466,1789128110266712030,1789128110642270534,0.0,30,0,0.0,False,False,False,False
B1_RL2_TC,BENIGN_DIVERSE_MODERATE,17,r17-t009-9bce9a7a,1789128110652234635,1789128111034242959,0.0,30,0,0.0,False,False,False,False
B1_RL2_TC,BENIGN_DIVERSE_MODERATE,17,r17-t010-22fd63a3,1789128111044621281,1789128111415875498,0.0,30,0,0.0,False,False,False,False
B1_RL2_TC,BENIGN_DIVERSE_MODERATE,17,r17-t011-dfb743b2,1789128111425920535,1789128111808107637,0.0,30,0,0.0,False,False,False,False
B1_RL2_TC,BENIGN_DIVERSE_MODERATE,17,r17-t012-98854547,1789128111818354213,1789128112184827588,0.0,30,0,0.0,False,False,False,False
B1_RL2_TC,BENIGN_DIVERSE_MODERATE,17,r17-t013-4ac924f2,1789128112194841644,1789128112588876936,0.0,30,0,0.0,False,False,False,False
B1_RL2_TC,BENIGN_DIVERSE_MODERATE,17,r17-t014-2492f168,1789128112599429339,1789128112989019401,0.0,29,0,0.0,False,False,False,False
B1_RL2_TC,BENIGN_DIVERSE_MODERATE,17,r17-t015-fce0ff40,1789128113000149620,1789128113413397436,0.0,29,0,0.0,False,False,False,False
B1_RL2_TC,BENIGN_DIVERSE_MODERATE,17,r17-t016-bcd2ff0b,1789128113423467036,1789128113819614753,0.0,29,0,0.0,False,False,False,False
B1_RL2_TC,BENIGN_DIVERSE_MODERATE,17,r17-t017-6fa2df9a,1789128113830079026,1789128114227996861,0.0,29,0,0.0,False,False,False,False
B1_RL2_TC,BENIGN_DIVERSE_MODERATE,17,r17-t018-35b812f0,1789128114237848419,1789128114602186775,0.0,29,0,0.0,False,False,False,False
B1_RL2_TC,BENIGN_DIVERSE_MODERATE,17,r17-t019-ede44cbe,1789128114612360324,1789128114991896607,0.0,29,0,0.0,False,False,False,False
B1_RL2_TC,BENIGN_DIVERSE_MODERATE,17,r17-t020-edc2daa5,1789128115003379808,1789128115365996251,0.0,29,0,0.0,False,False,False,False
B1_RL2_TC,BENIGN_DIVERSE_MODERATE,17,r17-t021-f71a5dff,1789128115376144395,1789128115785951737,0.0,29,0,0.0,False,False,False,False
B1_RL2_TC,BENIGN_DIVERSE_MODERATE,17,r17-t022-738354c4,1789128115796257898,1789128116189550962,0.0,29,0,0.0,False,False,False,False
B1_RL2_TC,BENIGN_DIVERSE_MODERATE,17,r17-t023-c69de808,1789128116199808732,1789128116586477973,0.0,29,0,0.0,False,False,False,False
B1_RL2_TC,BENIGN_DIVERSE_MODERATE,17,r17-t024-6be039e6,1789128116596536127,1789128116962607563,0.0,29,0,0.0,False,False,False,False
B1_RL2_TC,BENIGN_DIVERSE_MODERATE,17,r17-t025-e0a03880,1789128116972475499,1789128117784873654,0.0,29,0,0.0,False,False,False,False
B1_RL2_TC,BENIGN_DIVERSE_MODERATE,17,r17-t026-f55c2633,1789128117794882113,1789128118198966931,0.0,28,0,0.0,False,False,False,False
B1_RL2_TC,BENIGN_DIVERSE_MODERATE,17,r17-t027-1c4cec69,1789128118209286401,1789128118595548686,0.0,28,0,0.0,False,False,False,False
B1_RL2_TC,BENIGN_DIVERSE_MODERATE,17,r17-t028-f7366340,1789128118605349898,1789128118999334220,0.0,28,0,0.0,False,False,False,False
B1_RL2_TC,BENIGN_DIVERSE_MODERATE,17,r17-t029-1b111aec,1789128119010185907,1789128119365366942,0.0,28,0,0.0,False,False,False,False
B1_RL2_TC,BENIGN_DIVERSE_MODERATE,17,r17-t030-84f8e415,1789128119375397456,1789128119729504285,0.0,29,0,0.0,False,False,False,False
B1_RL2_TC,BENIGN_DIVERSE_MODERATE,17,r17-t031-7f2dc996,1789128119740642787,1789128120093298140,0.0,29,0,0.0,False,False,False,False
B1_RL2_TC,BENIGN_DIVERSE_MODERATE,17,r17-t032-8e3eaacd,1789128120103184133,1789128120464679275,0.0,30,0,0.0,False,False,False,False
B1_RL2_TC,BENIGN_DIVERSE_MODERATE,17,r17-t033-b2686c3b,1789128120475334722,1789128120876981154,0.0,30,0,0.0,False,False,False,False
B1_RL2_TC,BENIGN_DIVERSE_MODERATE,17,r17-t034-0519810a,1789128120886630499,1789128121258618366,0.0,30,0,0.0,False,False,False,False
B1_RL2_TC,BENIGN_DIVERSE_MODERATE,17,r17-t035-8c7821f5,1789128121269779021,1789128121654044038,0.0,30,0,0.0,False,False,False,False
B1_RL2_TC,BENIGN_DIVERSE_MODERATE,17,r17-t036-ea2bb999,1789128121664858234,1789128122056060542,0.0,30,0,0.0,False,False,False,False
B1_RL2_TC,BENIGN_DIVERSE_MODERATE,17,r17-t037-c7a96e62,1789128122066077616,1789128122471385040,0.0,29,0,0.0,False,False,False,False
B1_RL2_TC,BENIGN_DIVERSE_MODERATE,17,r17-t038-8862cdd8,1789128122482648684,1789128122841149754,0.0,29,0,0.0,False,False,False,False
B1_RL2_TC,BENIGN_DIVERSE_MODERATE,17,r17-t039-783ef649,1789128122850959536,1789128123240992587,0.0,29,0,0.0,False,False,False,False
B1_RL2_TC,BENIGN_DIVERSE_MODERATE,17,r17-t040-31168f71,1789128123251311510,1789128123623435542,0.0,29,0,0.0,False,False,False,False
B1_RL2_TC,BENIGN_DIVERSE_MODERATE,17,r17-t041-c3f3a467,1789128123633787734,1789128124001466491,0.0,29,0,0.0,False,False,False,False
B1_RL2_TC,BENIGN_DIVERSE_MODERATE,17,r17-t042-14d894f8,1789128124011479255,1789128124405977636,0.0,29,0,0.0,False,False,False,False
B1_RL2_TC,BENIGN_DIVERSE_MODERATE,17,r17-t043-2010806c,1789128124417290760,1789128124777703950,0.0,29,0,0.0,False,False,False,False
B1_RL2_TC,BENIGN_DIVERSE_MODERATE,17,r17-t044-e593c80c,1789128124787442416,1789128125156637542,0.0,30,0,0.0,False,False,False,False
B1_RL2_TC,BENIGN_DIVERSE_MODERATE,17,r17-t045-dbd45a41,1789128125169340806,1789128125573554974,0.0,30,0,0.0,False,False,False,False
B1_RL2_TC,BENIGN_DIVERSE_MODERATE,17,r17-t046-8b8b492b,1789128125584119144,1789128125975201499,0.0,29,0,0.0,False,False,False,False
B1_RL2_TC,BENIGN_DIVERSE_MODERATE,17,r17-t047-4c6d7e80,1789128125985718813,1789128126334192594,0.0,29,0,0.0,False,False,False,False
B1_RL2_TC,BENIGN_DIVERSE_MODERATE,17,r17-t048-00885fb7,1789128126344840825,1789128126756564777,0.0,30,0,0.0,False,False,False,False
B1_RL2_TC,BENIGN_DIVERSE_MODERATE,17,r17-t049-b3518b98,1789128126767653179,1789128127152972092,0.0,29,0,0.0,False,False,False,False
B1_RL2_TC,ATTACK_DIVERSE_MODERATE,17,r17-t000-1552cd2c,1789128140373356814,1789128140607907666,0.0,24,0,0.0,False,False,False,False
B1_RL2_TC,ATTACK_DIVERSE_MODERATE,17,r17-t001-33590219,1789128140618056028,1789128140802120891,0.0,25,0,0.0,False,False,False,False
B1_RL2_TC,ATTACK_DIVERSE_MODERATE,17,r17-t002-e0043929,1789128140812600021,1789128141162206753,0.0,26,0,0.0,False,False,False,False
B1_RL2_TC,ATTACK_DIVERSE_MODERATE,17,r17-t003-f8d25acf,1789128141172217493,1789128141495112580,0.0,27,0,0.0,False,False,False,False
B1_RL2_TC,ATTACK_DIVERSE_MODERATE,17,r17-t004-462046b9,1789128141505076944,1789128141833494099,0.0,28,0,0.0,False,False,False,False
B1_RL2_TC,ATTACK_DIVERSE_MODERATE,17,r17-t005-37247c77,1789128141843486928,1789128142177704414,0.0,29,0,0.0,False,False,False,False
B1_RL2_TC,ATTACK_DIVERSE_MODERATE,17,r17-t006-c6a231e2,1789128142187471770,1789128142514931598,0.0,30,0,0.0,False,False,False,False
B1_RL2_TC,ATTACK_DIVERSE_MODERATE,17,r17-t007-6ac8d0f8,1789128142524887949,1789128142838269999,0.0,30,0,0.0,False,False,False,False
B1_RL2_TC,ATTACK_DIVERSE_MODERATE,17,r17-t008-aee6a466,1789128142848479350,1789128143150682657,0.0,30,0,0.0,False,False,False,False
B1_RL2_TC,ATTACK_DIVERSE_MODERATE,17,r17-t009-9bce9a7a,1789128143162469579,1789128143518463142,0.0,30,0,0.0,False,False,False,False
B1_RL2_TC,ATTACK_DIVERSE_MODERATE,17,r17-t010-22fd63a3,1789128143528882510,1789128143846709778,0.0,30,0,0.0,False,False,False,False
B1_RL2_TC,ATTACK_DIVERSE_MODERATE,17,r17-t011-dfb743b2,1789128143856588646,1789128144138088296,0.0,30,0,0.0,False,False,False,False
B1_RL2_TC,ATTACK_DIVERSE_MODERATE,17,r17-t012-98854547,1789128144149960809,1789128144504235312,0.0,30,0,0.0,False,False,False,False
B1_RL2_TC,ATTACK_DIVERSE_MODERATE,17,r17-t013-4ac924f2,1789128144514033680,1789128144826322100,0.0,30,0,0.0,False,False,False,False
B1_RL2_TC,ATTACK_DIVERSE_MODERATE,17,r17-t014-2492f168,1789128144836925089,1789128145155077467,0.0,30,0,0.0,False,False,False,False
B1_RL2_TC,ATTACK_DIVERSE_MODERATE,17,r17-t015-fce0ff40,1789128145165867001,1789128145460178206,0.0,30,0,0.0,False,False,False,False
B1_RL2_TC,ATTACK_DIVERSE_MODERATE,17,r17-t016-bcd2ff0b,1789128145470923061,1789128145800894882,0.0,30,0,0.0,False,False,False,False
B1_RL2_TC,ATTACK_DIVERSE_MODERATE,17,r17-t017-6fa2df9a,1789128145810529987,1789128146161834665,0.0,30,0,0.0,False,False,False,False
B1_RL2_TC,ATTACK_DIVERSE_MODERATE,17,r17-t018-35b812f0,1789128146171863312,1789128146447691801,0.0,30,0,0.0,False,False,False,False
B1_RL2_TC,ATTACK_DIVERSE_MODERATE,17,r17-t019-ede44cbe,1789128146458637561,1789128146778251508,0.0,30,0,0.0,False,False,False,False
B1_RL2_TC,ATTACK_DIVERSE_MODERATE,17,r17-t020-edc2daa5,1789128146789170402,1789128147094717407,0.0,30,0,0.0,False,False,False,False
B1_RL2_TC,ATTACK_DIVERSE_MODERATE,17,r17-t021-f71a5dff,1789128147105097441,1789128147421515500,0.0,30,0,0.0,False,False,False,False
B1_RL2_TC,ATTACK_DIVERSE_MODERATE,17,r17-t022-738354c4,1789128147432128640,1789128147769536411,0.0,30,0,0.0,False,False,False,False
B1_RL2_TC,ATTACK_DIVERSE_MODERATE,17,r17-t023-c69de808,1789128147779506873,1789128148081768867,0.0,30,0,0.0,False,False,False,False
B1_RL2_TC,ATTACK_DIVERSE_MODERATE,17,r17-t024-6be039e6,1789128148091512214,1789128148418242998,0.0,31,0,0.0,False,False,False,False
B1_RL2_TC,ATTACK_DIVERSE_MODERATE,17,r17-t025-e0a03880,1789128148428136038,1789128148782472427,0.0,30,0,0.0,False,False,False,False
B1_RL2_TC,ATTACK_DIVERSE_MODERATE,17,r17-t026-f55c2633,1789128148792607467,1789128149077740690,0.0,30,0,0.0,False,False,False,False
B1_RL2_TC,ATTACK_DIVERSE_MODERATE,17,r17-t027-1c4cec69,1789128149087612854,1789128149421324074,0.0,30,0,0.0,False,False,False,False
B1_RL2_TC,ATTACK_DIVERSE_MODERATE,17,r17-t028-f7366340,1789128149431060776,1789128149744975524,0.0,30,0,0.0,False,False,False,False
B1_RL2_TC,ATTACK_DIVERSE_MODERATE,17,r17-t029-1b111aec,1789128149754737689,1789128150090445192,0.0,30,0,0.0,False,False,False,False
B1_RL2_TC,ATTACK_DIVERSE_MODERATE,17,r17-t030-84f8e415,1789128150100431568,1789128150415131198,0.0,30,0,0.0,False,False,False,False
B1_RL2_TC,ATTACK_DIVERSE_MODERATE,17,r17-t031-7f2dc996,1789128150425671787,1789128150763621692,0.0,30,0,0.0,False,False,False,False
B1_RL2_TC,ATTACK_DIVERSE_MODERATE,17,r17-t032-8e3eaacd,1789128150773610503,1789128151111171805,0.0,30,0,0.0,False,False,False,False
B1_RL2_TC,ATTACK_DIVERSE_MODERATE,17,r17-t033-b2686c3b,1789128151122191710,1789128151464622860,0.0,30,0,0.0,False,False,False,False
B1_RL2_TC,ATTACK_DIVERSE_MODERATE,17,r17-t034-0519810a,1789128151475252945,1789128151806630676,0.0,30,0,0.0,False,False,False,False
B1_RL2_TC,ATTACK_DIVERSE_MODERATE,17,r17-t035-8c7821f5,1789128151816447418,1789128152154540276,0.0,30,0,0.0,False,False,False,False
B1_RL2_TC,ATTACK_DIVERSE_MODERATE,17,r17-t036-ea2bb999,1789128152164687486,1789128152461254588,0.0,30,0,0.0,False,False,False,False
B1_RL2_TC,ATTACK_DIVERSE_MODERATE,17,r17-t037-c7a96e62,1789128152472818312,1789128152818698115,0.0,30,0,0.0,False,False,False,False
B1_RL2_TC,ATTACK_DIVERSE_MODERATE,17,r17-t038-8862cdd8,1789128152829468064,1789128153166849435,0.0,30,0,0.0,False,False,False,False
B1_RL2_TC,ATTACK_DIVERSE_MODERATE,17,r17-t039-783ef649,1789128153177953408,1789128153495888620,0.0,30,0,0.0,False,False,False,False
B1_RL2_TC,ATTACK_DIVERSE_MODERATE,17,r17-t040-31168f71,1789128153507453561,1789128153833874099,0.0,30,0,0.0,False,False,False,False
B1_RL2_TC,ATTACK_DIVERSE_MODERATE,17,r17-t041-c3f3a467,1789128153844454005,1789128154129265374,0.0,30,0,0.0,False,False,False,False
B1_RL2_TC,ATTACK_DIVERSE_MODERATE,17,r17-t042-14d894f8,1789128154139065268,1789128154492637624,0.0,30,0,0.0,False,False,False,False
B1_RL2_TC,ATTACK_DIVERSE_MODERATE,17,r17-t043-2010806c,1789128154503404990,1789128154827123075,0.0,30,0,0.0,False,False,False,False
B1_RL2_TC,ATTACK_DIVERSE_MODERATE,17,r17-t044-e593c80c,1789128154838099243,1789128155141667316,0.0,30,0,0.0,False,False,False,False
B1_RL2_TC,ATTACK_DIVERSE_MODERATE,17,r17-t045-dbd45a41,1789128155152265782,1789128155516543863,0.0,30,0,0.0,False,False,False,False
B1_RL2_TC,ATTACK_DIVERSE_MODERATE,17,r17-t046-8b8b492b,1789128155526980846,1789128155830569479,0.0,30,0,0.0,False,False,False,False
B1_RL2_TC,ATTACK_DIVERSE_MODERATE,17,r17-t047-4c6d7e80,1789128155842017610,1789128156122824992,0.0,30,0,0.0,False,False,False,False
B1_RL2_TC,ATTACK_DIVERSE_MODERATE,17,r17-t048-00885fb7,1789128156132986137,1789128156471969086,0.0,30,0,0.0,False,False,False,False
B1_RL2_TC,ATTACK_DIVERSE_MODERATE,17,r17-t049-b3518b98,1789128156482056721,1789128156838512816,0.0,30,0,0.0,False,False,False,False
RFC_DROP_NATIVE,ATTACK_DIVERSE_HIGH,17,r17-t000-2cb1eecd,1789128170661376965,1789128172673490673,0.0,400,0,0.0,False,False,False,False
RFC_DROP_NATIVE,ATTACK_DIVERSE_HIGH,17,r17-t001-a5e06a43,1789128170668581642,1789128172681992058,0.0,400,0,0.0,False,False,False,False
RFC_DROP_NATIVE,ATTACK_DIVERSE_HIGH,17,r17-t002-7f9f693f,1789128170677742992,1789128172686462488,0.0,400,0,0.0,False,False,False,False
RFC_DROP_NATIVE,ATTACK_DIVERSE_HIGH,17,r17-t003-0a99f96c,1789128170688000103,1789128172697952371,0.0,400,0,0.0,False,False,False,False
RFC_DROP_NATIVE,ATTACK_DIVERSE_HIGH,17,r17-t004-e0a02669,1789128170698810180,1789128172720123614,0.0,400,0,0.0,False,False,False,False
RFC_DROP_NATIVE,ATTACK_DIVERSE_HIGH,17,r17-t005-1f765666,1789128170708143260,1789128172718555555,0.0,400,0,0.0,False,False,False,False
RFC_DROP_NATIVE,ATTACK_DIVERSE_HIGH,17,r17-t006-2b6303d6,1789128170718681564,1789128172729830497,0.0,400,0,0.0,False,False,False,False
RFC_DROP_NATIVE,ATTACK_DIVERSE_HIGH,17,r17-t007-f85abf32,1789128170728113464,1789128172738015111,0.0,400,0,0.0,False,False,False,False
RFC_DROP_NATIVE,ATTACK_DIVERSE_HIGH,17,r17-t008-a8448294,1789128170738099837,1789128172748368699,0.0,400,0,0.0,False,False,False,False
RFC_DROP_NATIVE,ATTACK_DIVERSE_HIGH,17,r17-t009-ec192768,1789128170747862009,1789128172768358933,0.0,400,0,0.0,False,False,False,False
RFC_DROP_NATIVE,ATTACK_DIVERSE_HIGH,17,r17-t010-252f7d02,1789128170757794499,1789128172768542189,0.0,400,0,0.0,False,False,False,False
RFC_DROP_NATIVE,ATTACK_DIVERSE_HIGH,17,r17-t011-934b1069,1789128170768378772,1789128172780580520,0.0,400,0,0.0,False,False,False,False
RFC_DROP_NATIVE,ATTACK_DIVERSE_HIGH,17,r17-t012-e52e8563,1789128170777940859,1789128172789194171,0.0,400,0,0.0,False,False,False,False
RFC_DROP_NATIVE,ATTACK_DIVERSE_HIGH,17,r17-t013-0c2180d4,1789128170787844053,1789128172798250494,0.0,400,0,0.0,False,False,False,False
RFC_DROP_NATIVE,ATTACK_DIVERSE_HIGH,17,r17-t014-e7ffae44,1789128170797967112,1789128172807765188,0.0,400,0,0.0,False,False,False,False
RFC_DROP_NATIVE,ATTACK_DIVERSE_HIGH,17,r17-t015-f294584a,1789128170808160165,1789128172817874499,0.0,400,0,0.0,False,False,False,False
RFC_DROP_NATIVE,ATTACK_DIVERSE_HIGH,17,r17-t016-24abca85,1789128170818134951,1789128172838249672,0.0,400,0,0.0,False,False,False,False
RFC_DROP_NATIVE,ATTACK_DIVERSE_HIGH,17,r17-t017-9f9f6379,1789128170828620596,1789128172840333365,0.0,400,0,0.0,False,False,False,False
RFC_DROP_NATIVE,ATTACK_DIVERSE_HIGH,17,r17-t018-de854473,1789128170838307783,1789128172849092662,0.0,400,0,0.0,False,False,False,False
RFC_DROP_NATIVE,ATTACK_DIVERSE_HIGH,17,r17-t019-a6f6874f,1789128170848413039,1789128172857934230,0.0,401,0,0.0,False,False,False,False
RFC_DROP_NATIVE,ATTACK_DIVERSE_HIGH,17,r17-t020-44d3747c,1789128170858516317,1789128172868498623,0.0,401,0,0.0,False,False,False,False
RFC_DROP_NATIVE,ATTACK_DIVERSE_HIGH,17,r17-t021-d192803e,1789128170868196440,1789128172888656598,0.0,401,0,0.0,False,False,False,False
RFC_DROP_NATIVE,ATTACK_DIVERSE_HIGH,17,r17-t022-76a9cf7f,1789128170878424347,1789128172888991421,0.0,401,0,0.0,False,False,False,False
RFC_DROP_NATIVE,ATTACK_DIVERSE_HIGH,17,r17-t023-58d909a6,1789128170887933679,1789128172898947753,0.0,401,0,0.0,False,False,False,False
RFC_DROP_NATIVE,ATTACK_DIVERSE_HIGH,17,r17-t024-b2f71b9a,1789128170898186457,1789128172908809683,0.0,401,0,0.0,False,False,False,False
RFC_DROP_NATIVE,ATTACK_DIVERSE_HIGH,17,r17-t025-4c6a4fb9,1789128170908251678,1789128172918178451,0.0,401,0,0.0,False,False,False,False
RFC_DROP_NATIVE,ATTACK_DIVERSE_HIGH,17,r17-t026-1a0549f8,1789128170918232776,1789128172929212689,0.0,401,0,0.0,False,False,False,False
RFC_DROP_NATIVE,ATTACK_DIVERSE_HIGH,17,r17-t027-a2cad0d3,1789128170927897071,1789128172938759539,0.0,401,0,0.0,False,False,False,False
RFC_DROP_NATIVE,ATTACK_DIVERSE_HIGH,17,r17-t028-6ec99895,1789128170938171137,1789128172962219304,0.0,401,0,0.0,False,False,False,False
RFC_DROP_NATIVE,ATTACK_DIVERSE_HIGH,17,r17-t029-9d527876,1789128170954316638,1789128172965975048,0.0,401,0,0.0,False,False,False,False
RFC_DROP_NATIVE,ATTACK_DIVERSE_HIGH,17,r17-t030-afb819ac,1789128170958683192,1789128172980034453,0.0,401,0,0.0,False,False,False,False
RFC_DROP_NATIVE,ATTACK_DIVERSE_HIGH,17,r17-t031-87a67a58,1789128170967950143,1789128172988426863,0.0,401,0,0.0,False,False,False,False
RFC_DROP_NATIVE,ATTACK_DIVERSE_HIGH,17,r17-t032-b8aa127e,1789128170978077631,1789128172989531001,0.0,401,0,0.0,False,False,False,False
RFC_DROP_NATIVE,ATTACK_DIVERSE_HIGH,17,r17-t033-889676bb,1789128170988312320,1789128172997944848,0.0,401,0,0.0,False,False,False,False
RFC_DROP_NATIVE,ATTACK_DIVERSE_HIGH,17,r17-t034-2371ca06,1789128170997994986,1789128173009604259,0.0,401,0,0.0,False,False,False,False
RFC_DROP_NATIVE,ATTACK_DIVERSE_HIGH,17,r17-t035-dd93b56a,1789128171008111924,1789128173018049887,0.0,401,0,0.0,False,False,False,False
RFC_DROP_NATIVE,ATTACK_DIVERSE_HIGH,17,r17-t036-a8dcd809,1789128171018020485,1789128173029071054,0.0,401,0,0.0,False,False,False,False
RFC_DROP_NATIVE,ATTACK_DIVERSE_HIGH,17,r17-t037-27e0351d,1789128171028556056,1789128173041748570,0.0,401,0,0.0,False,False,False,False
RFC_DROP_NATIVE,ATTACK_DIVERSE_HIGH,17,r17-t038-04bd675b,1789128171038388127,1789128173049672640,0.0,401,0,0.0,False,False,False,False
RFC_DROP_NATIVE,ATTACK_DIVERSE_HIGH,17,r17-t039-aa25810c,1789128171048388725,1789128173062026427,0.0,401,0,0.0,False,False,False,False
RFC_DROP_NATIVE,ATTACK_DIVERSE_HIGH,17,r17-t040-5a01d32d,1789128171058155796,1789128173069639462,0.0,401,0,0.0,False,False,False,False
RFC_DROP_NATIVE,ATTACK_DIVERSE_HIGH,17,r17-t041-d019374a,1789128171068393878,1789128173080094410,0.0,401,0,0.0,False,False,False,False
RFC_DROP_NATIVE,ATTACK_DIVERSE_HIGH,17,r17-t042-ac1294de,1789128171078392778,1789128173090065502,0.0,401,0,0.0,False,False,False,False
RFC_DROP_NATIVE,ATTACK_DIVERSE_HIGH,17,r17-t043-a0260f5f,1789128171088153067,1789128173098168597,0.0,401,0,0.0,False,False,False,False
RFC_DROP_NATIVE,ATTACK_DIVERSE_HIGH,17,r17-t044-336a9b95,1789128171098291200,1789128173110146753,0.0,401,0,0.0,False,False,False,False
RFC_DROP_NATIVE,ATTACK_DIVERSE_HIGH,17,r17-t045-4d22c1b3,1789128171108650519,1789128173118526657,0.0,401,0,0.0,False,False,False,False
RFC_DROP_NATIVE,ATTACK_DIVERSE_HIGH,17,r17-t046-837a1846,1789128171118998346,1789128173129837892,0.0,401,0,0.0,False,False,False,False
RFC_DROP_NATIVE,ATTACK_DIVERSE_HIGH,17,r17-t047-3dcb4d99,1789128171128016227,1789128173140293310,0.0,401,0,0.0,False,False,False,False
RFC_DROP_NATIVE,ATTACK_DIVERSE_HIGH,17,r17-t048-28c1243e,1789128171138086063,1789128173149895542,0.0,401,0,0.0,False,False,False,False
RFC_DROP_NATIVE,ATTACK_DIVERSE_HIGH,17,r17-t049-5e546945,1789128171147989915,1789128173170149611,0.0,401,0,0.0,False,False,False,False
B1_RL2_TC,ATTACK_DIVERSE_HIGH,17,r17-t000-2cb1eecd,1789128206111056451,1789128206403256004,0.0,400,0,0.0,False,False,False,False
B1_RL2_TC,ATTACK_DIVERSE_HIGH,17,r17-t001-a5e06a43,1789128206414368842,1789128206651171109,0.0,401,0,0.0,False,False,False,False
B1_RL2_TC,ATTACK_DIVERSE_HIGH,17,r17-t002-7f9f693f,1789128206662987727,1789128206996627243,0.0,402,0,0.0,False,False,False,False
B1_RL2_TC,ATTACK_DIVERSE_HIGH,17,r17-t003-0a99f96c,1789128207008447908,1789128207332239617,0.0,403,0,0.0,False,False,False,False
B1_RL2_TC,ATTACK_DIVERSE_HIGH,17,r17-t004-e0a02669,1789128207342889294,1789128207668770214,0.0,404,0,0.0,False,False,False,False
B1_RL2_TC,ATTACK_DIVERSE_HIGH,17,r17-t005-1f765666,1789128207679934828,1789128208034289479,0.0,405,0,0.0,False,False,False,False
B1_RL2_TC,ATTACK_DIVERSE_HIGH,17,r17-t006-2b6303d6,1789128208045153511,1789128208375110996,0.0,406,0,0.0,False,False,False,False
B1_RL2_TC,ATTACK_DIVERSE_HIGH,17,r17-t007-f85abf32,1789128208386173281,1789128208683873429,0.0,406,0,0.0,False,False,False,False
B1_RL2_TC,ATTACK_DIVERSE_HIGH,17,r17-t008-a8448294,1789128208695615207,1789128209031270977,0.0,406,0,0.0,False,False,False,False
B1_RL2_TC,ATTACK_DIVERSE_HIGH,17,r17-t009-ec192768,1789128209042066098,1789128209369208001,0.0,406,0,0.0,False,False,False,False
B1_RL2_TC,ATTACK_DIVERSE_HIGH,17,r17-t010-252f7d02,1789128209380458564,1789128209757768839,0.0,406,0,0.0,False,False,False,False
B1_RL2_TC,ATTACK_DIVERSE_HIGH,17,r17-t011-934b1069,1789128209769684961,1789128210082183180,0.0,406,0,0.0,False,False,False,False
B1_RL2_TC,ATTACK_DIVERSE_HIGH,17,r17-t012-e52e8563,1789128210094421536,1789128210427372902,0.0,406,0,0.0,False,False,False,False
B1_RL2_TC,ATTACK_DIVERSE_HIGH,17,r17-t013-0c2180d4,1789128210438398850,1789128210745751940,0.0,406,0,0.0,False,False,False,False
B1_RL2_TC,ATTACK_DIVERSE_HIGH,17,r17-t014-e7ffae44,1789128210756872027,1789128211085619647,0.0,406,0,0.0,False,False,False,False
B1_RL2_TC,ATTACK_DIVERSE_HIGH,17,r17-t015-f294584a,1789128211098166870,1789128211477623217,0.0,405,0,0.0,False,False,False,False
B1_RL2_TC,ATTACK_DIVERSE_HIGH,17,r17-t016-24abca85,1789128211489094629,1789128211802363087,0.0,406,0,0.0,False,False,False,False
B1_RL2_TC,ATTACK_DIVERSE_HIGH,17,r17-t017-9f9f6379,1789128211813863963,1789128212145797129,0.0,406,0,0.0,False,False,False,False
B1_RL2_TC,ATTACK_DIVERSE_HIGH,17,r17-t018-de854473,1789128212157100033,1789128212547415986,0.0,406,0,0.0,False,False,False,False
B1_RL2_TC,ATTACK_DIVERSE_HIGH,17,r17-t019-a6f6874f,1789128212558935784,1789128212905315038,0.0,406,0,0.0,False,False,False,False
B1_RL2_TC,ATTACK_DIVERSE_HIGH,17,r17-t020-44d3747c,1789128212916433619,1789128213248581583,0.0,406,0,0.0,False,False,False,False
B1_RL2_TC,ATTACK_DIVERSE_HIGH,17,r17-t021-d192803e,1789128215322877459,1789128217332971794,0.0,0,0,0.0,False,False,False,False
B1_RL2_TC,ATTACK_DIVERSE_HIGH,17,r17-t022-76a9cf7f,1789128217344547096,1789128217488374867,0.0,396,0,0.0,False,False,False,False
B1_RL2_TC,ATTACK_DIVERSE_HIGH,17,r17-t023-58d909a6,1789128217500098588,1789128217818278275,0.0,402,0,0.0,False,False,False,False
B1_RL2_TC,ATTACK_DIVERSE_HIGH,17,r17-t024-b2f71b9a,1789128217829629628,1789128218129985498,0.0,402,0,0.0,False,False,False,False
B1_RL2_TC,ATTACK_DIVERSE_HIGH,17,r17-t025-4c6a4fb9,1789128218141507052,1789128218487806942,0.0,402,0,0.0,False,False,False,False
B1_RL2_TC,ATTACK_DIVERSE_HIGH,17,r17-t026-1a0549f8,1789128218498898230,1789128218847664392,0.0,404,0,0.0,False,False,False,False
B1_RL2_TC,ATTACK_DIVERSE_HIGH,17,r17-t027-a2cad0d3,1789128218858834227,1789128219188585821,0.0,405,0,0.0,False,False,False,False
B1_RL2_TC,ATTACK_DIVERSE_HIGH,17,r17-t028-6ec99895,1789128219200641365,1789128219530581077,0.0,406,0,0.0,False,False,False,False
B1_RL2_TC,ATTACK_DIVERSE_HIGH,17,r17-t029-9d527876,1789128219541533092,1789128219873190754,0.0,406,0,0.0,False,False,False,False
B1_RL2_TC,ATTACK_DIVERSE_HIGH,17,r17-t030-afb819ac,1789128219885209805,1789128220256515731,0.0,406,0,0.0,False,False,False,False
B1_RL2_TC,ATTACK_DIVERSE_HIGH,17,r17-t031-87a67a58,1789128220268867925,1789128220573714851,0.0,406,0,0.0,False,False,False,False
B1_RL2_TC,ATTACK_DIVERSE_HIGH,17,r17-t032-b8aa127e,1789128220585507972,1789128220893526491,0.0,406,0,0.0,False,False,False,False
B1_RL2_TC,ATTACK_DIVERSE_HIGH,17,r17-t033-889676bb,1789128220904364411,1789128221263681553,0.0,406,0,0.0,False,False,False,False
B1_RL2_TC,ATTACK_DIVERSE_HIGH,17,r17-t034-2371ca06,1789128221274914567,1789128221616261359,0.0,406,0,0.0,False,False,False,False
B1_RL2_TC,ATTACK_DIVERSE_HIGH,17,r17-t035-dd93b56a,1789128221627841941,1789128221946812098,0.0,406,0,0.0,False,False,False,False
B1_RL2_TC,ATTACK_DIVERSE_HIGH,17,r17-t036-a8dcd809,1789128221958120076,1789128222245404192,0.0,406,0,0.0,False,False,False,False
B1_RL2_TC,ATTACK_DIVERSE_HIGH,17,r17-t037-27e0351d,1789128222257192504,1789128222625468844,0.0,406,0,0.0,False,False,False,False
B1_RL2_TC,ATTACK_DIVERSE_HIGH,17,r17-t038-04bd675b,1789128222636699877,1789128222912864039,0.0,406,0,0.0,False,False,False,False
B1_RL2_TC,ATTACK_DIVERSE_HIGH,17,r17-t039-aa25810c,1789128222924104119,1789128223278558795,0.0,406,0,0.0,False,False,False,False
B1_RL2_TC,ATTACK_DIVERSE_HIGH,17,r17-t040-5a01d32d,1789128223289254656,1789128223627786901,0.0,406,0,0.0,False,False,False,False
B1_RL2_TC,ATTACK_DIVERSE_HIGH,17,r17-t041-d019374a,1789128223638335009,1789128223989021845,0.0,406,0,0.0,False,False,False,False
B1_RL2_TC,ATTACK_DIVERSE_HIGH,17,r17-t042-ac1294de,1789128224005356466,1789128224350079321,0.0,406,0,0.0,False,False,False,False
B1_RL2_TC,ATTACK_DIVERSE_HIGH,17,r17-t043-a0260f5f,1789128224361372635,1789128224666918268,0.0,406,0,0.0,False,False,False,False
B1_RL2_TC,ATTACK_DIVERSE_HIGH,17,r17-t044-336a9b95,1789128224677995048,1789128224995179216,0.0,406,0,0.0,False,False,False,False
B1_RL2_TC,ATTACK_DIVERSE_HIGH,17,r17-t045-4d22c1b3,1789128225007357826,1789128225343423528,0.0,406,0,0.0,False,False,False,False
B1_RL2_TC,ATTACK_DIVERSE_HIGH,17,r17-t046-837a1846,1789128225354587408,1789128225693685053,0.0,406,0,0.0,False,False,False,False
B1_RL2_TC,ATTACK_DIVERSE_HIGH,17,r17-t047-3dcb4d99,1789128225704992572,1789128226034058911,0.0,406,0,0.0,False,False,False,False
B1_RL2_TC,ATTACK_DIVERSE_HIGH,17,r17-t048-28c1243e,1789128226044708978,1789128226366745581,0.0,406,0,0.0,False,False,False,False
B1_RL2_TC,ATTACK_DIVERSE_HIGH,17,r17-t049-5e546945,1789128226378504767,1789128226724673548,0.0,406,0,0.0,False,False,False,False
B1_RL2_TC,BENIGN_DIVERSE_HIGH,17,r17-t000-2cb1eecd,1789128241364437891,1789128242550200718,0.0,400,0,0.0,False,False,False,False
B1_RL2_TC,BENIGN_DIVERSE_HIGH,17,r17-t001-a5e06a43,1789128242561204134,1789128242946914349,0.0,403,0,0.0,False,False,False,False
B1_RL2_TC,BENIGN_DIVERSE_HIGH,17,r17-t002-7f9f693f,1789128242959047156,1789128243348866941,0.0,404,0,0.0,False,False,False,False
B1_RL2_TC,BENIGN_DIVERSE_HIGH,17,r17-t003-0a99f96c,1789128243361175128,1789128243797995473,0.0,405,0,0.0,False,False,False,False
B1_RL2_TC,BENIGN_DIVERSE_HIGH,17,r17-t004-e0a02669,1789128243808530350,1789128244235932419,0.0,405,0,0.0,False,False,False,False
B1_RL2_TC,BENIGN_DIVERSE_HIGH,17,r17-t005-1f765666,1789128244247104590,1789128244654910801,0.0,405,0,0.0,False,False,False,False
B1_RL2_TC,BENIGN_DIVERSE_HIGH,17,r17-t006-2b6303d6,1789128244665949735,1789128245037477972,0.0,405,0,0.0,False,False,False,False
B1_RL2_TC,BENIGN_DIVERSE_HIGH,17,r17-t007-f85abf32,1789128245049650345,1789128245460028924,0.0,405,0,0.0,False,False,False,False
B1_RL2_TC,BENIGN_DIVERSE_HIGH,17,r17-t008-a8448294,1789128245470593153,1789128245867312029,0.0,405,0,0.0,False,False,False,False
B1_RL2_TC,BENIGN_DIVERSE_HIGH,17,r17-t009-ec192768,1789128245879116067,1789128246236035836,0.0,405,0,0.0,False,False,False,False
B1_RL2_TC,BENIGN_DIVERSE_HIGH,17,r17-t010-252f7d02,1789128246247566130,1789128246638906736,0.0,405,0,0.0,False,False,False,False
B1_RL2_TC,BENIGN_DIVERSE_HIGH,17,r17-t011-934b1069,1789128246650371975,1789128247030672912,0.0,405,0,0.0,False,False,False,False
B1_RL2_TC,BENIGN_DIVERSE_HIGH,17,r17-t012-e52e8563,1789128247043271407,1789128247429363852,0.0,405,0,0.0,False,False,False,False
B1_RL2_TC,BENIGN_DIVERSE_HIGH,17,r17-t013-0c2180d4,1789128247441784311,1789128247854094576,0.0,405,0,0.0,False,False,False,False
B1_RL2_TC,BENIGN_DIVERSE_HIGH,17,r17-t014-e7ffae44,1789128247865249401,1789128248244946626,0.0,405,0,0.0,False,False,False,False
B1_RL2_TC,BENIGN_DIVERSE_HIGH,17,r17-t015-f294584a,1789128248256308183,1789128248647732231,0.0,405,0,0.0,False,False,False,False
B1_RL2_TC,BENIGN_DIVERSE_HIGH,17,r17-t016-24abca85,1789128248658487244,1789128249043249573,0.0,405,0,0.0,False,False,False,False
B1_RL2_TC,BENIGN_DIVERSE_HIGH,17,r17-t017-9f9f6379,1789128249054307220,1789128249451222816,0.0,405,0,0.0,False,False,False,False
B1_RL2_TC,BENIGN_DIVERSE_HIGH,17,r17-t018-de854473,1789128249462578668,1789128249884157778,0.0,405,0,0.0,False,False,False,False
B1_RL2_TC,BENIGN_DIVERSE_HIGH,17,r17-t019-a6f6874f,1789128249897037156,1789128250271711810,0.0,405,0,0.0,False,False,False,False
B1_RL2_TC,BENIGN_DIVERSE_HIGH,17,r17-t020-44d3747c,1789128250281730822,1789128250704595063,0.0,405,0,0.0,False,False,False,False
B1_RL2_TC,BENIGN_DIVERSE_HIGH,17,r17-t021-d192803e,1789128250715310705,1789128251115519662,0.0,405,0,0.0,False,False,False,False
B1_RL2_TC,BENIGN_DIVERSE_HIGH,17,r17-t022-76a9cf7f,1789128251126259510,1789128251523465306,0.0,405,0,0.0,False,False,False,False
B1_RL2_TC,BENIGN_DIVERSE_HIGH,17,r17-t023-58d909a6,1789128251535297948,1789128251910256397,0.0,405,0,0.0,False,False,False,False
B1_RL2_TC,BENIGN_DIVERSE_HIGH,17,r17-t024-b2f71b9a,1789128251921264406,1789128252322345281,0.0,405,0,0.0,False,False,False,False
B1_RL2_TC,BENIGN_DIVERSE_HIGH,17,r17-t025-4c6a4fb9,1789128252333823863,1789128252742042848,0.0,405,0,0.0,False,False,False,False
B1_RL2_TC,BENIGN_DIVERSE_HIGH,17,r17-t026-1a0549f8,1789128252754176051,1789128253128279253,0.0,405,0,0.0,False,False,False,False
B1_RL2_TC,BENIGN_DIVERSE_HIGH,17,r17-t027-a2cad0d3,1789128253139233667,1789128253541138989,0.0,405,0,0.0,False,False,False,False
B1_RL2_TC,BENIGN_DIVERSE_HIGH,17,r17-t028-6ec99895,1789128253552426742,1789128253967948293,0.0,405,0,0.0,False,False,False,False
B1_RL2_TC,BENIGN_DIVERSE_HIGH,17,r17-t029-9d527876,1789128253978544594,1789128254363913885,0.0,405,0,0.0,False,False,False,False
B1_RL2_TC,BENIGN_DIVERSE_HIGH,17,r17-t030-afb819ac,1789128254375383990,1789128254802438000,0.0,405,0,0.0,False,False,False,False
B1_RL2_TC,BENIGN_DIVERSE_HIGH,17,r17-t031-87a67a58,1789128254814706273,1789128255207031416,0.0,405,0,0.0,False,False,False,False
B1_RL2_TC,BENIGN_DIVERSE_HIGH,17,r17-t032-b8aa127e,1789128255218632352,1789128255618169072,0.0,405,0,0.0,False,False,False,False
B1_RL2_TC,BENIGN_DIVERSE_HIGH,17,r17-t033-889676bb,1789128255629568724,1789128256005664236,0.0,405,0,0.0,False,False,False,False
B1_RL2_TC,BENIGN_DIVERSE_HIGH,17,r17-t034-2371ca06,1789128256017109004,1789128256421357575,0.0,405,0,0.0,False,False,False,False
B1_RL2_TC,BENIGN_DIVERSE_HIGH,17,r17-t035-dd93b56a,1789128256433343411,1789128256826166703,0.0,405,0,0.0,False,False,False,False
B1_RL2_TC,BENIGN_DIVERSE_HIGH,17,r17-t036-a8dcd809,1789128256838167083,1789128257227094294,0.0,405,0,0.0,False,False,False,False
B1_RL2_TC,BENIGN_DIVERSE_HIGH,17,r17-t037-27e0351d,1789128257239281107,1789128257646678179,0.0,405,0,0.0,False,False,False,False
B1_RL2_TC,BENIGN_DIVERSE_HIGH,17,r17-t038-04bd675b,1789128257658400801,1789128258076991232,0.0,405,0,0.0,False,False,False,False
B1_RL2_TC,BENIGN_DIVERSE_HIGH,17,r17-t039-aa25810c,1789128258089118923,1789128258476084446,0.0,405,0,0.0,False,False,False,False
B1_RL2_TC,BENIGN_DIVERSE_HIGH,17,r17-t040-5a01d32d,1789128258487669652,1789128258911125817,0.0,405,0,0.0,False,False,False,False
B1_RL2_TC,BENIGN_DIVERSE_HIGH,17,r17-t041-d019374a,1789128258923525884,1789128259333405405,0.0,405,0,0.0,False,False,False,False
B1_RL2_TC,BENIGN_DIVERSE_HIGH,17,r17-t042-ac1294de,1789128259345874698,1789128259710241853,0.0,405,0,0.0,False,False,False,False
B1_RL2_TC,BENIGN_DIVERSE_HIGH,17,r17-t043-a0260f5f,1789128259721726287,1789128260120982227,0.0,405,0,0.0,False,False,False,False
B1_RL2_TC,BENIGN_DIVERSE_HIGH,17,r17-t044-336a9b95,1789128260132976752,1789128260530494363,0.0,405,0,0.0,False,False,False,False
B1_RL2_TC,BENIGN_DIVERSE_HIGH,17,r17-t045-4d22c1b3,1789128261477524627,1789128261896203647,0.0,298,0,0.0,False,False,False,False
B1_RL2_TC,BENIGN_DIVERSE_HIGH,17,r17-t046-837a1846,1789128261908613346,1789128262295087573,0.0,216,0,0.0,False,False,False,False
B1_RL2_TC,BENIGN_DIVERSE_HIGH,17,r17-t047-3dcb4d99,1789128262306181484,1789128262689967752,0.0,216,0,0.0,False,False,False,False
B1_RL2_TC,BENIGN_DIVERSE_HIGH,17,r17-t048-28c1243e,1789128262701496387,1789128263104704980,0.0,215,0,0.0,False,False,False,False
B1_RL2_TC,BENIGN_DIVERSE_HIGH,17,r17-t049-5e546945,1789128263116277342,1789128263512584280,0.0,249,0,0.0,False,False,False,False
RFC_DROP_NATIVE,ATTACK_DIVERSE_MODERATE,17,r17-t000-1552cd2c,1789128277952657037,1789128279975183314,0.0,20,0,0.0,False,False,False,False
RFC_DROP_NATIVE,ATTACK_DIVERSE_MODERATE,17,r17-t001-33590219,1789128277956418159,1789128279976534638,0.0,20,0,0.0,False,False,False,False
RFC_DROP_NATIVE,ATTACK_DIVERSE_MODERATE,17,r17-t002-e0043929,1789128277965756959,1789128279975003778,0.0,20,0,0.0,False,False,False,False
RFC_DROP_NATIVE,ATTACK_DIVERSE_MODERATE,17,r17-t003-f8d25acf,1789128277975464911,1789128279994636423,0.0,20,0,0.0,False,False,False,False
RFC_DROP_NATIVE,ATTACK_DIVERSE_MODERATE,17,r17-t004-462046b9,1789128277985702991,1789128279996539637,0.0,20,0,0.0,False,False,False,False
RFC_DROP_NATIVE,ATTACK_DIVERSE_MODERATE,17,r17-t005-37247c77,1789128277995574277,1789128280005657455,0.0,20,0,0.0,False,False,False,False
RFC_DROP_NATIVE,ATTACK_DIVERSE_MODERATE,17,r17-t006-c6a231e2,1789128278005473634,1789128280013439586,0.0,19,0,0.0,False,False,False,False
RFC_DROP_NATIVE,ATTACK_DIVERSE_MODERATE,17,r17-t007-6ac8d0f8,1789128278015246486,1789128280025374783,0.0,19,0,0.0,False,False,False,False
RFC_DROP_NATIVE,ATTACK_DIVERSE_MODERATE,17,r17-t008-aee6a466,1789128278025595436,1789128280035002103,0.0,19,0,0.0,False,False,False,False
RFC_DROP_NATIVE,ATTACK_DIVERSE_MODERATE,17,r17-t009-9bce9a7a,1789128278035386750,1789128280045392593,0.0,19,0,0.0,False,False,False,False
RFC_DROP_NATIVE,ATTACK_DIVERSE_MODERATE,17,r17-t010-22fd63a3,1789128278045593464,1789128280053552822,0.0,19,0,0.0,False,False,False,False
RFC_DROP_NATIVE,ATTACK_DIVERSE_MODERATE,17,r17-t011-dfb743b2,1789128278055230770,1789128280064699418,0.0,19,0,0.0,False,False,False,False
RFC_DROP_NATIVE,ATTACK_DIVERSE_MODERATE,17,r17-t012-98854547,1789128278066060963,1789128280076534768,0.0,19,0,0.0,False,False,False,False
RFC_DROP_NATIVE,ATTACK_DIVERSE_MODERATE,17,r17-t013-4ac924f2,1789128278075364440,1789128280085491889,0.0,19,0,0.0,False,False,False,False
RFC_DROP_NATIVE,ATTACK_DIVERSE_MODERATE,17,r17-t014-2492f168,1789128278085235632,1789128280093745937,0.0,18,0,0.0,False,False,False,False
RFC_DROP_NATIVE,ATTACK_DIVERSE_MODERATE,17,r17-t015-fce0ff40,1789128278095497827,1789128280105458174,0.0,18,0,0.0,False,False,False,False
RFC_DROP_NATIVE,ATTACK_DIVERSE_MODERATE,17,r17-t016-bcd2ff0b,1789128278105675247,1789128280116061357,0.0,17,0,0.0,False,False,False,False
RFC_DROP_NATIVE,ATTACK_DIVERSE_MODERATE,17,r17-t017-6fa2df9a,1789128278115212988,1789128280125241909,0.0,17,0,0.0,False,False,False,False
RFC_DROP_NATIVE,ATTACK_DIVERSE_MODERATE,17,r17-t018-35b812f0,1789128278125524354,1789128280135553840,0.0,17,0,0.0,False,False,False,False
RFC_DROP_NATIVE,ATTACK_DIVERSE_MODERATE,17,r17-t019-ede44cbe,1789128278135315573,1789128280145281196,0.0,17,0,0.0,False,False,False,False
RFC_DROP_NATIVE,ATTACK_DIVERSE_MODERATE,17,r17-t020-edc2daa5,1789128278146464240,1789128280157048537,0.0,17,0,0.0,False,False,False,False
RFC_DROP_NATIVE,ATTACK_DIVERSE_MODERATE,17,r17-t021-f71a5dff,1789128278156353707,1789128280165790611,0.0,17,0,0.0,False,False,False,False
RFC_DROP_NATIVE,ATTACK_DIVERSE_MODERATE,17,r17-t022-738354c4,1789128278166229796,1789128280176861096,0.0,16,0,0.0,False,False,False,False
RFC_DROP_NATIVE,ATTACK_DIVERSE_MODERATE,17,r17-t023-c69de808,1789128278176470421,1789128280185700284,0.0,16,0,0.0,False,False,False,False
RFC_DROP_NATIVE,ATTACK_DIVERSE_MODERATE,17,r17-t024-6be039e6,1789128278185845393,1789128280206322263,0.0,16,0,0.0,False,False,False,False
RFC_DROP_NATIVE,ATTACK_DIVERSE_MODERATE,17,r17-t025-e0a03880,1789128278195794106,1789128280205659128,0.0,16,0,0.0,False,False,False,False
RFC_DROP_NATIVE,ATTACK_DIVERSE_MODERATE,17,r17-t026-f55c2633,1789128278205825241,1789128280216038785,0.0,16,0,0.0,False,False,False,False
RFC_DROP_NATIVE,ATTACK_DIVERSE_MODERATE,17,r17-t027-1c4cec69,1789128278215476393,1789128280225602618,0.0,16,0,0.0,False,False,False,False
RFC_DROP_NATIVE,ATTACK_DIVERSE_MODERATE,17,r17-t028-f7366340,1789128278225545018,1789128280245675720,0.0,16,0,0.0,False,False,False,False
RFC_DROP_NATIVE,ATTACK_DIVERSE_MODERATE,17,r17-t029-1b111aec,1789128278237682923,1789128280256112177,0.0,16,0,0.0,False,False,False,False
RFC_DROP_NATIVE,ATTACK_DIVERSE_MODERATE,17,r17-t030-84f8e415,1789128278246545001,1789128280256926401,0.0,16,0,0.0,False,False,False,False
RFC_DROP_NATIVE,ATTACK_DIVERSE_MODERATE,17,r17-t031-7f2dc996,1789128278255446453,1789128280265223213,0.0,15,0,0.0,False,False,False,False
RFC_DROP_NATIVE,ATTACK_DIVERSE_MODERATE,17,r17-t032-8e3eaacd,1789128278265454793,1789128280274265016,0.0,15,0,0.0,False,False,False,False
RFC_DROP_NATIVE,ATTACK_DIVERSE_MODERATE,17,r17-t033-b2686c3b,1789128278275363380,1789128280294592069,0.0,15,0,0.0,False,False,False,False
RFC_DROP_NATIVE,ATTACK_DIVERSE_MODERATE,17,r17-t034-0519810a,1789128278285674745,1789128280305819766,0.0,15,0,0.0,False,False,False,False
RFC_DROP_NATIVE,ATTACK_DIVERSE_MODERATE,17,r17-t035-8c7821f5,1789128278295341062,1789128280305620637,0.0,15,0,0.0,False,False,False,False
RFC_DROP_NATIVE,ATTACK_DIVERSE_MODERATE,17,r17-t036-ea2bb999,1789128278305696794,1789128280316066420,0.0,15,0,0.0,False,False,False,False
RFC_DROP_NATIVE,ATTACK_DIVERSE_MODERATE,17,r17-t037-c7a96e62,1789128278315518062,1789128280325816570,0.0,15,0,0.0,False,False,False,False
RFC_DROP_NATIVE,ATTACK_DIVERSE_MODERATE,17,r17-t038-8862cdd8,1789128278325784498,1789128280335750214,0.0,15,0,0.0,False,False,False,False
RFC_DROP_NATIVE,ATTACK_DIVERSE_MODERATE,17,r17-t039-783ef649,1789128278336056113,1789128280345658518,0.0,14,0,0.0,False,False,False,False
RFC_DROP_NATIVE,ATTACK_DIVERSE_MODERATE,17,r17-t040-31168f71,1789128278345489861,1789128280353520995,0.0,14,0,0.0,False,False,False,False
RFC_DROP_NATIVE,ATTACK_DIVERSE_MODERATE,17,r17-t041-c3f3a467,1789128278355369247,1789128280364500394,0.0,14,0,0.0,False,False,False,False
RFC_DROP_NATIVE,ATTACK_DIVERSE_MODERATE,17,r17-t042-14d894f8,1789128278365729878,1789128280375898679,0.0,14,0,0.0,False,False,False,False
RFC_DROP_NATIVE,ATTACK_DIVERSE_MODERATE,17,r17-t043-2010806c,1789128278375413245,1789128280385506030,0.0,14,0,0.0,False,False,False,False
RFC_DROP_NATIVE,ATTACK_DIVERSE_MODERATE,17,r17-t044-e593c80c,1789128278385540834,1789128280393637246,0.0,14,0,0.0,False,False,False,False
RFC_DROP_NATIVE,ATTACK_DIVERSE_MODERATE,17,r17-t045-dbd45a41,1789128278395268097,1789128280405197265,0.0,14,0,0.0,False,False,False,False
RFC_DROP_NATIVE,ATTACK_DIVERSE_MODERATE,17,r17-t046-8b8b492b,1789128278405508063,1789128280415880043,0.0,14,0,0.0,False,False,False,False
RFC_DROP_NATIVE,ATTACK_DIVERSE_MODERATE,17,r17-t047-4c6d7e80,1789128278415154975,1789128280424993246,0.0,13,0,0.0,False,False,False,False
RFC_DROP_NATIVE,ATTACK_DIVERSE_MODERATE,17,r17-t048-00885fb7,1789128278425806008,1789128280446267713,0.0,12,0,0.0,False,False,False,False
RFC_DROP_NATIVE,ATTACK_DIVERSE_MODERATE,17,r17-t049-b3518b98,1789128278435755759,1789128280455600014,0.0,12,0,0.0,False,False,False,False
B0_OFF,ATTACK_DIVERSE_HIGH,17,r17-t000-2cb1eecd,1789128311301619145,1789128311538131830,0.0,400,0,0.0,False,False,False,False
B0_OFF,ATTACK_DIVERSE_HIGH,17,r17-t001-a5e06a43,1789128311549259351,1789128311847640875,0.0,401,0,0.0,False,False,False,False
B0_OFF,ATTACK_DIVERSE_HIGH,17,r17-t002-7f9f693f,1789128311858494418,1789128312197966314,0.0,402,0,0.0,False,False,False,False
B0_OFF,ATTACK_DIVERSE_HIGH,17,r17-t003-0a99f96c,1789128312209096363,1789128312552063184,0.0,403,0,0.0,False,False,False,False
B0_OFF,ATTACK_DIVERSE_HIGH,17,r17-t004-e0a02669,1789128312563267137,1789128312907218778,0.0,404,0,0.0,False,False,False,False
B0_OFF,ATTACK_DIVERSE_HIGH,17,r17-t005-1f765666,1789128312918833745,1789128313286989650,0.0,405,0,0.0,False,False,False,False
B0_OFF,ATTACK_DIVERSE_HIGH,17,r17-t006-2b6303d6,1789128313298089258,1789128313643242467,0.0,406,0,0.0,False,False,False,False
B0_OFF,ATTACK_DIVERSE_HIGH,17,r17-t007-f85abf32,1789128313654246065,1789128313967097262,0.0,406,0,0.0,False,False,False,False
B0_OFF,ATTACK_DIVERSE_HIGH,17,r17-t008-a8448294,1789128313978471128,1789128314299394222,0.0,406,0,0.0,False,False,False,False
B0_OFF,ATTACK_DIVERSE_HIGH,17,r17-t009-ec192768,1789128314310328225,1789128314647820082,0.0,406,0,0.0,False,False,False,False
B0_OFF,ATTACK_DIVERSE_HIGH,17,r17-t010-252f7d02,1789128314659566559,1789128314991875695,0.0,406,0,0.0,False,False,False,False
B0_OFF,ATTACK_DIVERSE_HIGH,17,r17-t011-934b1069,1789128315003587513,1789128315328041594,0.0,406,0,0.0,False,False,False,False
B0_OFF,ATTACK_DIVERSE_HIGH,17,r17-t012-e52e8563,1789128315339700304,1789128315711536595,0.0,406,0,0.0,False,False,False,False
B0_OFF,ATTACK_DIVERSE_HIGH,17,r17-t013-0c2180d4,1789128315722354637,1789128316057800701,0.0,406,0,0.0,False,False,False,False
B0_OFF,ATTACK_DIVERSE_HIGH,17,r17-t014-e7ffae44,1789128316070966335,1789128316401388070,0.0,406,0,0.0,False,False,False,False
B0_OFF,ATTACK_DIVERSE_HIGH,17,r17-t015-f294584a,1789128316416593878,1789128316725454026,0.0,406,0,0.0,False,False,False,False
B0_OFF,ATTACK_DIVERSE_HIGH,17,r17-t016-24abca85,1789128316737293762,1789128317078250038,0.0,406,0,0.0,False,False,False,False
B0_OFF,ATTACK_DIVERSE_HIGH,17,r17-t017-9f9f6379,1789128317089593400,1789128317445446980,0.0,406,0,0.0,False,False,False,False
B0_OFF,ATTACK_DIVERSE_HIGH,17,r17-t018-de854473,1789128317462760919,1789128317761271511,0.0,406,0,0.0,False,False,False,False
B0_OFF,ATTACK_DIVERSE_HIGH,17,r17-t019-a6f6874f,1789128317775210093,1789128318119493414,0.0,406,0,0.0,False,False,False,False
B0_OFF,ATTACK_DIVERSE_HIGH,17,r17-t020-44d3747c,1789128318130864692,1789128318477624708,0.0,406,0,0.0,False,False,False,False
B0_OFF,ATTACK_DIVERSE_HIGH,17,r17-t021-d192803e,1789128318489205307,1789128318829931020,0.0,405,0,0.0,False,False,False,False
B0_OFF,ATTACK_DIVERSE_HIGH,17,r17-t022-76a9cf7f,1789128318843923178,1789128319157443489,0.0,406,0,0.0,False,False,False,False
B0_OFF,ATTACK_DIVERSE_HIGH,17,r17-t023-58d909a6,1789128319168822098,1789128319493103771,0.0,406,0,0.0,False,False,False,False
B0_OFF,ATTACK_DIVERSE_HIGH,17,r17-t024-b2f71b9a,1789128319504539151,1789128319830689860,0.0,406,0,0.0,False,False,False,False
B0_OFF,ATTACK_DIVERSE_HIGH,17,r17-t025-4c6a4fb9,1789128319843920681,1789128320187382321,0.0,406,0,0.0,False,False,False,False
B0_OFF,ATTACK_DIVERSE_HIGH,17,r17-t026-1a0549f8,1789128320198950419,1789128320523908178,0.0,406,0,0.0,False,False,False,False
B0_OFF,ATTACK_DIVERSE_HIGH,17,r17-t027-a2cad0d3,1789128320536617342,1789128320873080130,0.0,406,0,0.0,False,False,False,False
B0_OFF,ATTACK_DIVERSE_HIGH,17,r17-t028-6ec99895,1789128320886044295,1789128321232144203,0.0,406,0,0.0,False,False,False,False
B0_OFF,ATTACK_DIVERSE_HIGH,17,r17-t029-9d527876,1789128321242729236,1789128321563886794,0.0,406,0,0.0,False,False,False,False
B0_OFF,ATTACK_DIVERSE_HIGH,17,r17-t030-afb819ac,1789128321576435700,1789128321929287919,0.0,406,0,0.0,False,False,False,False
B0_OFF,ATTACK_DIVERSE_HIGH,17,r17-t031-87a67a58,1789128321941653730,1789128322271887557,0.0,406,0,0.0,False,False,False,False
B0_OFF,ATTACK_DIVERSE_HIGH,17,r17-t032-b8aa127e,1789128322283054777,1789128322629287873,0.0,406,0,0.0,False,False,False,False
B0_OFF,ATTACK_DIVERSE_HIGH,17,r17-t033-889676bb,1789128322641460341,1789128322969016046,0.0,406,0,0.0,False,False,False,False
B0_OFF,ATTACK_DIVERSE_HIGH,17,r17-t034-2371ca06,1789128322981624827,1789128323327043573,0.0,406,0,0.0,False,False,False,False
B0_OFF,ATTACK_DIVERSE_HIGH,17,r17-t035-dd93b56a,1789128323338558660,1789128323667386550,0.0,406,0,0.0,False,False,False,False
B0_OFF,ATTACK_DIVERSE_HIGH,17,r17-t036-a8dcd809,1789128323680006515,1789128324038849143,0.0,406,0,0.0,False,False,False,False
B0_OFF,ATTACK_DIVERSE_HIGH,17,r17-t037-27e0351d,1789128324052324344,1789128324387269251,0.0,406,0,0.0,False,False,False,False
B0_OFF,ATTACK_DIVERSE_HIGH,17,r17-t038-04bd675b,1789128324397982679,1789128324749232923,0.0,406,0,0.0,False,False,False,False
B0_OFF,ATTACK_DIVERSE_HIGH,17,r17-t039-aa25810c,1789128325577313329,1789128325904546541,0.0,260,0,0.0,False,False,False,False
B0_OFF,ATTACK_DIVERSE_HIGH,17,r17-t040-5a01d32d,1789128327044441335,1789128327374737622,0.0,52,0,0.0,False,False,False,False
B0_OFF,ATTACK_DIVERSE_HIGH,17,r17-t041-d019374a,1789128327385855699,1789128327722652120,0.0,119,0,0.0,False,False,False,False
B0_OFF,ATTACK_DIVERSE_HIGH,17,r17-t042-ac1294de,1789128327737273535,1789128328087273953,0.0,177,0,0.0,False,False,False,False
B0_OFF,ATTACK_DIVERSE_HIGH,17,r17-t043-a0260f5f,1789128328098803444,1789128328455256105,0.0,212,0,0.0,False,False,False,False
B0_OFF,ATTACK_DIVERSE_HIGH,17,r17-t044-336a9b95,1789128328466443852,1789128328797584555,0.0,286,0,0.0,False,False,False,False
B0_OFF,ATTACK_DIVERSE_HIGH,17,r17-t045-4d22c1b3,1789128328809548181,1789128329124278800,0.0,356,0,0.0,False,False,False,False
B0_OFF,ATTACK_DIVERSE_HIGH,17,r17-t046-837a1846,1789128329135928963,1789128329460674648,0.0,406,0,0.0,False,False,False,False
B0_OFF,ATTACK_DIVERSE_HIGH,17,r17-t047-3dcb4d99,1789128329472174822,1789128329811595091,0.0,406,0,0.0,False,False,False,False
B0_OFF,ATTACK_DIVERSE_HIGH,17,r17-t048-28c1243e,1789128329823314923,1789128330182067788,0.0,406,0,0.0,False,False,False,False
B0_OFF,ATTACK_DIVERSE_HIGH,17,r17-t049-5e546945,1789128330194537669,1789128330499932187,0.0,406,0,0.0,False,False,False,False
B0_OFF,BENIGN_DIVERSE_MODERATE,17,r17-t000-1552cd2c,1789128342757432055,1789128343129243899,0.0,24,0,0.0,False,False,False,False
B0_OFF,BENIGN_DIVERSE_MODERATE,17,r17-t001-33590219,1789128343139278368,1789128343483559893,0.0,25,0,0.0,False,False,False,False
B0_OFF,BENIGN_DIVERSE_MODERATE,17,r17-t002-e0043929,1789128343493405345,1789128343827720982,0.0,26,0,0.0,False,False,False,False
B0_OFF,BENIGN_DIVERSE_MODERATE,17,r17-t003-f8d25acf,1789128343838197114,1789128344192456861,0.0,27,0,0.0,False,False,False,False
B0_OFF,BENIGN_DIVERSE_MODERATE,17,r17-t004-462046b9,1789128344202411351,1789128344557674955,0.0,28,0,0.0,False,False,False,False
B0_OFF,BENIGN_DIVERSE_MODERATE,17,r17-t005-37247c77,1789128344568975177,1789128344884168553,0.0,29,0,0.0,False,False,False,False
B0_OFF,BENIGN_DIVERSE_MODERATE,17,r17-t006-c6a231e2,1789128344894296364,1789128345218095785,0.0,30,0,0.0,False,False,False,False
B0_OFF,BENIGN_DIVERSE_MODERATE,17,r17-t007-6ac8d0f8,1789128345229691913,1789128345602161722,0.0,30,0,0.0,False,False,False,False
B0_OFF,BENIGN_DIVERSE_MODERATE,17,r17-t008-aee6a466,1789128345614292950,1789128345955714171,0.0,30,0,0.0,False,False,False,False
B0_OFF,BENIGN_DIVERSE_MODERATE,17,r17-t009-9bce9a7a,1789128345966456686,1789128346317122296,0.0,30,0,0.0,False,False,False,False
B0_OFF,BENIGN_DIVERSE_MODERATE,17,r17-t010-22fd63a3,1789128346329433664,1789128346657664954,0.0,30,0,0.0,False,False,False,False
B0_OFF,BENIGN_DIVERSE_MODERATE,17,r17-t011-dfb743b2,1789128346668796808,1789128346998474367,0.0,30,0,0.0,False,False,False,False
B0_OFF,BENIGN_DIVERSE_MODERATE,17,r17-t012-98854547,1789128347009343111,1789128347350315941,0.0,30,0,0.0,False,False,False,False
B0_OFF,BENIGN_DIVERSE_MODERATE,17,r17-t013-4ac924f2,1789128347360377319,1789128347697792545,0.0,30,0,0.0,False,False,False,False
B0_OFF,BENIGN_DIVERSE_MODERATE,17,r17-t014-2492f168,1789128347709906394,1789128348051313227,0.0,30,0,0.0,False,False,False,False
B0_OFF,BENIGN_DIVERSE_MODERATE,17,r17-t015-fce0ff40,1789128348062109559,1789128348403001101,0.0,30,0,0.0,False,False,False,False
B0_OFF,BENIGN_DIVERSE_MODERATE,17,r17-t016-bcd2ff0b,1789128348413201882,1789128348786664618,0.0,30,0,0.0,False,False,False,False
B0_OFF,BENIGN_DIVERSE_MODERATE,17,r17-t017-6fa2df9a,1789128348797925599,1789128349142193670,0.0,30,0,0.0,False,False,False,False
B0_OFF,BENIGN_DIVERSE_MODERATE,17,r17-t018-35b812f0,1789128349152266540,1789128349486976190,0.0,30,0,0.0,False,False,False,False
B0_OFF,BENIGN_DIVERSE_MODERATE,17,r17-t019-ede44cbe,1789128349497438400,1789128349814982303,0.0,30,0,0.0,False,False,False,False
B0_OFF,BENIGN_DIVERSE_MODERATE,17,r17-t020-edc2daa5,1789128349826119017,1789128350135667560,0.0,30,0,0.0,False,False,False,False
B0_OFF,BENIGN_DIVERSE_MODERATE,17,r17-t021-f71a5dff,1789128350145267371,1789128350485660909,0.0,30,0,0.0,False,False,False,False
B0_OFF,BENIGN_DIVERSE_MODERATE,17,r17-t022-738354c4,1789128350497198551,1789128350836148271,0.0,30,0,0.0,False,False,False,False
B0_OFF,BENIGN_DIVERSE_MODERATE,17,r17-t023-c69de808,1789128350848767867,1789128351188063244,0.0,30,0,0.0,False,False,False,False
B0_OFF,BENIGN_DIVERSE_MODERATE,17,r17-t024-6be039e6,1789128351198273599,1789128351581496239,0.0,30,0,0.0,False,False,False,False
B0_OFF,BENIGN_DIVERSE_MODERATE,17,r17-t025-e0a03880,1789128351593336598,1789128351918270127,0.0,30,0,0.0,False,False,False,False
B0_OFF,BENIGN_DIVERSE_MODERATE,17,r17-t026-f55c2633,1789128351929653860,1789128352294722148,0.0,30,0,0.0,False,False,False,False
B0_OFF,BENIGN_DIVERSE_MODERATE,17,r17-t027-1c4cec69,1789128352305618435,1789128352661401968,0.0,30,0,0.0,False,False,False,False
B0_OFF,BENIGN_DIVERSE_MODERATE,17,r17-t028-f7366340,1789128352673714412,1789128353010620341,0.0,30,0,0.0,False,False,False,False
B0_OFF,BENIGN_DIVERSE_MODERATE,17,r17-t029-1b111aec,1789128353021307871,1789128353370331341,0.0,30,0,0.0,False,False,False,False
B0_OFF,BENIGN_DIVERSE_MODERATE,17,r17-t030-84f8e415,1789128353380686460,1789128353724297695,0.0,30,0,0.0,False,False,False,False
B0_OFF,BENIGN_DIVERSE_MODERATE,17,r17-t031-7f2dc996,1789128353735501133,1789128354080574140,0.0,30,0,0.0,False,False,False,False
B0_OFF,BENIGN_DIVERSE_MODERATE,17,r17-t032-8e3eaacd,1789128354091965978,1789128354428609147,0.0,30,0,0.0,False,False,False,False
B0_OFF,BENIGN_DIVERSE_MODERATE,17,r17-t033-b2686c3b,1789128354439035328,1789128354746620413,0.0,30,0,0.0,False,False,False,False
B0_OFF,BENIGN_DIVERSE_MODERATE,17,r17-t034-0519810a,1789128354757598317,1789128355098103827,0.0,30,0,0.0,False,False,False,False
B0_OFF,BENIGN_DIVERSE_MODERATE,17,r17-t035-8c7821f5,1789128355108202123,1789128355465940624,0.0,30,0,0.0,False,False,False,False
B0_OFF,BENIGN_DIVERSE_MODERATE,17,r17-t036-ea2bb999,1789128355477732730,1789128355813408641,0.0,30,0,0.0,False,False,False,False
B0_OFF,BENIGN_DIVERSE_MODERATE,17,r17-t037-c7a96e62,1789128355824992648,1789128356182041449,0.0,30,0,0.0,False,False,False,False
B0_OFF,BENIGN_DIVERSE_MODERATE,17,r17-t038-8862cdd8,1789128356192515979,1789128356553614295,0.0,30,0,0.0,False,False,False,False
B0_OFF,BENIGN_DIVERSE_MODERATE,17,r17-t039-783ef649,1789128357402827339,1789128357738725201,0.0,21,0,0.0,False,False,False,False
B0_OFF,BENIGN_DIVERSE_MODERATE,17,r17-t040-31168f71,1789128358870312781,1789128359228492548,0.0,4,0,0.0,False,False,False,False
B0_OFF,BENIGN_DIVERSE_MODERATE,17,r17-t041-c3f3a467,1789128359239550184,1789128359589418485,0.0,8,0,0.0,False,False,False,False
B0_OFF,BENIGN_DIVERSE_MODERATE,17,r17-t042-14d894f8,1789128359599592179,1789128359914066540,0.0,13,0,0.0,False,False,False,False
B0_OFF,BENIGN_DIVERSE_MODERATE,17,r17-t043-2010806c,1789128359924323455,1789128360257861369,0.0,14,0,0.0,False,False,False,False
B0_OFF,BENIGN_DIVERSE_MODERATE,17,r17-t044-e593c80c,1789128360268190288,1789128360614986348,0.0,19,0,0.0,False,False,False,False
B0_OFF,BENIGN_DIVERSE_MODERATE,17,r17-t045-dbd45a41,1789128360625428193,1789128360954254460,0.0,24,0,0.0,False,False,False,False
B0_OFF,BENIGN_DIVERSE_MODERATE,17,r17-t046-8b8b492b,1789128360965127658,1789128361294595585,0.0,30,0,0.0,False,False,False,False
B0_OFF,BENIGN_DIVERSE_MODERATE,17,r17-t047-4c6d7e80,1789128361305722887,1789128361653567762,0.0,30,0,0.0,False,False,False,False
B0_OFF,BENIGN_DIVERSE_MODERATE,17,r17-t048-00885fb7,1789128361663033036,1789128362020773502,0.0,30,0,0.0,False,False,False,False
B0_OFF,BENIGN_DIVERSE_MODERATE,17,r17-t049-b3518b98,1789128362032458454,1789128362358369227,0.0,30,0,0.0,False,False,False,False
B5_LOCKED_TC,ATTACK_DIVERSE_HIGH,17,r17-t000-2cb1eecd,1789128374650158296,1789128374934058722,0.0,400,0,0.0,False,False,False,False
B5_LOCKED_TC,ATTACK_DIVERSE_HIGH,17,r17-t001-a5e06a43,1789128374945205953,1789128375230630900,0.0,401,0,0.0,False,False,False,False
B5_LOCKED_TC,ATTACK_DIVERSE_HIGH,17,r17-t002-7f9f693f,1789128375242149678,1789128375598556458,0.0,402,0,0.0,False,False,False,False
B5_LOCKED_TC,ATTACK_DIVERSE_HIGH,17,r17-t003-0a99f96c,1789128375609312741,1789128375917165342,0.0,403,0,0.0,False,False,False,False
B5_LOCKED_TC,ATTACK_DIVERSE_HIGH,17,r17-t004-e0a02669,1789128375929108342,1789128376254536749,0.0,404,0,0.0,False,False,False,False
B5_LOCKED_TC,ATTACK_DIVERSE_HIGH,17,r17-t005-1f765666,1789128376265401573,1789128376609377665,0.0,405,0,0.0,False,False,False,False
B5_LOCKED_TC,ATTACK_DIVERSE_HIGH,17,r17-t006-2b6303d6,1789128376620448713,1789128376989670952,0.0,406,0,0.0,False,False,False,False
B5_LOCKED_TC,ATTACK_DIVERSE_HIGH,17,r17-t007-f85abf32,1789128377002065699,1789128377338358865,0.0,406,0,0.0,False,False,False,False
B5_LOCKED_TC,ATTACK_DIVERSE_HIGH,17,r17-t008-a8448294,1789128377349175208,1789128377690933915,0.0,406,0,0.0,False,False,False,False
B5_LOCKED_TC,ATTACK_DIVERSE_HIGH,17,r17-t009-ec192768,1789128377703276047,1789128378030305202,0.0,406,0,0.0,False,False,False,False
B5_LOCKED_TC,ATTACK_DIVERSE_HIGH,17,r17-t010-252f7d02,1789128378041805750,1789128378370636578,0.0,406,0,0.0,False,False,False,False
B5_LOCKED_TC,ATTACK_DIVERSE_HIGH,17,r17-t011-934b1069,1789128378381765985,1789128378747591203,0.0,406,0,0.0,False,False,False,False
B5_LOCKED_TC,ATTACK_DIVERSE_HIGH,17,r17-t012-e52e8563,1789128378758442655,1789128379076410453,0.0,406,0,0.0,False,False,False,False
B5_LOCKED_TC,ATTACK_DIVERSE_HIGH,17,r17-t013-0c2180d4,1789128379088892174,1789128379443781603,0.0,406,0,0.0,False,False,False,False
B5_LOCKED_TC,ATTACK_DIVERSE_HIGH,17,r17-t014-e7ffae44,1789128379454788081,1789128379796540576,0.0,406,0,0.0,False,False,False,False
B5_LOCKED_TC,ATTACK_DIVERSE_HIGH,17,r17-t015-f294584a,1789128379808026156,1789128380121813991,0.0,406,0,0.0,False,False,False,False
B5_LOCKED_TC,ATTACK_DIVERSE_HIGH,17,r17-t016-24abca85,1789128380133432762,1789128380489589602,0.0,406,0,0.0,False,False,False,False
B5_LOCKED_TC,ATTACK_DIVERSE_HIGH,17,r17-t017-9f9f6379,1789128380500370271,1789128380854777961,0.0,406,0,0.0,False,False,False,False
B5_LOCKED_TC,ATTACK_DIVERSE_HIGH,17,r17-t018-de854473,1789128380865213940,1789128381216930087,0.0,406,0,0.0,False,False,False,False
B5_LOCKED_TC,ATTACK_DIVERSE_HIGH,17,r17-t019-a6f6874f,1789128381229061751,1789128381572987247,0.0,406,0,0.0,False,False,False,False
B5_LOCKED_TC,ATTACK_DIVERSE_HIGH,17,r17-t020-44d3747c,1789128381586613355,1789128381928659148,0.0,406,0,0.0,False,False,False,False
B5_LOCKED_TC,ATTACK_DIVERSE_HIGH,17,r17-t021-d192803e,1789128381939572348,1789128382282806392,0.0,406,0,0.0,False,False,False,False
B5_LOCKED_TC,ATTACK_DIVERSE_HIGH,17,r17-t022-76a9cf7f,1789128382294834235,1789128382628613568,0.0,406,0,0.0,False,False,False,False
B5_LOCKED_TC,ATTACK_DIVERSE_HIGH,17,r17-t023-58d909a6,1789128382640013777,1789128383004776120,0.0,406,0,0.0,False,False,False,False
B5_LOCKED_TC,ATTACK_DIVERSE_HIGH,17,r17-t024-b2f71b9a,1789128383016020737,1789128383346474304,0.0,406,0,0.0,False,False,False,False
B5_LOCKED_TC,ATTACK_DIVERSE_HIGH,17,r17-t025-4c6a4fb9,1789128383357725322,1789128383698738454,0.0,406,0,0.0,False,False,False,False
B5_LOCKED_TC,ATTACK_DIVERSE_HIGH,17,r17-t026-1a0549f8,1789128383710351295,1789128384059235086,0.0,406,0,0.0,False,False,False,False
B5_LOCKED_TC,ATTACK_DIVERSE_HIGH,17,r17-t027-a2cad0d3,1789128384070407320,1789128384400558740,0.0,406,0,0.0,False,False,False,False
B5_LOCKED_TC,ATTACK_DIVERSE_HIGH,17,r17-t028-6ec99895,1789128384411887318,1789128384770837156,0.0,406,0,0.0,False,False,False,False
B5_LOCKED_TC,ATTACK_DIVERSE_HIGH,17,r17-t029-9d527876,1789128384781931012,1789128385141105699,0.0,406,0,0.0,False,False,False,False
B5_LOCKED_TC,ATTACK_DIVERSE_HIGH,17,r17-t030-afb819ac,1789128385152429676,1789128385518170715,0.0,406,0,0.0,False,False,False,False
B5_LOCKED_TC,ATTACK_DIVERSE_HIGH,17,r17-t031-87a67a58,1789128385529719266,1789128385820667075,0.0,406,0,0.0,False,False,False,False
B5_LOCKED_TC,ATTACK_DIVERSE_HIGH,17,r17-t032-b8aa127e,1789128385831443425,1789128386154777224,0.0,406,0,0.0,False,False,False,False
B5_LOCKED_TC,ATTACK_DIVERSE_HIGH,17,r17-t033-889676bb,1789128386166180225,1789128386539623838,0.0,406,0,0.0,False,False,False,False
B5_LOCKED_TC,ATTACK_DIVERSE_HIGH,17,r17-t034-2371ca06,1789128386552221412,1789128386864844074,0.0,406,0,0.0,False,False,False,False
B5_LOCKED_TC,ATTACK_DIVERSE_HIGH,17,r17-t035-dd93b56a,1789128386875795104,1789128387192694666,0.0,406,0,0.0,False,False,False,False
B5_LOCKED_TC,ATTACK_DIVERSE_HIGH,17,r17-t036-a8dcd809,1789128387204492037,1789128387536621691,0.0,406,0,0.0,False,False,False,False
B5_LOCKED_TC,ATTACK_DIVERSE_HIGH,17,r17-t037-27e0351d,1789128387548377717,1789128387859290408,0.0,406,0,0.0,False,False,False,False
B5_LOCKED_TC,ATTACK_DIVERSE_HIGH,17,r17-t038-04bd675b,1789128387870367914,1789128388190498549,0.0,406,0,0.0,False,False,False,False
B5_LOCKED_TC,ATTACK_DIVERSE_HIGH,17,r17-t039-aa25810c,1789128388201012079,1789128388526783325,0.0,406,0,0.0,False,False,False,False
B5_LOCKED_TC,ATTACK_DIVERSE_HIGH,17,r17-t040-5a01d32d,1789128389326245552,1789128389677055119,0.0,292,0,0.0,False,False,False,False
B5_LOCKED_TC,ATTACK_DIVERSE_HIGH,17,r17-t041-d019374a,1789128390813981368,1789128391140721391,0.0,51,0,0.0,False,False,False,False
B5_LOCKED_TC,ATTACK_DIVERSE_HIGH,17,r17-t042-ac1294de,1789128391152301609,1789128391473094789,0.0,97,0,0.0,False,False,False,False
B5_LOCKED_TC,ATTACK_DIVERSE_HIGH,17,r17-t043-a0260f5f,1789128391485374668,1789128391836999004,0.0,164,0,0.0,False,False,False,False
B5_LOCKED_TC,ATTACK_DIVERSE_HIGH,17,r17-t044-336a9b95,1789128391849429134,1789128392183457534,0.0,187,0,0.0,False,False,False,False
B5_LOCKED_TC,ATTACK_DIVERSE_HIGH,17,r17-t045-4d22c1b3,1789128392194666873,1789128392549779181,0.0,257,0,0.0,False,False,False,False
B5_LOCKED_TC,ATTACK_DIVERSE_HIGH,17,r17-t046-837a1846,1789128392562270012,1789128392884038265,0.0,332,0,0.0,False,False,False,False
B5_LOCKED_TC,ATTACK_DIVERSE_HIGH,17,r17-t047-3dcb4d99,1789128392894537982,1789128393245023183,0.0,399,0,0.0,False,False,False,False
B5_LOCKED_TC,ATTACK_DIVERSE_HIGH,17,r17-t048-28c1243e,1789128393256953138,1789128393589326630,0.0,406,0,0.0,False,False,False,False
B5_LOCKED_TC,ATTACK_DIVERSE_HIGH,17,r17-t049-5e546945,1789128393602434340,1789128393929111312,0.0,406,0,0.0,False,False,False,False
B5_LOCKED_TC,BENIGN_DIVERSE_HIGH,17,r17-t000-2cb1eecd,1789128407233181551,1789128408456668433,0.0,400,0,0.0,False,False,False,False
B5_LOCKED_TC,BENIGN_DIVERSE_HIGH,17,r17-t001-a5e06a43,1789128408469097533,1789128408897665008,0.0,403,0,0.0,False,False,False,False
B5_LOCKED_TC,BENIGN_DIVERSE_HIGH,17,r17-t002-7f9f693f,1789128408909575413,1789128409308521765,0.0,404,0,0.0,False,False,False,False
B5_LOCKED_TC,BENIGN_DIVERSE_HIGH,17,r17-t003-0a99f96c,1789128409319683177,1789128409719544141,0.0,405,0,0.0,False,False,False,False
B5_LOCKED_TC,BENIGN_DIVERSE_HIGH,17,r17-t004-e0a02669,1789128409730412341,1789128410118079497,0.0,405,0,0.0,False,False,False,False
B5_LOCKED_TC,BENIGN_DIVERSE_HIGH,17,r17-t005-1f765666,1789128410128969175,1789128410520957287,0.0,405,0,0.0,False,False,False,False
B5_LOCKED_TC,BENIGN_DIVERSE_HIGH,17,r17-t006-2b6303d6,1789128410533537450,1789128410891513964,0.0,405,0,0.0,False,False,False,False
B5_LOCKED_TC,BENIGN_DIVERSE_HIGH,17,r17-t007-f85abf32,1789128410904374700,1789128411280115476,0.0,405,0,0.0,False,False,False,False
B5_LOCKED_TC,BENIGN_DIVERSE_HIGH,17,r17-t008-a8448294,1789128411290982690,1789128411686991674,0.0,405,0,0.0,False,False,False,False
B5_LOCKED_TC,BENIGN_DIVERSE_HIGH,17,r17-t009-ec192768,1789128411698500643,1789128412098812032,0.0,405,0,0.0,False,False,False,False
B5_LOCKED_TC,BENIGN_DIVERSE_HIGH,17,r17-t010-252f7d02,1789128412110357959,1789128412502583071,0.0,405,0,0.0,False,False,False,False
B5_LOCKED_TC,BENIGN_DIVERSE_HIGH,17,r17-t011-934b1069,1789128412513296799,1789128412911412911,0.0,405,0,0.0,False,False,False,False
B5_LOCKED_TC,BENIGN_DIVERSE_HIGH,17,r17-t012-e52e8563,1789128412923056981,1789128413340150626,0.0,405,0,0.0,False,False,False,False
B5_LOCKED_TC,BENIGN_DIVERSE_HIGH,17,r17-t013-0c2180d4,1789128413350930256,1789128413740598625,0.0,405,0,0.0,False,False,False,False
B5_LOCKED_TC,BENIGN_DIVERSE_HIGH,17,r17-t014-e7ffae44,1789128413751927050,1789128414148769740,0.0,405,0,0.0,False,False,False,False
B5_LOCKED_TC,BENIGN_DIVERSE_HIGH,17,r17-t015-f294584a,1789128414160409191,1789128414553355156,0.0,405,0,0.0,False,False,False,False
B5_LOCKED_TC,BENIGN_DIVERSE_HIGH,17,r17-t016-24abca85,1789128414564438269,1789128414953335722,0.0,405,0,0.0,False,False,False,False
B5_LOCKED_TC,BENIGN_DIVERSE_HIGH,17,r17-t017-9f9f6379,1789128414966838401,1789128415376202707,0.0,405,0,0.0,False,False,False,False
B5_LOCKED_TC,BENIGN_DIVERSE_HIGH,17,r17-t018-de854473,1789128415387774748,1789128415783081262,0.0,405,0,0.0,False,False,False,False
B5_LOCKED_TC,BENIGN_DIVERSE_HIGH,17,r17-t019-a6f6874f,1789128415795858750,1789128416183652577,0.0,404,0,0.0,False,False,False,False
B5_LOCKED_TC,BENIGN_DIVERSE_HIGH,17,r17-t020-44d3747c,1789128416195253752,1789128416579072792,0.0,405,0,0.0,False,False,False,False
B5_LOCKED_TC,BENIGN_DIVERSE_HIGH,17,r17-t021-d192803e,1789128416590878456,1789128416982807061,0.0,404,0,0.0,False,False,False,False
B5_LOCKED_TC,BENIGN_DIVERSE_HIGH,17,r17-t022-76a9cf7f,1789128416994202613,1789128417421656819,0.0,405,0,0.0,False,False,False,False
B5_LOCKED_TC,BENIGN_DIVERSE_HIGH,17,r17-t023-58d909a6,1789128417434293925,1789128417847392136,0.0,405,0,0.0,False,False,False,False
B5_LOCKED_TC,BENIGN_DIVERSE_HIGH,17,r17-t024-b2f71b9a,1789128417858328363,1789128418276743040,0.0,405,0,0.0,False,False,False,False
B5_LOCKED_TC,BENIGN_DIVERSE_HIGH,17,r17-t025-4c6a4fb9,1789128418287749881,1789128418675052140,0.0,405,0,0.0,False,False,False,False
B5_LOCKED_TC,BENIGN_DIVERSE_HIGH,17,r17-t026-1a0549f8,1789128418686613837,1789128419121546015,0.0,405,0,0.0,False,False,False,False
B5_LOCKED_TC,BENIGN_DIVERSE_HIGH,17,r17-t027-a2cad0d3,1789128419133831615,1789128419537528513,0.0,405,0,0.0,False,False,False,False
B5_LOCKED_TC,BENIGN_DIVERSE_HIGH,17,r17-t028-6ec99895,1789128419548430054,1789128419962871246,0.0,405,0,0.0,False,False,False,False
B5_LOCKED_TC,BENIGN_DIVERSE_HIGH,17,r17-t029-9d527876,1789128419974638355,1789128420382928671,0.0,405,0,0.0,False,False,False,False
B5_LOCKED_TC,BENIGN_DIVERSE_HIGH,17,r17-t030-afb819ac,1789128421289661284,1789128421708906028,0.0,281,0,0.0,False,False,False,False
B5_LOCKED_TC,BENIGN_DIVERSE_HIGH,17,r17-t031-87a67a58,1789128422859109896,1789128423256143567,0.0,51,0,0.0,False,False,False,False
B5_LOCKED_TC,BENIGN_DIVERSE_HIGH,17,r17-t032-b8aa127e,1789128423267996713,1789128423686291174,0.0,113,0,0.0,False,False,False,False
B5_LOCKED_TC,BENIGN_DIVERSE_HIGH,17,r17-t033-889676bb,1789128423698800699,1789128424085952339,0.0,174,0,0.0,False,False,False,False
B5_LOCKED_TC,BENIGN_DIVERSE_HIGH,17,r17-t034-2371ca06,1789128424097707360,1789128424480271156,0.0,230,0,0.0,False,False,False,False
B5_LOCKED_TC,BENIGN_DIVERSE_HIGH,17,r17-t035-dd93b56a,1789128424491379053,1789128424881712097,0.0,310,0,0.0,False,False,False,False
B5_LOCKED_TC,BENIGN_DIVERSE_HIGH,17,r17-t036-a8dcd809,1789128424893094447,1789128425296877477,0.0,391,0,0.0,False,False,False,False
B5_LOCKED_TC,BENIGN_DIVERSE_HIGH,17,r17-t037-27e0351d,1789128425310109867,1789128425686542998,0.0,405,0,0.0,False,False,False,False
B5_LOCKED_TC,BENIGN_DIVERSE_HIGH,17,r17-t038-04bd675b,1789128425697371816,1789128426075707498,0.0,405,0,0.0,False,False,False,False
B5_LOCKED_TC,BENIGN_DIVERSE_HIGH,17,r17-t039-aa25810c,1789128426086572680,1789128426479250456,0.0,405,0,0.0,False,False,False,False
B5_LOCKED_TC,BENIGN_DIVERSE_HIGH,17,r17-t040-5a01d32d,1789128426490939932,1789128426880039174,0.0,405,0,0.0,False,False,False,False
B5_LOCKED_TC,BENIGN_DIVERSE_HIGH,17,r17-t041-d019374a,1789128426892497228,1789128427259904642,0.0,405,0,0.0,False,False,False,False
B5_LOCKED_TC,BENIGN_DIVERSE_HIGH,17,r17-t042-ac1294de,1789128427272129233,1789128427681752610,0.0,405,0,0.0,False,False,False,False
B5_LOCKED_TC,BENIGN_DIVERSE_HIGH,17,r17-t043-a0260f5f,1789128427693724282,1789128428090911328,0.0,405,0,0.0,False,False,False,False
B5_LOCKED_TC,BENIGN_DIVERSE_HIGH,17,r17-t044-336a9b95,1789128428101951039,1789128428502676473,0.0,405,0,0.0,False,False,False,False
B5_LOCKED_TC,BENIGN_DIVERSE_HIGH,17,r17-t045-4d22c1b3,1789128428514014774,1789128428914743882,0.0,405,0,0.0,False,False,False,False
B5_LOCKED_TC,BENIGN_DIVERSE_HIGH,17,r17-t046-837a1846,1789128428926082747,1789128429316746498,0.0,405,0,0.0,False,False,False,False
B5_LOCKED_TC,BENIGN_DIVERSE_HIGH,17,r17-t047-3dcb4d99,1789128429327760713,1789128429735479215,0.0,405,0,0.0,False,False,False,False
B5_LOCKED_TC,BENIGN_DIVERSE_HIGH,17,r17-t048-28c1243e,1789128429748377567,1789128430136925721,0.0,405,0,0.0,False,False,False,False
B5_LOCKED_TC,BENIGN_DIVERSE_HIGH,17,r17-t049-5e546945,1789128430148213466,1789128430566200678,0.0,405,0,0.0,False,False,False,False
B0_OFF,BENIGN_DIVERSE_HIGH,17,r17-t000-2cb1eecd,1789128444011616701,1789128444771775411,0.0,400,0,0.0,False,False,False,False
B0_OFF,BENIGN_DIVERSE_HIGH,17,r17-t001-a5e06a43,1789128444783085430,1789128445162565221,0.0,402,0,0.0,False,False,False,False
B0_OFF,BENIGN_DIVERSE_HIGH,17,r17-t002-7f9f693f,1789128445174238871,1789128445536094478,0.0,403,0,0.0,False,False,False,False
B0_OFF,BENIGN_DIVERSE_HIGH,17,r17-t003-0a99f96c,1789128445549062109,1789128445885216825,0.0,404,0,0.0,False,False,False,False
B0_OFF,BENIGN_DIVERSE_HIGH,17,r17-t004-e0a02669,1789128445896500917,1789128446228376425,0.0,405,0,0.0,False,False,False,False
B0_OFF,BENIGN_DIVERSE_HIGH,17,r17-t005-1f765666,1789128446240376035,1789128446586111200,0.0,406,0,0.0,False,False,False,False
B0_OFF,BENIGN_DIVERSE_HIGH,17,r17-t006-2b6303d6,1789128446598386046,1789128446944541298,0.0,406,0,0.0,False,False,False,False
B0_OFF,BENIGN_DIVERSE_HIGH,17,r17-t007-f85abf32,1789128446955842206,1789128447296834678,0.0,406,0,0.0,False,False,False,False
B0_OFF,BENIGN_DIVERSE_HIGH,17,r17-t008-a8448294,1789128447308179360,1789128447650467318,0.0,406,0,0.0,False,False,False,False
B0_OFF,BENIGN_DIVERSE_HIGH,17,r17-t009-ec192768,1789128447662469090,1789128448004136030,0.0,406,0,0.0,False,False,False,False
B0_OFF,BENIGN_DIVERSE_HIGH,17,r17-t010-252f7d02,1789128448016060304,1789128448372628571,0.0,406,0,0.0,False,False,False,False
B0_OFF,BENIGN_DIVERSE_HIGH,17,r17-t011-934b1069,1789128448384391647,1789128448759739993,0.0,406,0,0.0,False,False,False,False
B0_OFF,BENIGN_DIVERSE_HIGH,17,r17-t012-e52e8563,1789128448772692502,1789128449128418623,0.0,406,0,0.0,False,False,False,False
B0_OFF,BENIGN_DIVERSE_HIGH,17,r17-t013-0c2180d4,1789128449142705037,1789128449482401930,0.0,406,0,0.0,False,False,False,False
B0_OFF,BENIGN_DIVERSE_HIGH,17,r17-t014-e7ffae44,1789128449493832471,1789128449832379762,0.0,406,0,0.0,False,False,False,False
B0_OFF,BENIGN_DIVERSE_HIGH,17,r17-t015-f294584a,1789128449844103198,1789128450197128817,0.0,406,0,0.0,False,False,False,False
B0_OFF,BENIGN_DIVERSE_HIGH,17,r17-t016-24abca85,1789128450208748922,1789128450544483081,0.0,406,0,0.0,False,False,False,False
B0_OFF,BENIGN_DIVERSE_HIGH,17,r17-t017-9f9f6379,1789128450556286833,1789128450898426465,0.0,406,0,0.0,False,False,False,False
B0_OFF,BENIGN_DIVERSE_HIGH,17,r17-t018-de854473,1789128450910490986,1789128451248738055,0.0,406,0,0.0,False,False,False,False
B0_OFF,BENIGN_DIVERSE_HIGH,17,r17-t019-a6f6874f,1789128451260571961,1789128451608455936,0.0,406,0,0.0,False,False,False,False
B0_OFF,BENIGN_DIVERSE_HIGH,17,r17-t020-44d3747c,1789128451620725710,1789128451948841857,0.0,406,0,0.0,False,False,False,False
B0_OFF,BENIGN_DIVERSE_HIGH,17,r17-t021-d192803e,1789128451961958567,1789128452304434212,0.0,406,0,0.0,False,False,False,False
B0_OFF,BENIGN_DIVERSE_HIGH,17,r17-t022-76a9cf7f,1789128452316533865,1789128452664541460,0.0,406,0,0.0,False,False,False,False
B0_OFF,BENIGN_DIVERSE_HIGH,17,r17-t023-58d909a6,1789128453411291734,1789128453792701638,0.0,265,0,0.0,False,False,False,False
B0_OFF,BENIGN_DIVERSE_HIGH,17,r17-t024-b2f71b9a,1789128453804541372,1789128454124324915,0.0,257,0,0.0,False,False,False,False
B0_OFF,BENIGN_DIVERSE_HIGH,17,r17-t025-4c6a4fb9,1789128454136096269,1789128454480435099,0.0,257,0,0.0,False,False,False,False
B0_OFF,BENIGN_DIVERSE_HIGH,17,r17-t026-1a0549f8,1789128454491268660,1789128454824666936,0.0,257,0,0.0,False,False,False,False
B0_OFF,BENIGN_DIVERSE_HIGH,17,r17-t027-a2cad0d3,1789128454837114817,1789128455180338786,0.0,281,0,0.0,False,False,False,False
B0_OFF,BENIGN_DIVERSE_HIGH,17,r17-t028-6ec99895,1789128455191930437,1789128455523778626,0.0,353,0,0.0,False,False,False,False
B0_OFF,BENIGN_DIVERSE_HIGH,17,r17-t029-9d527876,1789128455536138633,1789128455889212124,0.0,406,0,0.0,False,False,False,False
B0_OFF,BENIGN_DIVERSE_HIGH,17,r17-t030-afb819ac,1789128455901721037,1789128456240842616,0.0,406,0,0.0,False,False,False,False
B0_OFF,BENIGN_DIVERSE_HIGH,17,r17-t031-87a67a58,1789128456252195887,1789128456588921509,0.0,406,0,0.0,False,False,False,False
B0_OFF,BENIGN_DIVERSE_HIGH,17,r17-t032-b8aa127e,1789128456599878074,1789128456913170900,0.0,406,0,0.0,False,False,False,False
B0_OFF,BENIGN_DIVERSE_HIGH,17,r17-t033-889676bb,1789128456926920504,1789128457268372111,0.0,406,0,0.0,False,False,False,False
B0_OFF,BENIGN_DIVERSE_HIGH,17,r17-t034-2371ca06,1789128457280536026,1789128457617474223,0.0,406,0,0.0,False,False,False,False
B0_OFF,BENIGN_DIVERSE_HIGH,17,r17-t035-dd93b56a,1789128457629883865,1789128457964937525,0.0,406,0,0.0,False,False,False,False
B0_OFF,BENIGN_DIVERSE_HIGH,17,r17-t036-a8dcd809,1789128457976409279,1789128458303970099,0.0,406,0,0.0,False,False,False,False
B0_OFF,BENIGN_DIVERSE_HIGH,17,r17-t037-27e0351d,1789128458316216898,1789128458657962454,0.0,406,0,0.0,False,False,False,False
B0_OFF,BENIGN_DIVERSE_HIGH,17,r17-t038-04bd675b,1789128458669059166,1789128459017108578,0.0,406,0,0.0,False,False,False,False
B0_OFF,BENIGN_DIVERSE_HIGH,17,r17-t039-aa25810c,1789128459029525944,1789128459352801845,0.0,406,0,0.0,False,False,False,False
B0_OFF,BENIGN_DIVERSE_HIGH,17,r17-t040-5a01d32d,1789128459363654809,1789128459712557249,0.0,406,0,0.0,False,False,False,False
B0_OFF,BENIGN_DIVERSE_HIGH,17,r17-t041-d019374a,1789128459723764910,1789128460059803457,0.0,406,0,0.0,False,False,False,False
B0_OFF,BENIGN_DIVERSE_HIGH,17,r17-t042-ac1294de,1789128460073256851,1789128460399596759,0.0,406,0,0.0,False,False,False,False
B0_OFF,BENIGN_DIVERSE_HIGH,17,r17-t043-a0260f5f,1789128460411341648,1789128460747235716,0.0,406,0,0.0,False,False,False,False
B0_OFF,BENIGN_DIVERSE_HIGH,17,r17-t044-336a9b95,1789128460758445543,1789128461109126562,0.0,406,0,0.0,False,False,False,False
B0_OFF,BENIGN_DIVERSE_HIGH,17,r17-t045-4d22c1b3,1789128461122203312,1789128461457759112,0.0,406,0,0.0,False,False,False,False
B0_OFF,BENIGN_DIVERSE_HIGH,17,r17-t046-837a1846,1789128461470746333,1789128461812609523,0.0,406,0,0.0,False,False,False,False
B0_OFF,BENIGN_DIVERSE_HIGH,17,r17-t047-3dcb4d99,1789128461824028098,1789128462140047497,0.0,406,0,0.0,False,False,False,False
B0_OFF,BENIGN_DIVERSE_HIGH,17,r17-t048-28c1243e,1789128462151902452,1789128462500160699,0.0,406,0,0.0,False,False,False,False
B0_OFF,BENIGN_DIVERSE_HIGH,17,r17-t049-5e546945,1789128462512016970,1789128462854083193,0.0,406,0,0.0,False,False,False,False
B5_LOCKED_TC,BENIGN_DIVERSE_MODERATE,17,r17-t000-1552cd2c,1789128477260529356,1789128477631916388,0.0,24,0,0.0,False,False,False,False
B5_LOCKED_TC,BENIGN_DIVERSE_MODERATE,17,r17-t001-33590219,1789128477642259107,1789128477969020307,0.0,25,0,0.0,False,False,False,False
B5_LOCKED_TC,BENIGN_DIVERSE_MODERATE,17,r17-t002-e0043929,1789128477979155451,1789128478333552037,0.0,26,0,0.0,False,False,False,False
B5_LOCKED_TC,BENIGN_DIVERSE_MODERATE,17,r17-t003-f8d25acf,1789128478345038596,1789128478683120538,0.0,27,0,0.0,False,False,False,False
B5_LOCKED_TC,BENIGN_DIVERSE_MODERATE,17,r17-t004-462046b9,1789128478692907930,1789128479015251389,0.0,28,0,0.0,False,False,False,False
B5_LOCKED_TC,BENIGN_DIVERSE_MODERATE,17,r17-t005-37247c77,1789128479025318369,1789128479349335626,0.0,29,0,0.0,False,False,False,False
B5_LOCKED_TC,BENIGN_DIVERSE_MODERATE,17,r17-t006-c6a231e2,1789128479360748805,1789128479701313446,0.0,30,0,0.0,False,False,False,False
B5_LOCKED_TC,BENIGN_DIVERSE_MODERATE,17,r17-t007-6ac8d0f8,1789128479711495245,1789128480084505737,0.0,30,0,0.0,False,False,False,False
B5_LOCKED_TC,BENIGN_DIVERSE_MODERATE,17,r17-t008-aee6a466,1789128480096875350,1789128480418057932,0.0,30,0,0.0,False,False,False,False
B5_LOCKED_TC,BENIGN_DIVERSE_MODERATE,17,r17-t009-9bce9a7a,1789128480428541649,1789128480778125306,0.0,30,0,0.0,False,False,False,False
B5_LOCKED_TC,BENIGN_DIVERSE_MODERATE,17,r17-t010-22fd63a3,1789128480788034491,1789128481125850506,0.0,30,0,0.0,False,False,False,False
B5_LOCKED_TC,BENIGN_DIVERSE_MODERATE,17,r17-t011-dfb743b2,1789128481138964042,1789128481462075543,0.0,30,0,0.0,False,False,False,False
B5_LOCKED_TC,BENIGN_DIVERSE_MODERATE,17,r17-t012-98854547,1789128481472162427,1789128481815433790,0.0,30,0,0.0,False,False,False,False
B5_LOCKED_TC,BENIGN_DIVERSE_MODERATE,17,r17-t013-4ac924f2,1789128481825910974,1789128482161628304,0.0,30,0,0.0,False,False,False,False
B5_LOCKED_TC,BENIGN_DIVERSE_MODERATE,17,r17-t014-2492f168,1789128482174799238,1789128482516802729,0.0,30,0,0.0,False,False,False,False
B5_LOCKED_TC,BENIGN_DIVERSE_MODERATE,17,r17-t015-fce0ff40,1789128482527768676,1789128482881900338,0.0,30,0,0.0,False,False,False,False
B5_LOCKED_TC,BENIGN_DIVERSE_MODERATE,17,r17-t016-bcd2ff0b,1789128482892515276,1789128483229890778,0.0,30,0,0.0,False,False,False,False
B5_LOCKED_TC,BENIGN_DIVERSE_MODERATE,17,r17-t017-6fa2df9a,1789128483242152130,1789128483577133188,0.0,30,0,0.0,False,False,False,False
B5_LOCKED_TC,BENIGN_DIVERSE_MODERATE,17,r17-t018-35b812f0,1789128483587725635,1789128483928228679,0.0,30,0,0.0,False,False,False,False
B5_LOCKED_TC,BENIGN_DIVERSE_MODERATE,17,r17-t019-ede44cbe,1789128483938460222,1789128484258238112,0.0,30,0,0.0,False,False,False,False
B5_LOCKED_TC,BENIGN_DIVERSE_MODERATE,17,r17-t020-edc2daa5,1789128484269647557,1789128484613374644,0.0,30,0,0.0,False,False,False,False
B5_LOCKED_TC,BENIGN_DIVERSE_MODERATE,17,r17-t021-f71a5dff,1789128484623511740,1789128484941004194,0.0,30,0,0.0,False,False,False,False
B5_LOCKED_TC,BENIGN_DIVERSE_MODERATE,17,r17-t022-738354c4,1789128484951469712,1789128485279417605,0.0,30,0,0.0,False,False,False,False
B5_LOCKED_TC,BENIGN_DIVERSE_MODERATE,17,r17-t023-c69de808,1789128485131224279,1789128485471247519,0.0,30,0,0.0,False,False,False,False
B5_LOCKED_TC,BENIGN_DIVERSE_MODERATE,17,r17-t024-6be039e6,1789128486617841350,1789128486948695408,0.0,17,0,0.0,False,False,False,False
B5_LOCKED_TC,BENIGN_DIVERSE_MODERATE,17,r17-t025-e0a03880,1789128486959282161,1789128487295014796,0.0,15,0,0.0,False,False,False,False
B5_LOCKED_TC,BENIGN_DIVERSE_MODERATE,17,r17-t026-f55c2633,1789128487304946474,1789128487656340522,0.0,15,0,0.0,False,False,False,False
B5_LOCKED_TC,BENIGN_DIVERSE_MODERATE,17,r17-t027-1c4cec69,1789128487666435806,1789128487998261231,0.0,14,0,0.0,False,False,False,False
B5_LOCKED_TC,BENIGN_DIVERSE_MODERATE,17,r17-t028-f7366340,1789128488008494827,1789128488347987400,0.0,19,0,0.0,False,False,False,False
B5_LOCKED_TC,BENIGN_DIVERSE_MODERATE,17,r17-t029-1b111aec,1789128488358788531,1789128488711184293,0.0,24,0,0.0,False,False,False,False
B5_LOCKED_TC,BENIGN_DIVERSE_MODERATE,17,r17-t030-84f8e415,1789128488722086229,1789128489068082611,0.0,29,0,0.0,False,False,False,False
B5_LOCKED_TC,BENIGN_DIVERSE_MODERATE,17,r17-t031-7f2dc996,1789128489078230204,1789128489414420797,0.0,30,0,0.0,False,False,False,False
B5_LOCKED_TC,BENIGN_DIVERSE_MODERATE,17,r17-t032-8e3eaacd,1789128489427408404,1789128489750920699,0.0,30,0,0.0,False,False,False,False
B5_LOCKED_TC,BENIGN_DIVERSE_MODERATE,17,r17-t033-b2686c3b,1789128489760924750,1789128490114371026,0.0,30,0,0.0,False,False,False,False
B5_LOCKED_TC,BENIGN_DIVERSE_MODERATE,17,r17-t034-0519810a,1789128490124703979,1789128490474287654,0.0,30,0,0.0,False,False,False,False
B5_LOCKED_TC,BENIGN_DIVERSE_MODERATE,17,r17-t035-8c7821f5,1789128490486512913,1789128490810544177,0.0,30,0,0.0,False,False,False,False
B5_LOCKED_TC,BENIGN_DIVERSE_MODERATE,17,r17-t036-ea2bb999,1789128490821438201,1789128491152549110,0.0,30,0,0.0,False,False,False,False
B5_LOCKED_TC,BENIGN_DIVERSE_MODERATE,17,r17-t037-c7a96e62,1789128491162281998,1789128491528494072,0.0,30,0,0.0,False,False,False,False
B5_LOCKED_TC,BENIGN_DIVERSE_MODERATE,17,r17-t038-8862cdd8,1789128491540395142,1789128491892125429,0.0,30,0,0.0,False,False,False,False
B5_LOCKED_TC,BENIGN_DIVERSE_MODERATE,17,r17-t039-783ef649,1789128491903562157,1789128492251286301,0.0,30,0,0.0,False,False,False,False
B5_LOCKED_TC,BENIGN_DIVERSE_MODERATE,17,r17-t040-31168f71,1789128492262015874,1789128492582650479,0.0,30,0,0.0,False,False,False,False
B5_LOCKED_TC,BENIGN_DIVERSE_MODERATE,17,r17-t041-c3f3a467,1789128492593715829,1789128492934873834,0.0,30,0,0.0,False,False,False,False
B5_LOCKED_TC,BENIGN_DIVERSE_MODERATE,17,r17-t042-14d894f8,1789128492945477103,1789128493286256289,0.0,30,0,0.0,False,False,False,False
B5_LOCKED_TC,BENIGN_DIVERSE_MODERATE,17,r17-t043-2010806c,1789128493298776730,1789128493635602707,0.0,30,0,0.0,False,False,False,False
B5_LOCKED_TC,BENIGN_DIVERSE_MODERATE,17,r17-t044-e593c80c,1789128493647339797,1789128493975017220,0.0,30,0,0.0,False,False,False,False
B5_LOCKED_TC,BENIGN_DIVERSE_MODERATE,17,r17-t045-dbd45a41,1789128493986231290,1789128494307487433,0.0,30,0,0.0,False,False,False,False
B5_LOCKED_TC,BENIGN_DIVERSE_MODERATE,17,r17-t046-8b8b492b,1789128494317682969,1789128494655812868,0.0,30,0,0.0,False,False,False,False
B5_LOCKED_TC,BENIGN_DIVERSE_MODERATE,17,r17-t047-4c6d7e80,1789128494665592378,1789128495021402649,0.0,30,0,0.0,False,False,False,False
B5_LOCKED_TC,BENIGN_DIVERSE_MODERATE,17,r17-t048-00885fb7,1789128495032643374,1789128495381244586,0.0,30,0,0.0,False,False,False,False
B5_LOCKED_TC,BENIGN_DIVERSE_MODERATE,17,r17-t049-b3518b98,1789128495393191336,1789128495715093695,0.0,30,0,0.0,False,False,False,False
RFC_DROP_NATIVE,BENIGN_DIVERSE_HIGH,17,r17-t000-2cb1eecd,1789128507841855385,1789128509853829943,0.0,400,0,0.0,False,False,False,False
RFC_DROP_NATIVE,BENIGN_DIVERSE_HIGH,17,r17-t001-a5e06a43,1789128507849604658,1789128509860147866,0.0,400,0,0.0,False,False,False,False
RFC_DROP_NATIVE,BENIGN_DIVERSE_HIGH,17,r17-t002-7f9f693f,1789128507858781339,1789128509868629749,0.0,400,0,0.0,False,False,False,False
RFC_DROP_NATIVE,BENIGN_DIVERSE_HIGH,17,r17-t003-0a99f96c,1789128507868523148,1789128509877015458,0.0,400,0,0.0,False,False,False,False
RFC_DROP_NATIVE,BENIGN_DIVERSE_HIGH,17,r17-t004-e0a02669,1789128507878629386,1789128509889044425,0.0,400,0,0.0,False,False,False,False
RFC_DROP_NATIVE,BENIGN_DIVERSE_HIGH,17,r17-t005-1f765666,1789128507889054640,1789128509899582647,0.0,400,0,0.0,False,False,False,False
RFC_DROP_NATIVE,BENIGN_DIVERSE_HIGH,17,r17-t006-2b6303d6,1789128507898878359,1789128509909186622,0.0,400,0,0.0,False,False,False,False
RFC_DROP_NATIVE,BENIGN_DIVERSE_HIGH,17,r17-t007-f85abf32,1789128507908678248,1789128509930045573,0.0,400,0,0.0,False,False,False,False
RFC_DROP_NATIVE,BENIGN_DIVERSE_HIGH,17,r17-t008-a8448294,1789128507919352804,1789128509929325911,0.0,400,0,0.0,False,False,False,False
RFC_DROP_NATIVE,BENIGN_DIVERSE_HIGH,17,r17-t009-ec192768,1789128507929101931,1789128509940804668,0.0,400,0,0.0,False,False,False,False
RFC_DROP_NATIVE,BENIGN_DIVERSE_HIGH,17,r17-t010-252f7d02,1789128507939075026,1789128509951232737,0.0,400,0,0.0,False,False,False,False
RFC_DROP_NATIVE,BENIGN_DIVERSE_HIGH,17,r17-t011-934b1069,1789128507948799007,1789128509960497522,0.0,400,0,0.0,False,False,False,False
RFC_DROP_NATIVE,BENIGN_DIVERSE_HIGH,17,r17-t012-e52e8563,1789128507959006861,1789128509968827685,0.0,400,0,0.0,False,False,False,False
RFC_DROP_NATIVE,BENIGN_DIVERSE_HIGH,17,r17-t013-0c2180d4,1789128507968623503,1789128509979364876,0.0,400,0,0.0,False,False,False,False
RFC_DROP_NATIVE,BENIGN_DIVERSE_HIGH,17,r17-t014-e7ffae44,1789128507978670628,1789128509989392016,0.0,400,0,0.0,False,False,False,False
RFC_DROP_NATIVE,BENIGN_DIVERSE_HIGH,17,r17-t015-f294584a,1789128507989255859,1789128510000303300,0.0,400,0,0.0,False,False,False,False
RFC_DROP_NATIVE,BENIGN_DIVERSE_HIGH,17,r17-t016-24abca85,1789128507999569458,1789128510009145860,0.0,400,0,0.0,False,False,False,False
RFC_DROP_NATIVE,BENIGN_DIVERSE_HIGH,17,r17-t017-9f9f6379,1789128508008638142,1789128510020235604,0.0,400,0,0.0,False,False,False,False
RFC_DROP_NATIVE,BENIGN_DIVERSE_HIGH,17,r17-t018-de854473,1789128508018692117,1789128510028984241,0.0,400,0,0.0,False,False,False,False
RFC_DROP_NATIVE,BENIGN_DIVERSE_HIGH,17,r17-t019-a6f6874f,1789128508028886178,1789128510050479817,0.0,400,0,0.0,False,False,False,False
RFC_DROP_NATIVE,BENIGN_DIVERSE_HIGH,17,r17-t020-44d3747c,1789128508038507229,1789128510048998738,0.0,400,0,0.0,False,False,False,False
RFC_DROP_NATIVE,BENIGN_DIVERSE_HIGH,17,r17-t021-d192803e,1789128508048908933,1789128510060632687,0.0,400,0,0.0,False,False,False,False
RFC_DROP_NATIVE,BENIGN_DIVERSE_HIGH,17,r17-t022-76a9cf7f,1789128508059589211,1789128510072398746,0.0,399,0,0.0,False,False,False,False
RFC_DROP_NATIVE,BENIGN_DIVERSE_HIGH,17,r17-t023-58d909a6,1789128508069121407,1789128510080540408,0.0,400,0,0.0,False,False,False,False
RFC_DROP_NATIVE,BENIGN_DIVERSE_HIGH,17,r17-t024-b2f71b9a,1789128508079564018,1789128510090914618,0.0,400,0,0.0,False,False,False,False
RFC_DROP_NATIVE,BENIGN_DIVERSE_HIGH,17,r17-t025-4c6a4fb9,1789128508089278993,1789128510100906667,0.0,400,0,0.0,False,False,False,False
RFC_DROP_NATIVE,BENIGN_DIVERSE_HIGH,17,r17-t026-1a0549f8,1789128508100009939,1789128510112369286,0.0,400,0,0.0,False,False,False,False
RFC_DROP_NATIVE,BENIGN_DIVERSE_HIGH,17,r17-t027-a2cad0d3,1789128508108501205,1789128510120404172,0.0,400,0,0.0,False,False,False,False
RFC_DROP_NATIVE,BENIGN_DIVERSE_HIGH,17,r17-t028-6ec99895,1789128508119313312,1789128510153255401,0.0,400,0,0.0,False,False,False,False
RFC_DROP_NATIVE,BENIGN_DIVERSE_HIGH,17,r17-t029-9d527876,1789128508141808158,1789128510153393047,0.0,400,0,0.0,False,False,False,False
RFC_DROP_NATIVE,BENIGN_DIVERSE_HIGH,17,r17-t030-afb819ac,1789128508143981596,1789128510156920520,0.0,400,0,0.0,False,False,False,False
RFC_DROP_NATIVE,BENIGN_DIVERSE_HIGH,17,r17-t031-87a67a58,1789128508149071214,1789128510169849486,0.0,400,0,0.0,False,False,False,False
RFC_DROP_NATIVE,BENIGN_DIVERSE_HIGH,17,r17-t032-b8aa127e,1789128508158999459,1789128510169044157,0.0,400,0,0.0,False,False,False,False
RFC_DROP_NATIVE,BENIGN_DIVERSE_HIGH,17,r17-t033-889676bb,1789128508168644155,1789128510180525917,0.0,400,0,0.0,False,False,False,False
RFC_DROP_NATIVE,BENIGN_DIVERSE_HIGH,17,r17-t034-2371ca06,1789128508178628979,1789128510189505465,0.0,400,0,0.0,False,False,False,False
RFC_DROP_NATIVE,BENIGN_DIVERSE_HIGH,17,r17-t035-dd93b56a,1789128508188524667,1789128510199047326,0.0,400,0,0.0,False,False,False,False
RFC_DROP_NATIVE,BENIGN_DIVERSE_HIGH,17,r17-t036-a8dcd809,1789128508198836294,1789128510209279668,0.0,400,0,0.0,False,False,False,False
RFC_DROP_NATIVE,BENIGN_DIVERSE_HIGH,17,r17-t037-27e0351d,1789128508209340833,1789128510230927904,0.0,400,0,0.0,False,False,False,False
RFC_DROP_NATIVE,BENIGN_DIVERSE_HIGH,17,r17-t038-04bd675b,1789128508218982526,1789128510229324942,0.0,401,0,0.0,False,False,False,False
RFC_DROP_NATIVE,BENIGN_DIVERSE_HIGH,17,r17-t039-aa25810c,1789128508228794893,1789128510250320507,0.0,401,0,0.0,False,False,False,False
RFC_DROP_NATIVE,BENIGN_DIVERSE_HIGH,17,r17-t040-5a01d32d,1789128508238855906,1789128510249010009,0.0,401,0,0.0,False,False,False,False
RFC_DROP_NATIVE,BENIGN_DIVERSE_HIGH,17,r17-t041-d019374a,1789128508248677938,1789128510270567981,0.0,401,0,0.0,False,False,False,False
RFC_DROP_NATIVE,BENIGN_DIVERSE_HIGH,17,r17-t042-ac1294de,1789128508258696916,1789128510268840228,0.0,401,0,0.0,False,False,False,False
RFC_DROP_NATIVE,BENIGN_DIVERSE_HIGH,17,r17-t043-a0260f5f,1789128508268688026,1789128510280299656,0.0,401,0,0.0,False,False,False,False
RFC_DROP_NATIVE,BENIGN_DIVERSE_HIGH,17,r17-t044-336a9b95,1789128508278695838,1789128510289259219,0.0,401,0,0.0,False,False,False,False
RFC_DROP_NATIVE,BENIGN_DIVERSE_HIGH,17,r17-t045-4d22c1b3,1789128508288877137,1789128510300869616,0.0,401,0,0.0,False,False,False,False
RFC_DROP_NATIVE,BENIGN_DIVERSE_HIGH,17,r17-t046-837a1846,1789128508298646719,1789128510309278126,0.0,401,0,0.0,False,False,False,False
RFC_DROP_NATIVE,BENIGN_DIVERSE_HIGH,17,r17-t047-3dcb4d99,1789128508308867709,1789128510320903067,0.0,401,0,0.0,False,False,False,False
RFC_DROP_NATIVE,BENIGN_DIVERSE_HIGH,17,r17-t048-28c1243e,1789128508318553033,1789128510329082636,0.0,401,0,0.0,False,False,False,False
RFC_DROP_NATIVE,BENIGN_DIVERSE_HIGH,17,r17-t049-5e546945,1789128508328796541,1789128510340320160,0.0,401,0,0.0,False,False,False,False
B5_LOCKED_TC,ATTACK_DIVERSE_MODERATE,17,r17-t000-1552cd2c,1789128543965930782,1789128544113274329,0.0,24,0,0.0,False,False,False,False
B5_LOCKED_TC,ATTACK_DIVERSE_MODERATE,17,r17-t001-33590219,1789128544123834356,1789128544430544356,0.0,25,0,0.0,False,False,False,False
B5_LOCKED_TC,ATTACK_DIVERSE_MODERATE,17,r17-t002-e0043929,1789128544440819387,1789128544772513094,0.0,26,0,0.0,False,False,False,False
B5_LOCKED_TC,ATTACK_DIVERSE_MODERATE,17,r17-t003-f8d25acf,1789128544783235550,1789128545099862152,0.0,27,0,0.0,False,False,False,False
B5_LOCKED_TC,ATTACK_DIVERSE_MODERATE,17,r17-t004-462046b9,1789128545110020987,1789128545437943886,0.0,28,0,0.0,False,False,False,False
B5_LOCKED_TC,ATTACK_DIVERSE_MODERATE,17,r17-t005-37247c77,1789128545449286510,1789128545797836649,0.0,29,0,0.0,False,False,False,False
B5_LOCKED_TC,ATTACK_DIVERSE_MODERATE,17,r17-t006-c6a231e2,1789128545808118338,1789128546119883655,0.0,30,0,0.0,False,False,False,False
B5_LOCKED_TC,ATTACK_DIVERSE_MODERATE,17,r17-t007-6ac8d0f8,1789128546130704204,1789128546468580935,0.0,30,0,0.0,False,False,False,False
B5_LOCKED_TC,ATTACK_DIVERSE_MODERATE,17,r17-t008-aee6a466,1789128546478323670,1789128546816378242,0.0,30,0,0.0,False,False,False,False
B5_LOCKED_TC,ATTACK_DIVERSE_MODERATE,17,r17-t009-9bce9a7a,1789128546826781412,1789128547156210483,0.0,30,0,0.0,False,False,False,False
B5_LOCKED_TC,ATTACK_DIVERSE_MODERATE,17,r17-t010-22fd63a3,1789128547166886566,1789128547488870387,0.0,30,0,0.0,False,False,False,False
B5_LOCKED_TC,ATTACK_DIVERSE_MODERATE,17,r17-t011-dfb743b2,1789128547499282059,1789128547801494699,0.0,30,0,0.0,False,False,False,False
B5_LOCKED_TC,ATTACK_DIVERSE_MODERATE,17,r17-t012-98854547,1789128547811960690,1789128548129711865,0.0,30,0,0.0,False,False,False,False
B5_LOCKED_TC,ATTACK_DIVERSE_MODERATE,17,r17-t013-4ac924f2,1789128548141908568,1789128548459595883,0.0,30,0,0.0,False,False,False,False
B5_LOCKED_TC,ATTACK_DIVERSE_MODERATE,17,r17-t014-2492f168,1789128550453505627,1789128552463570726,0.0,4,0,0.0,False,False,False,False
B5_LOCKED_TC,ATTACK_DIVERSE_MODERATE,17,r17-t015-fce0ff40,1789128552474297349,1789128552560592009,0.0,22,0,0.0,False,False,False,False
B5_LOCKED_TC,ATTACK_DIVERSE_MODERATE,17,r17-t016-bcd2ff0b,1789128552570999713,1789128552956942732,0.0,24,0,0.0,False,False,False,False
B5_LOCKED_TC,ATTACK_DIVERSE_MODERATE,17,r17-t017-6fa2df9a,1789128552967552123,1789128553274300362,0.0,26,0,0.0,False,False,False,False
B5_LOCKED_TC,ATTACK_DIVERSE_MODERATE,17,r17-t018-35b812f0,1789128553286635553,1789128553581917123,0.0,27,0,0.0,False,False,False,False
B5_LOCKED_TC,ATTACK_DIVERSE_MODERATE,17,r17-t019-ede44cbe,1789128553593083011,1789128553925823779,0.0,28,0,0.0,False,False,False,False
B5_LOCKED_TC,ATTACK_DIVERSE_MODERATE,17,r17-t020-edc2daa5,1789128553936091485,1789128554261742857,0.0,29,0,0.0,False,False,False,False
B5_LOCKED_TC,ATTACK_DIVERSE_MODERATE,17,r17-t021-f71a5dff,1789128554272653028,1789128554588881976,0.0,30,0,0.0,False,False,False,False
B5_LOCKED_TC,ATTACK_DIVERSE_MODERATE,17,r17-t022-738354c4,1789128554598901425,1789128554942164957,0.0,30,0,0.0,False,False,False,False
B5_LOCKED_TC,ATTACK_DIVERSE_MODERATE,17,r17-t023-c69de808,1789128554952960350,1789128555293626631,0.0,30,0,0.0,False,False,False,False
B5_LOCKED_TC,ATTACK_DIVERSE_MODERATE,17,r17-t024-6be039e6,1789128555304089788,1789128555653463008,0.0,30,0,0.0,False,False,False,False
B5_LOCKED_TC,ATTACK_DIVERSE_MODERATE,17,r17-t025-e0a03880,1789128555663494831,1789128555968740115,0.0,30,0,0.0,False,False,False,False
B5_LOCKED_TC,ATTACK_DIVERSE_MODERATE,17,r17-t026-f55c2633,1789128555979461543,1789128556289457147,0.0,30,0,0.0,False,False,False,False
B5_LOCKED_TC,ATTACK_DIVERSE_MODERATE,17,r17-t027-1c4cec69,1789128556299965080,1789128556593896884,0.0,30,0,0.0,False,False,False,False
B5_LOCKED_TC,ATTACK_DIVERSE_MODERATE,17,r17-t028-f7366340,1789128556605399117,1789128556925609361,0.0,30,0,0.0,False,False,False,False
B5_LOCKED_TC,ATTACK_DIVERSE_MODERATE,17,r17-t029-1b111aec,1789128556935718332,1789128557269110007,0.0,30,0,0.0,False,False,False,False
B5_LOCKED_TC,ATTACK_DIVERSE_MODERATE,17,r17-t030-84f8e415,1789128557279663362,1789128557609082205,0.0,31,0,0.0,False,False,False,False
B5_LOCKED_TC,ATTACK_DIVERSE_MODERATE,17,r17-t031-7f2dc996,1789128557621178018,1789128557942292503,0.0,31,0,0.0,False,False,False,False
B5_LOCKED_TC,ATTACK_DIVERSE_MODERATE,17,r17-t032-8e3eaacd,1789128557953056866,1789128558253404936,0.0,31,0,0.0,False,False,False,False
B5_LOCKED_TC,ATTACK_DIVERSE_MODERATE,17,r17-t033-b2686c3b,1789128558263732277,1789128558568849462,0.0,31,0,0.0,False,False,False,False
B5_LOCKED_TC,ATTACK_DIVERSE_MODERATE,17,r17-t034-0519810a,1789128558579341006,1789128558922189092,0.0,31,0,0.0,False,False,False,False
B5_LOCKED_TC,ATTACK_DIVERSE_MODERATE,17,r17-t035-8c7821f5,1789128558932313163,1789128559257240242,0.0,30,0,0.0,False,False,False,False
B5_LOCKED_TC,ATTACK_DIVERSE_MODERATE,17,r17-t036-ea2bb999,1789128559267471799,1789128559614719735,0.0,30,0,0.0,False,False,False,False
B5_LOCKED_TC,ATTACK_DIVERSE_MODERATE,17,r17-t037-c7a96e62,1789128559626463269,1789128559930312892,0.0,30,0,0.0,False,False,False,False
B5_LOCKED_TC,ATTACK_DIVERSE_MODERATE,17,r17-t038-8862cdd8,1789128559940332497,1789128560267039748,0.0,30,0,0.0,False,False,False,False
B5_LOCKED_TC,ATTACK_DIVERSE_MODERATE,17,r17-t039-783ef649,1789128560278963242,1789128560589869197,0.0,30,0,0.0,False,False,False,False
B5_LOCKED_TC,ATTACK_DIVERSE_MODERATE,17,r17-t040-31168f71,1789128560601825910,1789128560929466846,0.0,30,0,0.0,False,False,False,False
B5_LOCKED_TC,ATTACK_DIVERSE_MODERATE,17,r17-t041-c3f3a467,1789128560939716899,1789128561241309127,0.0,30,0,0.0,False,False,False,False
B5_LOCKED_TC,ATTACK_DIVERSE_MODERATE,17,r17-t042-14d894f8,1789128561251783023,1789128561601162372,0.0,30,0,0.0,False,False,False,False
B5_LOCKED_TC,ATTACK_DIVERSE_MODERATE,17,r17-t043-2010806c,1789128561611985622,1789128561910805767,0.0,30,0,0.0,False,False,False,False
B5_LOCKED_TC,ATTACK_DIVERSE_MODERATE,17,r17-t044-e593c80c,1789128561923149014,1789128562273614454,0.0,30,0,0.0,False,False,False,False
B5_LOCKED_TC,ATTACK_DIVERSE_MODERATE,17,r17-t045-dbd45a41,1789128562284801684,1789128562601847365,0.0,30,0,0.0,False,False,False,False
B5_LOCKED_TC,ATTACK_DIVERSE_MODERATE,17,r17-t046-8b8b492b,1789128562613968091,1789128562947400344,0.0,30,0,0.0,False,False,False,False
B5_LOCKED_TC,ATTACK_DIVERSE_MODERATE,17,r17-t047-4c6d7e80,1789128562959886654,1789128563280248266,0.0,30,0,0.0,False,False,False,False
B5_LOCKED_TC,ATTACK_DIVERSE_MODERATE,17,r17-t048-00885fb7,1789128563290147455,1789128563613657209,0.0,30,0,0.0,False,False,False,False
B5_LOCKED_TC,ATTACK_DIVERSE_MODERATE,17,r17-t049-b3518b98,1789128563624141581,1789128563967731783,0.0,30,0,0.0,False,False,False,False
B0_OFF,BENIGN_DIVERSE_HIGH,18,r18-t000-41dba775,1789128576481830380,1789128576864056977,0.0,400,0,0.0,False,False,False,False
B0_OFF,BENIGN_DIVERSE_HIGH,18,r18-t001-33378cfc,1789128576875660110,1789128577217463941,0.0,401,0,0.0,False,False,False,False
B0_OFF,BENIGN_DIVERSE_HIGH,18,r18-t002-1c28bbde,1789128577229515444,1789128577556959023,0.0,402,0,0.0,False,False,False,False
B0_OFF,BENIGN_DIVERSE_HIGH,18,r18-t003-a819a1f2,1789128577570119425,1789128577929746353,0.0,403,0,0.0,False,False,False,False
B0_OFF,BENIGN_DIVERSE_HIGH,18,r18-t004-20fa7c45,1789128577941048630,1789128578287036719,0.0,404,0,0.0,False,False,False,False
B0_OFF,BENIGN_DIVERSE_HIGH,18,r18-t005-4a34e312,1789128578298565249,1789128578657165022,0.0,404,0,0.0,False,False,False,False
B0_OFF,BENIGN_DIVERSE_HIGH,18,r18-t006-4000cc38,1789128578669852718,1789128578996927603,0.0,406,0,0.0,False,False,False,False
B0_OFF,BENIGN_DIVERSE_HIGH,18,r18-t007-4aca67f7,1789128579008566440,1789128579349518255,0.0,406,0,0.0,False,False,False,False
B0_OFF,BENIGN_DIVERSE_HIGH,18,r18-t008-0ccde3ef,1789128579360943712,1789128579720145008,0.0,406,0,0.0,False,False,False,False
B0_OFF,BENIGN_DIVERSE_HIGH,18,r18-t009-5474d050,1789128579732024473,1789128580092184804,0.0,406,0,0.0,False,False,False,False
B0_OFF,BENIGN_DIVERSE_HIGH,18,r18-t010-bbf20d5d,1789128580103388989,1789128580446605018,0.0,406,0,0.0,False,False,False,False
B0_OFF,BENIGN_DIVERSE_HIGH,18,r18-t011-60a4aad4,1789128581198912898,1789128581542426600,0.0,257,0,0.0,False,False,False,False
B0_OFF,BENIGN_DIVERSE_HIGH,18,r18-t012-b22f04bc,1789128581554120734,1789128581910322658,0.0,255,0,0.0,False,False,False,False
B0_OFF,BENIGN_DIVERSE_HIGH,18,r18-t013-22864a46,1789128581947703737,1789128582291799582,0.0,256,0,0.0,False,False,False,False
B0_OFF,BENIGN_DIVERSE_HIGH,18,r18-t014-3d7ae3f4,1789128582304560430,1789128582634489436,0.0,255,0,0.0,False,False,False,False
B0_OFF,BENIGN_DIVERSE_HIGH,18,r18-t015-70304a65,1789128582646120432,1789128582996275876,0.0,292,0,0.0,False,False,False,False
B0_OFF,BENIGN_DIVERSE_HIGH,18,r18-t016-97a992c8,1789128583007809573,1789128583328228460,0.0,365,0,0.0,False,False,False,False
B0_OFF,BENIGN_DIVERSE_HIGH,18,r18-t017-f049c2f9,1789128583338765562,1789128583663783414,0.0,406,0,0.0,False,False,False,False
B0_OFF,BENIGN_DIVERSE_HIGH,18,r18-t018-1f874f23,1789128583674841653,1789128584023363662,0.0,406,0,0.0,False,False,False,False
B0_OFF,BENIGN_DIVERSE_HIGH,18,r18-t019-302c8c14,1789128584034410385,1789128584388263705,0.0,406,0,0.0,False,False,False,False
B0_OFF,BENIGN_DIVERSE_HIGH,18,r18-t020-fa50985b,1789128584399189440,1789128584727722931,0.0,406,0,0.0,False,False,False,False
B0_OFF,BENIGN_DIVERSE_HIGH,18,r18-t021-fb1ccd13,1789128584739000495,1789128585068761704,0.0,406,0,0.0,False,False,False,False
B0_OFF,BENIGN_DIVERSE_HIGH,18,r18-t022-608ddec7,1789128585079874774,1789128585427676235,0.0,405,0,0.0,False,False,False,False
B0_OFF,BENIGN_DIVERSE_HIGH,18,r18-t023-cd5795b0,1789128585438716069,1789128585778527690,0.0,406,0,0.0,False,False,False,False
B0_OFF,BENIGN_DIVERSE_HIGH,18,r18-t024-11ce1ec3,1789128585790417933,1789128586154321570,0.0,406,0,0.0,False,False,False,False
B0_OFF,BENIGN_DIVERSE_HIGH,18,r18-t025-4a0a1b79,1789128586166823644,1789128586500887291,0.0,406,0,0.0,False,False,False,False
B0_OFF,BENIGN_DIVERSE_HIGH,18,r18-t026-b1c8eadc,1789128586512143527,1789128586867755044,0.0,406,0,0.0,False,False,False,False
B0_OFF,BENIGN_DIVERSE_HIGH,18,r18-t027-072d7d3c,1789128586878832911,1789128587249595121,0.0,406,0,0.0,False,False,False,False
B0_OFF,BENIGN_DIVERSE_HIGH,18,r18-t028-25a56586,1789128587261915052,1789128587608566654,0.0,406,0,0.0,False,False,False,False
B0_OFF,BENIGN_DIVERSE_HIGH,18,r18-t029-9b440592,1789128587619718794,1789128587978875583,0.0,406,0,0.0,False,False,False,False
B0_OFF,BENIGN_DIVERSE_HIGH,18,r18-t030-20fc62e4,1789128587991412481,1789128588308314975,0.0,406,0,0.0,False,False,False,False
B0_OFF,BENIGN_DIVERSE_HIGH,18,r18-t031-255b0b5d,1789128588320243627,1789128588682490804,0.0,406,0,0.0,False,False,False,False
B0_OFF,BENIGN_DIVERSE_HIGH,18,r18-t032-53d7f052,1789128588694047905,1789128589038027293,0.0,406,0,0.0,False,False,False,False
B0_OFF,BENIGN_DIVERSE_HIGH,18,r18-t033-a2c16278,1789128589049919989,1789128589382599719,0.0,406,0,0.0,False,False,False,False
B0_OFF,BENIGN_DIVERSE_HIGH,18,r18-t034-91f6657e,1789128589394449687,1789128589719303748,0.0,406,0,0.0,False,False,False,False
B0_OFF,BENIGN_DIVERSE_HIGH,18,r18-t035-56511fcf,1789128589732026136,1789128590078349043,0.0,406,0,0.0,False,False,False,False
B0_OFF,BENIGN_DIVERSE_HIGH,18,r18-t036-e1633c8f,1789128590089765959,1789128590430721914,0.0,405,0,0.0,False,False,False,False
B0_OFF,BENIGN_DIVERSE_HIGH,18,r18-t037-05e9a92d,1789128590442598387,1789128590763321919,0.0,406,0,0.0,False,False,False,False
B0_OFF,BENIGN_DIVERSE_HIGH,18,r18-t038-62b70c7c,1789128590774635927,1789128591132461399,0.0,405,0,0.0,False,False,False,False
B0_OFF,BENIGN_DIVERSE_HIGH,18,r18-t039-66853b10,1789128591143446492,1789128591478784022,0.0,406,0,0.0,False,False,False,False
B0_OFF,BENIGN_DIVERSE_HIGH,18,r18-t040-1749eda4,1789128591490551738,1789128591834398496,0.0,406,0,0.0,False,False,False,False
B0_OFF,BENIGN_DIVERSE_HIGH,18,r18-t041-8164f3de,1789128591846954493,1789128592194614657,0.0,406,0,0.0,False,False,False,False
B0_OFF,BENIGN_DIVERSE_HIGH,18,r18-t042-270b1e30,1789128592206821365,1789128592558070344,0.0,406,0,0.0,False,False,False,False
B0_OFF,BENIGN_DIVERSE_HIGH,18,r18-t043-4b5f6c2f,1789128592569319739,1789128592902704818,0.0,406,0,0.0,False,False,False,False
B0_OFF,BENIGN_DIVERSE_HIGH,18,r18-t044-39790929,1789128592915034526,1789128593248365274,0.0,406,0,0.0,False,False,False,False
B0_OFF,BENIGN_DIVERSE_HIGH,18,r18-t045-1e49c9b8,1789128593260172323,1789128593578075796,0.0,406,0,0.0,False,False,False,False
B0_OFF,BENIGN_DIVERSE_HIGH,18,r18-t046-ee85cdeb,1789128593589353772,1789128593922779411,0.0,406,0,0.0,False,False,False,False
B0_OFF,BENIGN_DIVERSE_HIGH,18,r18-t047-b6ecca53,1789128593934254244,1789128594294307410,0.0,406,0,0.0,False,False,False,False
B0_OFF,BENIGN_DIVERSE_HIGH,18,r18-t048-77442d4e,1789128594305989949,1789128594642777362,0.0,406,0,0.0,False,False,False,False
B0_OFF,BENIGN_DIVERSE_HIGH,18,r18-t049-e84fc27c,1789128594653993082,1789128594994444204,0.0,406,0,0.0,False,False,False,False
RFC_DROP_NATIVE,BENIGN_DIVERSE_HIGH,18,r18-t000-41dba775,1789128615623801008,1789128617633862934,0.0,228,0,0.0,False,False,False,False
RFC_DROP_NATIVE,BENIGN_DIVERSE_HIGH,18,r18-t001-33378cfc,1789128615631650107,1789128617642012832,0.0,230,0,0.0,False,False,False,False
RFC_DROP_NATIVE,BENIGN_DIVERSE_HIGH,18,r18-t002-1c28bbde,1789128615640911008,1789128617650081064,0.0,232,0,0.0,False,False,False,False
RFC_DROP_NATIVE,BENIGN_DIVERSE_HIGH,18,r18-t003-a819a1f2,1789128615650714570,1789128617660561864,0.0,234,0,0.0,False,False,False,False
RFC_DROP_NATIVE,BENIGN_DIVERSE_HIGH,18,r18-t004-20fa7c45,1789128615661215985,1789128617669657345,0.0,236,0,0.0,False,False,False,False
RFC_DROP_NATIVE,BENIGN_DIVERSE_HIGH,18,r18-t005-4a34e312,1789128615670842779,1789128617680988668,0.0,238,0,0.0,False,False,False,False
RFC_DROP_NATIVE,BENIGN_DIVERSE_HIGH,18,r18-t006-4000cc38,1789128615681038784,1789128617689966175,0.0,240,0,0.0,False,False,False,False
RFC_DROP_NATIVE,BENIGN_DIVERSE_HIGH,18,r18-t007-4aca67f7,1789128615690847356,1789128617710883451,0.0,242,0,0.0,False,False,False,False
RFC_DROP_NATIVE,BENIGN_DIVERSE_HIGH,18,r18-t008-0ccde3ef,1789128615700972116,1789128617709727856,0.0,244,0,0.0,False,False,False,False
RFC_DROP_NATIVE,BENIGN_DIVERSE_HIGH,18,r18-t009-5474d050,1789128615710685198,1789128617720881982,0.0,246,0,0.0,False,False,False,False
RFC_DROP_NATIVE,BENIGN_DIVERSE_HIGH,18,r18-t010-bbf20d5d,1789128615721024805,1789128617729635801,0.0,248,0,0.0,False,False,False,False
RFC_DROP_NATIVE,BENIGN_DIVERSE_HIGH,18,r18-t011-60a4aad4,1789128615731031046,1789128617741209295,0.0,250,0,0.0,False,False,False,False
RFC_DROP_NATIVE,BENIGN_DIVERSE_HIGH,18,r18-t012-b22f04bc,1789128615741316317,1789128617760403740,0.0,252,0,0.0,False,False,False,False
RFC_DROP_NATIVE,BENIGN_DIVERSE_HIGH,18,r18-t013-22864a46,1789128615750981377,1789128617760791893,0.0,254,0,0.0,False,False,False,False
RFC_DROP_NATIVE,BENIGN_DIVERSE_HIGH,18,r18-t014-3d7ae3f4,1789128615761190202,1789128617769587583,0.0,256,0,0.0,False,False,False,False
RFC_DROP_NATIVE,BENIGN_DIVERSE_HIGH,18,r18-t015-70304a65,1789128615770722239,1789128617780512646,0.0,258,0,0.0,False,False,False,False
RFC_DROP_NATIVE,BENIGN_DIVERSE_HIGH,18,r18-t016-97a992c8,1789128615781010952,1789128617789579458,0.0,260,0,0.0,False,False,False,False
RFC_DROP_NATIVE,BENIGN_DIVERSE_HIGH,18,r18-t017-f049c2f9,1789128615791630992,1789128617801634560,0.0,262,0,0.0,False,False,False,False
RFC_DROP_NATIVE,BENIGN_DIVERSE_HIGH,18,r18-t018-1f874f23,1789128615800823529,1789128617812614886,0.0,264,0,0.0,False,False,False,False
RFC_DROP_NATIVE,BENIGN_DIVERSE_HIGH,18,r18-t019-302c8c14,1789128615811903731,1789128617822977900,0.0,266,0,0.0,False,False,False,False
RFC_DROP_NATIVE,BENIGN_DIVERSE_HIGH,18,r18-t020-fa50985b,1789128615821500425,1789128617832345446,0.0,268,0,0.0,False,False,False,False
RFC_DROP_NATIVE,BENIGN_DIVERSE_HIGH,18,r18-t021-fb1ccd13,1789128615831218897,1789128617850528769,0.0,270,0,0.0,False,False,False,False
RFC_DROP_NATIVE,BENIGN_DIVERSE_HIGH,18,r18-t022-608ddec7,1789128615840927336,1789128617852213029,0.0,272,0,0.0,False,False,False,False
RFC_DROP_NATIVE,BENIGN_DIVERSE_HIGH,18,r18-t023-cd5795b0,1789128615851236941,1789128617861759375,0.0,274,0,0.0,False,False,False,False
RFC_DROP_NATIVE,BENIGN_DIVERSE_HIGH,18,r18-t024-11ce1ec3,1789128615861089076,1789128617882212301,0.0,276,0,0.0,False,False,False,False
RFC_DROP_NATIVE,BENIGN_DIVERSE_HIGH,18,r18-t025-4a0a1b79,1789128615871219135,1789128617881939575,0.0,278,0,0.0,False,False,False,False
RFC_DROP_NATIVE,BENIGN_DIVERSE_HIGH,18,r18-t026-b1c8eadc,1789128615881296703,1789128617903216336,0.0,280,0,0.0,False,False,False,False
RFC_DROP_NATIVE,BENIGN_DIVERSE_HIGH,18,r18-t027-072d7d3c,1789128615890990845,1789128617901685696,0.0,282,0,0.0,False,False,False,False
RFC_DROP_NATIVE,BENIGN_DIVERSE_HIGH,18,r18-t028-25a56586,1789128615901229672,1789128617927888496,0.0,284,0,0.0,False,False,False,False
RFC_DROP_NATIVE,BENIGN_DIVERSE_HIGH,18,r18-t029-9b440592,1789128615918430616,1789128617929680451,0.0,287,0,0.0,False,False,False,False
RFC_DROP_NATIVE,BENIGN_DIVERSE_HIGH,18,r18-t030-20fc62e4,1789128615925941887,1789128617937995099,0.0,288,0,0.0,False,False,False,False
RFC_DROP_NATIVE,BENIGN_DIVERSE_HIGH,18,r18-t031-255b0b5d,1789128615931633210,1789128617942326647,0.0,290,0,0.0,False,False,False,False
RFC_DROP_NATIVE,BENIGN_DIVERSE_HIGH,18,r18-t032-53d7f052,1789128615941383356,1789128617951943061,0.0,292,0,0.0,False,False,False,False
RFC_DROP_NATIVE,BENIGN_DIVERSE_HIGH,18,r18-t033-a2c16278,1789128615951388753,1789128617961779861,0.0,294,0,0.0,False,False,False,False
RFC_DROP_NATIVE,BENIGN_DIVERSE_HIGH,18,r18-t034-91f6657e,1789128615961213115,1789128617969710599,0.0,296,0,0.0,False,False,False,False
RFC_DROP_NATIVE,BENIGN_DIVERSE_HIGH,18,r18-t035-56511fcf,1789128615971169098,1789128617981384810,0.0,298,0,0.0,False,False,False,False
RFC_DROP_NATIVE,BENIGN_DIVERSE_HIGH,18,r18-t036-e1633c8f,1789128615981283642,1789128617992835426,0.0,300,0,0.0,False,False,False,False
RFC_DROP_NATIVE,BENIGN_DIVERSE_HIGH,18,r18-t037-05e9a92d,1789128615991279386,1789128618001892337,0.0,302,0,0.0,False,False,False,False
RFC_DROP_NATIVE,BENIGN_DIVERSE_HIGH,18,r18-t038-62b70c7c,1789128616000745389,1789128618013006574,0.0,304,0,0.0,False,False,False,False
RFC_DROP_NATIVE,BENIGN_DIVERSE_HIGH,18,r18-t039-66853b10,1789128616010811812,1789128618021441740,0.0,307,0,0.0,False,False,False,False
RFC_DROP_NATIVE,BENIGN_DIVERSE_HIGH,18,r18-t040-1749eda4,1789128616021154116,1789128618032869252,0.0,309,0,0.0,False,False,False,False
RFC_DROP_NATIVE,BENIGN_DIVERSE_HIGH,18,r18-t041-8164f3de,1789128616030882989,1789128618040604217,0.0,311,0,0.0,False,False,False,False
RFC_DROP_NATIVE,BENIGN_DIVERSE_HIGH,18,r18-t042-270b1e30,1789128616040986940,1789128618049732138,0.0,313,0,0.0,False,False,False,False
RFC_DROP_NATIVE,BENIGN_DIVERSE_HIGH,18,r18-t043-4b5f6c2f,1789128616050871123,1789128618061884184,0.0,315,0,0.0,False,False,False,False
RFC_DROP_NATIVE,BENIGN_DIVERSE_HIGH,18,r18-t044-39790929,1789128616061211111,1789128618071906952,0.0,317,0,0.0,False,False,False,False
RFC_DROP_NATIVE,BENIGN_DIVERSE_HIGH,18,r18-t045-1e49c9b8,1789128616071231279,1789128618082230829,0.0,319,0,0.0,False,False,False,False
RFC_DROP_NATIVE,BENIGN_DIVERSE_HIGH,18,r18-t046-ee85cdeb,1789128616081117972,1789128618093668904,0.0,321,0,0.0,False,False,False,False
RFC_DROP_NATIVE,BENIGN_DIVERSE_HIGH,18,r18-t047-b6ecca53,1789128616091350849,1789128618101662448,0.0,323,0,0.0,False,False,False,False
RFC_DROP_NATIVE,BENIGN_DIVERSE_HIGH,18,r18-t048-77442d4e,1789128616101308873,1789128618113189356,0.0,325,0,0.0,False,False,False,False
RFC_DROP_NATIVE,BENIGN_DIVERSE_HIGH,18,r18-t049-e84fc27c,1789128616111246373,1789128618123226551,0.0,327,0,0.0,False,False,False,False
B5_LOCKED_TC,ATTACK_DIVERSE_MODERATE,18,r18-t000-46df6b06,1789128651052419354,1789128651239287574,0.0,24,0,0.0,False,False,False,False
B5_LOCKED_TC,ATTACK_DIVERSE_MODERATE,18,r18-t001-cd2dbcc4,1789128651249913056,1789128651531398359,0.0,25,0,0.0,False,False,False,False
B5_LOCKED_TC,ATTACK_DIVERSE_MODERATE,18,r18-t002-aab03a05,1789128651542734370,1789128651888110499,0.0,26,0,0.0,False,False,False,False
B5_LOCKED_TC,ATTACK_DIVERSE_MODERATE,18,r18-t003-dbaec714,1789128651898077626,1789128652208304120,0.0,27,0,0.0,False,False,False,False
B5_LOCKED_TC,ATTACK_DIVERSE_MODERATE,18,r18-t004-d02ec194,1789128652220695877,1789128652558986527,0.0,28,0,0.0,False,False,False,False
B5_LOCKED_TC,ATTACK_DIVERSE_MODERATE,18,r18-t005-f089d575,1789128652570587653,1789128652909145212,0.0,29,0,0.0,False,False,False,False
B5_LOCKED_TC,ATTACK_DIVERSE_MODERATE,18,r18-t006-5ca92f50,1789128652919615493,1789128653237368728,0.0,30,0,0.0,False,False,False,False
B5_LOCKED_TC,ATTACK_DIVERSE_MODERATE,18,r18-t007-787e0d8a,1789128653249100902,1789128653611354999,0.0,30,0,0.0,False,False,False,False
B5_LOCKED_TC,ATTACK_DIVERSE_MODERATE,18,r18-t008-610f7ca0,1789128653622740165,1789128654006136725,0.0,30,0,0.0,False,False,False,False
B5_LOCKED_TC,ATTACK_DIVERSE_MODERATE,18,r18-t009-34da86d3,1789128654016052244,1789128654344579841,0.0,30,0,0.0,False,False,False,False
B5_LOCKED_TC,ATTACK_DIVERSE_MODERATE,18,r18-t010-136aae9c,1789128654356417212,1789128654652465768,0.0,30,0,0.0,False,False,False,False
B5_LOCKED_TC,ATTACK_DIVERSE_MODERATE,18,r18-t011-f68f4419,1789128654662928030,1789128654992604304,0.0,30,0,0.0,False,False,False,False
B5_LOCKED_TC,ATTACK_DIVERSE_MODERATE,18,r18-t012-34f82c95,1789128655003925313,1789128655320627897,0.0,30,0,0.0,False,False,False,False
B5_LOCKED_TC,ATTACK_DIVERSE_MODERATE,18,r18-t013-80f9514f,1789128655331264701,1789128655653183179,0.0,30,0,0.0,False,False,False,False
B5_LOCKED_TC,ATTACK_DIVERSE_MODERATE,18,r18-t014-979060b2,1789128655663419478,1789128655976277506,0.0,30,0,0.0,False,False,False,False
B5_LOCKED_TC,ATTACK_DIVERSE_MODERATE,18,r18-t015-5e037a18,1789128655986370963,1789128656308132164,0.0,31,0,0.0,False,False,False,False
B5_LOCKED_TC,ATTACK_DIVERSE_MODERATE,18,r18-t016-12cea815,1789128656318974455,1789128656653345543,0.0,31,0,0.0,False,False,False,False
B5_LOCKED_TC,ATTACK_DIVERSE_MODERATE,18,r18-t017-ae620810,1789128656663908190,1789128657011092955,0.0,30,0,0.0,False,False,False,False
B5_LOCKED_TC,ATTACK_DIVERSE_MODERATE,18,r18-t018-b58af5bb,1789128657020804967,1789128657378122156,0.0,30,0,0.0,False,False,False,False
B5_LOCKED_TC,ATTACK_DIVERSE_MODERATE,18,r18-t019-6af3fcef,1789128657393452357,1789128657716485359,0.0,30,0,0.0,False,False,False,False
B5_LOCKED_TC,ATTACK_DIVERSE_MODERATE,18,r18-t020-f5a2b1b9,1789128657727718815,1789128658037211948,0.0,30,0,0.0,False,False,False,False
B5_LOCKED_TC,ATTACK_DIVERSE_MODERATE,18,r18-t021-c618d0af,1789128658047523724,1789128658356715890,0.0,30,0,0.0,False,False,False,False
B5_LOCKED_TC,ATTACK_DIVERSE_MODERATE,18,r18-t022-4588644f,1789128658368468817,1789128658721576181,0.0,30,0,0.0,False,False,False,False
B5_LOCKED_TC,ATTACK_DIVERSE_MODERATE,18,r18-t023-98c524d7,1789128658731411582,1789128659054480522,0.0,30,0,0.0,False,False,False,False
B5_LOCKED_TC,ATTACK_DIVERSE_MODERATE,18,r18-t024-cc242809,1789128659064489092,1789128659376929687,0.0,30,0,0.0,False,False,False,False
B5_LOCKED_TC,ATTACK_DIVERSE_MODERATE,18,r18-t025-6d5ff72a,1789128659388037132,1789128659688646515,0.0,30,0,0.0,False,False,False,False
B5_LOCKED_TC,ATTACK_DIVERSE_MODERATE,18,r18-t026-9713e36f,1789128659698948632,1789128660035874109,0.0,30,0,0.0,False,False,False,False
B5_LOCKED_TC,ATTACK_DIVERSE_MODERATE,18,r18-t027-5a22f0d1,1789128660046978108,1789128660356578277,0.0,30,0,0.0,False,False,False,False
B5_LOCKED_TC,ATTACK_DIVERSE_MODERATE,18,r18-t028-629bd996,1789128660367343668,1789128660696168872,0.0,30,0,0.0,False,False,False,False
B5_LOCKED_TC,ATTACK_DIVERSE_MODERATE,18,r18-t029-c3d01b6b,1789128660706156679,1789128661044308485,0.0,31,0,0.0,False,False,False,False
B5_LOCKED_TC,ATTACK_DIVERSE_MODERATE,18,r18-t030-d6bfe865,1789128661054848477,1789128661368930168,0.0,30,0,0.0,False,False,False,False
B5_LOCKED_TC,ATTACK_DIVERSE_MODERATE,18,r18-t031-161beaed,1789128661378882226,1789128661704655478,0.0,30,0,0.0,False,False,False,False
B5_LOCKED_TC,ATTACK_DIVERSE_MODERATE,18,r18-t032-7ff1aa43,1789128661715230567,1789128662063990423,0.0,30,0,0.0,False,False,False,False
B5_LOCKED_TC,ATTACK_DIVERSE_MODERATE,18,r18-t033-bddc5d14,1789128662075878149,1789128662400725323,0.0,30,0,0.0,False,False,False,False
B5_LOCKED_TC,ATTACK_DIVERSE_MODERATE,18,r18-t034-86212c32,1789128662410832951,1789128662741040242,0.0,30,0,0.0,False,False,False,False
B5_LOCKED_TC,ATTACK_DIVERSE_MODERATE,18,r18-t035-0d6f21cf,1789128662752044717,1789128663064437924,0.0,30,0,0.0,False,False,False,False
B5_LOCKED_TC,ATTACK_DIVERSE_MODERATE,18,r18-t036-6bc43026,1789128663074901572,1789128663380786536,0.0,30,0,0.0,False,False,False,False
B5_LOCKED_TC,ATTACK_DIVERSE_MODERATE,18,r18-t037-1489614b,1789128663392586095,1789128663737323697,0.0,30,0,0.0,False,False,False,False
B5_LOCKED_TC,ATTACK_DIVERSE_MODERATE,18,r18-t038-56fadd64,1789128663749162451,1789128664024603962,0.0,30,0,0.0,False,False,False,False
B5_LOCKED_TC,ATTACK_DIVERSE_MODERATE,18,r18-t039-673385c8,1789128664034874332,1789128664370081905,0.0,31,0,0.0,False,False,False,False
B5_LOCKED_TC,ATTACK_DIVERSE_MODERATE,18,r18-t040-4c497433,1789128664380106301,1789128664692256421,0.0,31,0,0.0,False,False,False,False
B5_LOCKED_TC,ATTACK_DIVERSE_MODERATE,18,r18-t041-618eafb8,1789128664703009243,1789128665004367346,0.0,31,0,0.0,False,False,False,False
B5_LOCKED_TC,ATTACK_DIVERSE_MODERATE,18,r18-t042-ed9af97b,1789128665014363532,1789128665358064639,0.0,31,0,0.0,False,False,False,False
B5_LOCKED_TC,ATTACK_DIVERSE_MODERATE,18,r18-t043-7914cbab,1789128665367940260,1789128665700438680,0.0,31,0,0.0,False,False,False,False
B5_LOCKED_TC,ATTACK_DIVERSE_MODERATE,18,r18-t044-f6ad9ebc,1789128665711304339,1789128666051619818,0.0,31,0,0.0,False,False,False,False
B5_LOCKED_TC,ATTACK_DIVERSE_MODERATE,18,r18-t045-1935df16,1789128666061893541,1789128666360784275,0.0,30,0,0.0,False,False,False,False
B5_LOCKED_TC,ATTACK_DIVERSE_MODERATE,18,r18-t046-6ec89ece,1789128666371857459,1789128666696730984,0.0,30,0,0.0,False,False,False,False
B5_LOCKED_TC,ATTACK_DIVERSE_MODERATE,18,r18-t047-041fd83e,1789128666708285458,1789128667021165389,0.0,30,0,0.0,False,False,False,False
B5_LOCKED_TC,ATTACK_DIVERSE_MODERATE,18,r18-t048-00d07944,1789128667031585769,1789128667380244173,0.0,30,0,0.0,False,False,False,False
B5_LOCKED_TC,ATTACK_DIVERSE_MODERATE,18,r18-t049-d0188e87,1789128667391986099,1789128667700609330,0.0,30,0,0.0,False,False,False,False
B1_RL2_TC,ATTACK_DIVERSE_MODERATE,18,r18-t000-46df6b06,1789128678934973000,1789128679136109810,0.0,23,0,0.0,False,False,False,False
B1_RL2_TC,ATTACK_DIVERSE_MODERATE,18,r18-t001-cd2dbcc4,1789128679146617522,1789128679394199774,0.0,25,0,0.0,False,False,False,False
B1_RL2_TC,ATTACK_DIVERSE_MODERATE,18,r18-t002-aab03a05,1789128679404503586,1789128679747458091,0.0,26,0,0.0,False,False,False,False
B1_RL2_TC,ATTACK_DIVERSE_MODERATE,18,r18-t003-dbaec714,1789128679758312877,1789128680053856271,0.0,27,0,0.0,False,False,False,False
B1_RL2_TC,ATTACK_DIVERSE_MODERATE,18,r18-t004-d02ec194,1789128680064132127,1789128680402117945,0.0,28,0,0.0,False,False,False,False
B1_RL2_TC,ATTACK_DIVERSE_MODERATE,18,r18-t005-f089d575,1789128680413586226,1789128680702693870,0.0,29,0,0.0,False,False,False,False
B1_RL2_TC,ATTACK_DIVERSE_MODERATE,18,r18-t006-5ca92f50,1789128680712557014,1789128681051384027,0.0,30,0,0.0,False,False,False,False
B1_RL2_TC,ATTACK_DIVERSE_MODERATE,18,r18-t007-787e0d8a,1789128681061588485,1789128681401539735,0.0,31,0,0.0,False,False,False,False
B1_RL2_TC,ATTACK_DIVERSE_MODERATE,18,r18-t008-610f7ca0,1789128681413399195,1789128681721821172,0.0,30,0,0.0,False,False,False,False
B1_RL2_TC,ATTACK_DIVERSE_MODERATE,18,r18-t009-34da86d3,1789128681732408404,1789128682058073412,0.0,30,0,0.0,False,False,False,False
B1_RL2_TC,ATTACK_DIVERSE_MODERATE,18,r18-t010-136aae9c,1789128682067893964,1789128682355984751,0.0,30,0,0.0,False,False,False,False
B1_RL2_TC,ATTACK_DIVERSE_MODERATE,18,r18-t011-f68f4419,1789128682368812052,1789128682719638109,0.0,30,0,0.0,False,False,False,False
B1_RL2_TC,ATTACK_DIVERSE_MODERATE,18,r18-t012-34f82c95,1789128682729555842,1789128683071442870,0.0,30,0,0.0,False,False,False,False
B1_RL2_TC,ATTACK_DIVERSE_MODERATE,18,r18-t013-80f9514f,1789128683081303181,1789128683423076237,0.0,30,0,0.0,False,False,False,False
B1_RL2_TC,ATTACK_DIVERSE_MODERATE,18,r18-t014-979060b2,1789128683433857421,1789128683768510366,0.0,30,0,0.0,False,False,False,False
B1_RL2_TC,ATTACK_DIVERSE_MODERATE,18,r18-t015-5e037a18,1789128683779069554,1789128684090961110,0.0,30,0,0.0,False,False,False,False
B1_RL2_TC,ATTACK_DIVERSE_MODERATE,18,r18-t016-12cea815,1789128684102161261,1789128684410314680,0.0,30,0,0.0,False,False,False,False
B1_RL2_TC,ATTACK_DIVERSE_MODERATE,18,r18-t017-ae620810,1789128684421511432,1789128684773668787,0.0,30,0,0.0,False,False,False,False
B1_RL2_TC,ATTACK_DIVERSE_MODERATE,18,r18-t018-b58af5bb,1789128684783784553,1789128685059698006,0.0,30,0,0.0,False,False,False,False
B1_RL2_TC,ATTACK_DIVERSE_MODERATE,18,r18-t019-6af3fcef,1789128685069801116,1789128685394304304,0.0,30,0,0.0,False,False,False,False
B1_RL2_TC,ATTACK_DIVERSE_MODERATE,18,r18-t020-f5a2b1b9,1789128685404845835,1789128685717256639,0.0,30,0,0.0,False,False,False,False
B1_RL2_TC,ATTACK_DIVERSE_MODERATE,18,r18-t021-c618d0af,1789128685728603529,1789128686031508562,0.0,30,0,0.0,False,False,False,False
B1_RL2_TC,ATTACK_DIVERSE_MODERATE,18,r18-t022-4588644f,1789128686042214204,1789128686348283735,0.0,30,0,0.0,False,False,False,False
B1_RL2_TC,ATTACK_DIVERSE_MODERATE,18,r18-t023-98c524d7,1789128686361375524,1789128686714539271,0.0,30,0,0.0,False,False,False,False
B1_RL2_TC,ATTACK_DIVERSE_MODERATE,18,r18-t024-cc242809,1789128686725545661,1789128687031186782,0.0,30,0,0.0,False,False,False,False
B1_RL2_TC,ATTACK_DIVERSE_MODERATE,18,r18-t025-6d5ff72a,1789128687041801020,1789128687391500938,0.0,30,0,0.0,False,False,False,False
B1_RL2_TC,ATTACK_DIVERSE_MODERATE,18,r18-t026-9713e36f,1789128687401611037,1789128687688256289,0.0,30,0,0.0,False,False,False,False
B1_RL2_TC,ATTACK_DIVERSE_MODERATE,18,r18-t027-5a22f0d1,1789128687700477375,1789128688076499770,0.0,30,0,0.0,False,False,False,False
B1_RL2_TC,ATTACK_DIVERSE_MODERATE,18,r18-t028-629bd996,1789128688087322973,1789128688420006758,0.0,30,0,0.0,False,False,False,False
B1_RL2_TC,ATTACK_DIVERSE_MODERATE,18,r18-t029-c3d01b6b,1789128688431240431,1789128688724914094,0.0,30,0,0.0,False,False,False,False
B1_RL2_TC,ATTACK_DIVERSE_MODERATE,18,r18-t030-d6bfe865,1789128688736254752,1789128689054429698,0.0,30,0,0.0,False,False,False,False
B1_RL2_TC,ATTACK_DIVERSE_MODERATE,18,r18-t031-161beaed,1789128689064120073,1789128689394291937,0.0,30,0,0.0,False,False,False,False
B1_RL2_TC,ATTACK_DIVERSE_MODERATE,18,r18-t032-7ff1aa43,1789128689404395425,1789128689739090578,0.0,30,0,0.0,False,False,False,False
B1_RL2_TC,ATTACK_DIVERSE_MODERATE,18,r18-t033-bddc5d14,1789128689749102662,1789128690065132155,0.0,30,0,0.0,False,False,False,False
B1_RL2_TC,ATTACK_DIVERSE_MODERATE,18,r18-t034-86212c32,1789128690077196115,1789128690407764852,0.0,30,0,0.0,False,False,False,False
B1_RL2_TC,ATTACK_DIVERSE_MODERATE,18,r18-t035-0d6f21cf,1789128690418112810,1789128690715770873,0.0,30,0,0.0,False,False,False,False
B1_RL2_TC,ATTACK_DIVERSE_MODERATE,18,r18-t036-6bc43026,1789128690725440945,1789128691055795524,0.0,30,0,0.0,False,False,False,False
B1_RL2_TC,ATTACK_DIVERSE_MODERATE,18,r18-t037-1489614b,1789128691066118082,1789128691383688421,0.0,30,0,0.0,False,False,False,False
B1_RL2_TC,ATTACK_DIVERSE_MODERATE,18,r18-t038-56fadd64,1789128691394663425,1789128691728006130,0.0,30,0,0.0,False,False,False,False
B1_RL2_TC,ATTACK_DIVERSE_MODERATE,18,r18-t039-673385c8,1789128691738180572,1789128692079440196,0.0,30,0,0.0,False,False,False,False
B1_RL2_TC,ATTACK_DIVERSE_MODERATE,18,r18-t040-4c497433,1789128692091104474,1789128692371391136,0.0,30,0,0.0,False,False,False,False
B1_RL2_TC,ATTACK_DIVERSE_MODERATE,18,r18-t041-618eafb8,1789128692381377670,1789128692704772385,0.0,30,0,0.0,False,False,False,False
B1_RL2_TC,ATTACK_DIVERSE_MODERATE,18,r18-t042-ed9af97b,1789128692715226183,1789128693049081781,0.0,30,0,0.0,False,False,False,False
B1_RL2_TC,ATTACK_DIVERSE_MODERATE,18,r18-t043-7914cbab,1789128693060269161,1789128693389869041,0.0,30,0,0.0,False,False,False,False
B1_RL2_TC,ATTACK_DIVERSE_MODERATE,18,r18-t044-f6ad9ebc,1789128693399766771,1789128693734561429,0.0,30,0,0.0,False,False,False,False
B1_RL2_TC,ATTACK_DIVERSE_MODERATE,18,r18-t045-1935df16,1789128693745072855,1789128694063285073,0.0,30,0,0.0,False,False,False,False
B1_RL2_TC,ATTACK_DIVERSE_MODERATE,18,r18-t046-6ec89ece,1789128694073151250,1789128694398413221,0.0,30,0,0.0,False,False,False,False
B1_RL2_TC,ATTACK_DIVERSE_MODERATE,18,r18-t047-041fd83e,1789128694409151949,1789128694706994688,0.0,30,0,0.0,False,False,False,False
B1_RL2_TC,ATTACK_DIVERSE_MODERATE,18,r18-t048-00d07944,1789128694718345694,1789128695016457114,0.0,30,0,0.0,False,False,False,False
B1_RL2_TC,ATTACK_DIVERSE_MODERATE,18,r18-t049-d0188e87,1789128695028348033,1789128695363351003,0.0,30,0,0.0,False,False,False,False
B1_RL2_TC,ATTACK_DIVERSE_HIGH,18,r18-t000-41dba775,1789128710391935323,1789128710646489237,0.0,118,0,0.0,False,False,False,False
B1_RL2_TC,ATTACK_DIVERSE_HIGH,18,r18-t001-33378cfc,1789128710659744694,1789128710882869037,0.0,173,0,0.0,False,False,False,False
B1_RL2_TC,ATTACK_DIVERSE_HIGH,18,r18-t002-1c28bbde,1789128710896033744,1789128711238411470,0.0,175,0,0.0,False,False,False,False
B1_RL2_TC,ATTACK_DIVERSE_HIGH,18,r18-t003-a819a1f2,1789128711251242946,1789128711569870343,0.0,242,0,0.0,False,False,False,False
B1_RL2_TC,ATTACK_DIVERSE_HIGH,18,r18-t004-20fa7c45,1789128711582378309,1789128711889060049,0.0,309,0,0.0,False,False,False,False
B1_RL2_TC,ATTACK_DIVERSE_HIGH,18,r18-t005-4a34e312,1789128711902649555,1789128712236880576,0.0,374,0,0.0,False,False,False,False
B1_RL2_TC,ATTACK_DIVERSE_HIGH,18,r18-t006-4000cc38,1789128712249102067,1789128712600319766,0.0,406,0,0.0,False,False,False,False
B1_RL2_TC,ATTACK_DIVERSE_HIGH,18,r18-t007-4aca67f7,1789128712612847886,1789128712895905243,0.0,406,0,0.0,False,False,False,False
B1_RL2_TC,ATTACK_DIVERSE_HIGH,18,r18-t008-0ccde3ef,1789128712908129701,1789128713291170565,0.0,406,0,0.0,False,False,False,False
B1_RL2_TC,ATTACK_DIVERSE_HIGH,18,r18-t009-5474d050,1789128713303314300,1789128713628115416,0.0,406,0,0.0,False,False,False,False
B1_RL2_TC,ATTACK_DIVERSE_HIGH,18,r18-t010-bbf20d5d,1789128713640519227,1789128713969290156,0.0,406,0,0.0,False,False,False,False
B1_RL2_TC,ATTACK_DIVERSE_HIGH,18,r18-t011-60a4aad4,1789128713981725992,1789128714331267204,0.0,406,0,0.0,False,False,False,False
B1_RL2_TC,ATTACK_DIVERSE_HIGH,18,r18-t012-b22f04bc,1789128714344876968,1789128714689568381,0.0,406,0,0.0,False,False,False,False
B1_RL2_TC,ATTACK_DIVERSE_HIGH,18,r18-t013-22864a46,1789128714701354227,1789128715009656796,0.0,406,0,0.0,False,False,False,False
B1_RL2_TC,ATTACK_DIVERSE_HIGH,18,r18-t014-3d7ae3f4,1789128715021896601,1789128715361945191,0.0,406,0,0.0,False,False,False,False
B1_RL2_TC,ATTACK_DIVERSE_HIGH,18,r18-t015-70304a65,1789128715374932181,1789128715676449409,0.0,406,0,0.0,False,False,False,False
B1_RL2_TC,ATTACK_DIVERSE_HIGH,18,r18-t016-97a992c8,1789128715689106955,1789128716002692104,0.0,406,0,0.0,False,False,False,False
B1_RL2_TC,ATTACK_DIVERSE_HIGH,18,r18-t017-f049c2f9,1789128716016352616,1789128716370290488,0.0,406,0,0.0,False,False,False,False
B1_RL2_TC,ATTACK_DIVERSE_HIGH,18,r18-t018-1f874f23,1789128716382103036,1789128716718597201,0.0,406,0,0.0,False,False,False,False
B1_RL2_TC,ATTACK_DIVERSE_HIGH,18,r18-t019-302c8c14,1789128716731171157,1789128717033125975,0.0,406,0,0.0,False,False,False,False
B1_RL2_TC,ATTACK_DIVERSE_HIGH,18,r18-t020-fa50985b,1789128717045611942,1789128717379519656,0.0,406,0,0.0,False,False,False,False
B1_RL2_TC,ATTACK_DIVERSE_HIGH,18,r18-t021-fb1ccd13,1789128717392392774,1789128717691688908,0.0,406,0,0.0,False,False,False,False
B1_RL2_TC,ATTACK_DIVERSE_HIGH,18,r18-t022-608ddec7,1789128717704636304,1789128718035566019,0.0,406,0,0.0,False,False,False,False
B1_RL2_TC,ATTACK_DIVERSE_HIGH,18,r18-t023-cd5795b0,1789128718048210918,1789128718335287621,0.0,406,0,0.0,False,False,False,False
B1_RL2_TC,ATTACK_DIVERSE_HIGH,18,r18-t024-11ce1ec3,1789128718346279951,1789128718663283711,0.0,406,0,0.0,False,False,False,False
B1_RL2_TC,ATTACK_DIVERSE_HIGH,18,r18-t025-4a0a1b79,1789128718674248771,1789128719004406391,0.0,406,0,0.0,False,False,False,False
B1_RL2_TC,ATTACK_DIVERSE_HIGH,18,r18-t026-b1c8eadc,1789128719015963921,1789128719339675651,0.0,406,0,0.0,False,False,False,False
B1_RL2_TC,ATTACK_DIVERSE_HIGH,18,r18-t027-072d7d3c,1789128719351303831,1789128719696158721,0.0,406,0,0.0,False,False,False,False
B1_RL2_TC,ATTACK_DIVERSE_HIGH,18,r18-t028-25a56586,1789128719707821191,1789128720072051101,0.0,406,0,0.0,False,False,False,False
B1_RL2_TC,ATTACK_DIVERSE_HIGH,18,r18-t029-9b440592,1789128720083902751,1789128720430008191,0.0,406,0,0.0,False,False,False,False
B1_RL2_TC,ATTACK_DIVERSE_HIGH,18,r18-t030-20fc62e4,1789128720441656441,1789128720770810651,0.0,406,0,0.0,False,False,False,False
B1_RL2_TC,ATTACK_DIVERSE_HIGH,18,r18-t031-255b0b5d,1789128720782823671,1789128721087315001,0.0,406,0,0.0,False,False,False,False
B1_RL2_TC,ATTACK_DIVERSE_HIGH,18,r18-t032-53d7f052,1789128721098349901,1789128721458078011,0.0,406,0,0.0,False,False,False,False
B1_RL2_TC,ATTACK_DIVERSE_HIGH,18,r18-t033-a2c16278,1789128721468230011,1789128721815944291,0.0,406,0,0.0,False,False,False,False
B1_RL2_TC,ATTACK_DIVERSE_HIGH,18,r18-t034-91f6657e,1789128721829852441,1789128722147991461,0.0,406,0,0.0,False,False,False,False
B1_RL2_TC,ATTACK_DIVERSE_HIGH,18,r18-t035-56511fcf,1789128722159493821,1789128722505910031,0.0,406,0,0.0,False,False,False,False
B1_RL2_TC,ATTACK_DIVERSE_HIGH,18,r18-t036-e1633c8f,1789128722516573861,1789128722874818591,0.0,406,0,0.0,False,False,False,False
B1_RL2_TC,ATTACK_DIVERSE_HIGH,18,r18-t037-05e9a92d,1789128722887390511,1789128723204012311,0.0,406,0,0.0,False,False,False,False
B1_RL2_TC,ATTACK_DIVERSE_HIGH,18,r18-t038-62b70c7c,1789128723214782791,1789128723556148381,0.0,406,0,0.0,False,False,False,False
B1_RL2_TC,ATTACK_DIVERSE_HIGH,18,r18-t039-66853b10,1789128723566274821,1789128723869840951,0.0,406,0,0.0,False,False,False,False
B1_RL2_TC,ATTACK_DIVERSE_HIGH,18,r18-t040-1749eda4,1789128723882194351,1789128724201711631,0.0,406,0,0.0,False,False,False,False
B1_RL2_TC,ATTACK_DIVERSE_HIGH,18,r18-t041-8164f3de,1789128724212759401,1789128724556416211,0.0,406,0,0.0,False,False,False,False
B1_RL2_TC,ATTACK_DIVERSE_HIGH,18,r18-t042-270b1e30,1789128724567437701,1789128724891417541,0.0,406,0,0.0,False,False,False,False
B1_RL2_TC,ATTACK_DIVERSE_HIGH,18,r18-t043-4b5f6c2f,1789128724903968311,1789128725272859951,0.0,406,0,0.0,False,False,False,False
B1_RL2_TC,ATTACK_DIVERSE_HIGH,18,r18-t044-39790929,1789128725285725451,1789128725587754561,0.0,406,0,0.0,False,False,False,False
B1_RL2_TC,ATTACK_DIVERSE_HIGH,18,r18-t045-1e49c9b8,1789128725598053351,1789128725944265081,0.0,406,0,0.0,False,False,False,False
B1_RL2_TC,ATTACK_DIVERSE_HIGH,18,r18-t046-ee85cdeb,1789128725955602741,1789128726278943976,0.0,406,0,0.0,False,False,False,False
B1_RL2_TC,ATTACK_DIVERSE_HIGH,18,r18-t047-b6ecca53,1789128726290336176,1789128726642519136,0.0,406,0,0.0,False,False,False,False
B1_RL2_TC,ATTACK_DIVERSE_HIGH,18,r18-t048-77442d4e,1789128726652980376,1789128726981072676,0.0,406,0,0.0,False,False,False,False
B1_RL2_TC,ATTACK_DIVERSE_HIGH,18,r18-t049-e84fc27c,1789128726992973286,1789128727350718066,0.0,406,0,0.0,False,False,False,False
B0_OFF,ATTACK_DIVERSE_MODERATE,18,r18-t000-46df6b06,1789128738858220431,1789128738999173349,0.0,24,0,0.0,False,False,False,False
B0_OFF,ATTACK_DIVERSE_MODERATE,18,r18-t001-cd2dbcc4,1789128739010082828,1789128739288998496,0.0,25,0,0.0,False,False,False,False
B0_OFF,ATTACK_DIVERSE_MODERATE,18,r18-t002-aab03a05,1789128739298445586,1789128739613317029,0.0,26,0,0.0,False,False,False,False
B0_OFF,ATTACK_DIVERSE_MODERATE,18,r18-t003-dbaec714,1789128740471704453,1789128740783679071,0.0,19,0,0.0,False,False,False,False
B0_OFF,ATTACK_DIVERSE_MODERATE,18,r18-t004-d02ec194,1789128741941675242,1789128742267903944,0.0,4,0,0.0,False,False,False,False
B0_OFF,ATTACK_DIVERSE_MODERATE,18,r18-t005-f089d575,1789128742277976125,1789128742586340925,0.0,8,0,0.0,False,False,False,False
B0_OFF,ATTACK_DIVERSE_MODERATE,18,r18-t006-5ca92f50,1789128742596447629,1789128742919505099,0.0,12,0,0.0,False,False,False,False
B0_OFF,ATTACK_DIVERSE_MODERATE,18,r18-t007-787e0d8a,1789128742929406817,1789128743239526147,0.0,13,0,0.0,False,False,False,False
B0_OFF,ATTACK_DIVERSE_MODERATE,18,r18-t008-610f7ca0,1789128743249342117,1789128743613439016,0.0,18,0,0.0,False,False,False,False
B0_OFF,ATTACK_DIVERSE_MODERATE,18,r18-t009-34da86d3,1789128743623453687,1789128743927360580,0.0,24,0,0.0,False,False,False,False
B0_OFF,ATTACK_DIVERSE_MODERATE,18,r18-t010-136aae9c,1789128743939498096,1789128744247143371,0.0,29,0,0.0,False,False,False,False
B0_OFF,ATTACK_DIVERSE_MODERATE,18,r18-t011-f68f4419,1789128744257032400,1789128744566739891,0.0,31,0,0.0,False,False,False,False
B0_OFF,ATTACK_DIVERSE_MODERATE,18,r18-t012-34f82c95,1789128744579301109,1789128744906310365,0.0,31,0,0.0,False,False,False,False
B0_OFF,ATTACK_DIVERSE_MODERATE,18,r18-t013-80f9514f,1789128744916943381,1789128745242868815,0.0,30,0,0.0,False,False,False,False
B0_OFF,ATTACK_DIVERSE_MODERATE,18,r18-t014-979060b2,1789128745252934360,1789128745600419988,0.0,30,0,0.0,False,False,False,False
B0_OFF,ATTACK_DIVERSE_MODERATE,18,r18-t015-5e037a18,1789128745612949093,1789128745931210443,0.0,30,0,0.0,False,False,False,False
B0_OFF,ATTACK_DIVERSE_MODERATE,18,r18-t016-12cea815,1789128745942666523,1789128746271485873,0.0,30,0,0.0,False,False,False,False
B0_OFF,ATTACK_DIVERSE_MODERATE,18,r18-t017-ae620810,1789128746282039072,1789128746595644580,0.0,30,0,0.0,False,False,False,False
B0_OFF,ATTACK_DIVERSE_MODERATE,18,r18-t018-b58af5bb,1789128746607602064,1789128746927315124,0.0,30,0,0.0,False,False,False,False
B0_OFF,ATTACK_DIVERSE_MODERATE,18,r18-t019-6af3fcef,1789128746938755608,1789128747247165760,0.0,30,0,0.0,False,False,False,False
B0_OFF,ATTACK_DIVERSE_MODERATE,18,r18-t020-f5a2b1b9,1789128747257432088,1789128747595931287,0.0,30,0,0.0,False,False,False,False
B0_OFF,ATTACK_DIVERSE_MODERATE,18,r18-t021-c618d0af,1789128747608662745,1789128747924542287,0.0,30,0,0.0,False,False,False,False
B0_OFF,ATTACK_DIVERSE_MODERATE,18,r18-t022-4588644f,1789128747935028961,1789128748278378696,0.0,30,0,0.0,False,False,False,False
B0_OFF,ATTACK_DIVERSE_MODERATE,18,r18-t023-98c524d7,1789128748290517400,1789128748599674030,0.0,30,0,0.0,False,False,False,False
B0_OFF,ATTACK_DIVERSE_MODERATE,18,r18-t024-cc242809,1789128748611630406,1789128748915612810,0.0,30,0,0.0,False,False,False,False
B0_OFF,ATTACK_DIVERSE_MODERATE,18,r18-t025-6d5ff72a,1789128748926171362,1789128749259602264,0.0,30,0,0.0,False,False,False,False
B0_OFF,ATTACK_DIVERSE_MODERATE,18,r18-t026-9713e36f,1789128749270730410,1789128749610373132,0.0,30,0,0.0,False,False,False,False
B0_OFF,ATTACK_DIVERSE_MODERATE,18,r18-t027-5a22f0d1,1789128749620202923,1789128749911509417,0.0,30,0,0.0,False,False,False,False
B0_OFF,ATTACK_DIVERSE_MODERATE,18,r18-t028-629bd996,1789128749922400886,1789128750220397444,0.0,30,0,0.0,False,False,False,False
B0_OFF,ATTACK_DIVERSE_MODERATE,18,r18-t029-c3d01b6b,1789128750230526749,1789128750559712324,0.0,31,0,0.0,False,False,False,False
B0_OFF,ATTACK_DIVERSE_MODERATE,18,r18-t030-d6bfe865,1789128750570271523,1789128750871210070,0.0,31,0,0.0,False,False,False,False
B0_OFF,ATTACK_DIVERSE_MODERATE,18,r18-t031-161beaed,1789128750883490411,1789128751229281377,0.0,31,0,0.0,False,False,False,False
B0_OFF,ATTACK_DIVERSE_MODERATE,18,r18-t032-7ff1aa43,1789128751240216307,1789128751569339784,0.0,31,0,0.0,False,False,False,False
B0_OFF,ATTACK_DIVERSE_MODERATE,18,r18-t033-bddc5d14,1789128751580160388,1789128751927219813,0.0,31,0,0.0,False,False,False,False
B0_OFF,ATTACK_DIVERSE_MODERATE,18,r18-t034-86212c32,1789128751942774135,1789128752234374497,0.0,30,0,0.0,False,False,False,False
B0_OFF,ATTACK_DIVERSE_MODERATE,18,r18-t035-0d6f21cf,1789128752245008249,1789128752579247901,0.0,30,0,0.0,False,False,False,False
B0_OFF,ATTACK_DIVERSE_MODERATE,18,r18-t036-6bc43026,1789128752590100978,1789128752903617993,0.0,30,0,0.0,False,False,False,False
B0_OFF,ATTACK_DIVERSE_MODERATE,18,r18-t037-1489614b,1789128752915760684,1789128753256931180,0.0,30,0,0.0,False,False,False,False
B0_OFF,ATTACK_DIVERSE_MODERATE,18,r18-t038-56fadd64,1789128753268137779,1789128753583294722,0.0,30,0,0.0,False,False,False,False
B0_OFF,ATTACK_DIVERSE_MODERATE,18,r18-t039-673385c8,1789128753593443412,1789128753923582420,0.0,30,0,0.0,False,False,False,False
B0_OFF,ATTACK_DIVERSE_MODERATE,18,r18-t040-4c497433,1789128753938163172,1789128754254956556,0.0,30,0,0.0,False,False,False,False
B0_OFF,ATTACK_DIVERSE_MODERATE,18,r18-t041-618eafb8,1789128754265084974,1789128754611651967,0.0,30,0,0.0,False,False,False,False
B0_OFF,ATTACK_DIVERSE_MODERATE,18,r18-t042-ed9af97b,1789128754624824498,1789128754923142235,0.0,30,0,0.0,False,False,False,False
B0_OFF,ATTACK_DIVERSE_MODERATE,18,r18-t043-7914cbab,1789128754936847711,1789128755270693754,0.0,30,0,0.0,False,False,False,False
B0_OFF,ATTACK_DIVERSE_MODERATE,18,r18-t044-f6ad9ebc,1789128755280927568,1789128755587332116,0.0,30,0,0.0,False,False,False,False
B0_OFF,ATTACK_DIVERSE_MODERATE,18,r18-t045-1935df16,1789128755597689857,1789128755933143722,0.0,30,0,0.0,False,False,False,False
B0_OFF,ATTACK_DIVERSE_MODERATE,18,r18-t046-6ec89ece,1789128755944787409,1789128756226789437,0.0,30,0,0.0,False,False,False,False
B0_OFF,ATTACK_DIVERSE_MODERATE,18,r18-t047-041fd83e,1789128756238194628,1789128756555361991,0.0,31,0,0.0,False,False,False,False
B0_OFF,ATTACK_DIVERSE_MODERATE,18,r18-t048-00d07944,1789128756565275031,1789128756862578248,0.0,31,0,0.0,False,False,False,False
B0_OFF,ATTACK_DIVERSE_MODERATE,18,r18-t049-d0188e87,1789128756872188215,1789128757210597124,0.0,31,0,0.0,False,False,False,False
B1_RL2_TC,BENIGN_DIVERSE_MODERATE,18,r18-t000-46df6b06,1789128767691742300,1789128768466599253,0.0,24,0,0.0,False,False,False,False
B1_RL2_TC,BENIGN_DIVERSE_MODERATE,18,r18-t001-cd2dbcc4,1789128768477116746,1789128768846093814,0.0,26,0,0.0,False,False,False,False
B1_RL2_TC,BENIGN_DIVERSE_MODERATE,18,r18-t002-aab03a05,1789128768858025967,1789128769226401679,0.0,27,0,0.0,False,False,False,False
B1_RL2_TC,BENIGN_DIVERSE_MODERATE,18,r18-t003-dbaec714,1789128769236692008,1789128769621776153,0.0,28,0,0.0,False,False,False,False
B1_RL2_TC,BENIGN_DIVERSE_MODERATE,18,r18-t004-d02ec194,1789128769631523091,1789128770006634824,0.0,29,0,0.0,False,False,False,False
B1_RL2_TC,BENIGN_DIVERSE_MODERATE,18,r18-t005-f089d575,1789128770017584757,1789128770412185951,0.0,30,0,0.0,False,False,False,False
B1_RL2_TC,BENIGN_DIVERSE_MODERATE,18,r18-t006-5ca92f50,1789128770422693581,1789128770812419379,0.0,29,0,0.0,False,False,False,False
B1_RL2_TC,BENIGN_DIVERSE_MODERATE,18,r18-t007-787e0d8a,1789128770822950683,1789128771230587252,0.0,29,0,0.0,False,False,False,False
B1_RL2_TC,BENIGN_DIVERSE_MODERATE,18,r18-t008-610f7ca0,1789128771240751409,1789128771614666912,0.0,29,0,0.0,False,False,False,False
B1_RL2_TC,BENIGN_DIVERSE_MODERATE,18,r18-t009-34da86d3,1789128772961759688,1789128773322522193,0.0,12,0,0.0,False,False,False,False
B1_RL2_TC,BENIGN_DIVERSE_MODERATE,18,r18-t010-136aae9c,1789128774475113159,1789128774828788561,0.0,4,0,0.0,False,False,False,False
B1_RL2_TC,BENIGN_DIVERSE_MODERATE,18,r18-t011-f68f4419,1789128774838845902,1789128775223693393,0.0,9,0,0.0,False,False,False,False
B1_RL2_TC,BENIGN_DIVERSE_MODERATE,18,r18-t012-34f82c95,1789128775234789414,1789128775629158746,0.0,13,0,0.0,False,False,False,False
B1_RL2_TC,BENIGN_DIVERSE_MODERATE,18,r18-t013-80f9514f,1789128775639630393,1789128776024808485,0.0,16,0,0.0,False,False,False,False
B1_RL2_TC,BENIGN_DIVERSE_MODERATE,18,r18-t014-979060b2,1789128776035529093,1789128776400468119,0.0,22,0,0.0,False,False,False,False
B1_RL2_TC,BENIGN_DIVERSE_MODERATE,18,r18-t015-5e037a18,1789128776410928023,1789128776783681209,0.0,27,0,0.0,False,False,False,False
B1_RL2_TC,BENIGN_DIVERSE_MODERATE,18,r18-t016-12cea815,1789128776794186113,1789128777172797007,0.0,30,0,0.0,False,False,False,False
B1_RL2_TC,BENIGN_DIVERSE_MODERATE,18,r18-t017-ae620810,1789128777182963985,1789128777566204696,0.0,29,0,0.0,False,False,False,False
B1_RL2_TC,BENIGN_DIVERSE_MODERATE,18,r18-t018-b58af5bb,1789128777578136753,1789128777961930531,0.0,29,0,0.0,False,False,False,False
B1_RL2_TC,BENIGN_DIVERSE_MODERATE,18,r18-t019-6af3fcef,1789128777972361783,1789128778326195111,0.0,29,0,0.0,False,False,False,False
B1_RL2_TC,BENIGN_DIVERSE_MODERATE,18,r18-t020-f5a2b1b9,1789128778337016146,1789128778713447722,0.0,30,0,0.0,False,False,False,False
B1_RL2_TC,BENIGN_DIVERSE_MODERATE,18,r18-t021-c618d0af,1789128778725061055,1789128779126352026,0.0,30,0,0.0,False,False,False,False
B1_RL2_TC,BENIGN_DIVERSE_MODERATE,18,r18-t022-4588644f,1789128779136987352,1789128779521574817,0.0,29,0,0.0,False,False,False,False
B1_RL2_TC,BENIGN_DIVERSE_MODERATE,18,r18-t023-98c524d7,1789128779531601233,1789128779879078662,0.0,29,0,0.0,False,False,False,False
B1_RL2_TC,BENIGN_DIVERSE_MODERATE,18,r18-t024-cc242809,1789128779889477819,1789128780316683226,0.0,30,0,0.0,False,False,False,False
B1_RL2_TC,BENIGN_DIVERSE_MODERATE,18,r18-t025-6d5ff72a,1789128780326946092,1789128780701226163,0.0,29,0,0.0,False,False,False,False
B1_RL2_TC,BENIGN_DIVERSE_MODERATE,18,r18-t026-9713e36f,1789128780712265593,1789128781094667407,0.0,29,0,0.0,False,False,False,False
B1_RL2_TC,BENIGN_DIVERSE_MODERATE,18,r18-t027-5a22f0d1,1789128781104892936,1789128781481032032,0.0,29,0,0.0,False,False,False,False
B1_RL2_TC,BENIGN_DIVERSE_MODERATE,18,r18-t028-629bd996,1789128781491456858,1789128781877009821,0.0,29,0,0.0,False,False,False,False
B1_RL2_TC,BENIGN_DIVERSE_MODERATE,18,r18-t029-c3d01b6b,1789128781889942628,1789128782232948220,0.0,29,0,0.0,False,False,False,False
B1_RL2_TC,BENIGN_DIVERSE_MODERATE,18,r18-t030-d6bfe865,1789128782243078814,1789128782634783972,0.0,29,0,0.0,False,False,False,False
B1_RL2_TC,BENIGN_DIVERSE_MODERATE,18,r18-t031-161beaed,1789128782645406789,1789128782987812527,0.0,29,0,0.0,False,False,False,False
B1_RL2_TC,BENIGN_DIVERSE_MODERATE,18,r18-t032-7ff1aa43,1789128782997690053,1789128783383908495,0.0,30,0,0.0,False,False,False,False
B1_RL2_TC,BENIGN_DIVERSE_MODERATE,18,r18-t033-bddc5d14,1789128783395238516,1789128783760059166,0.0,30,0,0.0,False,False,False,False
B1_RL2_TC,BENIGN_DIVERSE_MODERATE,18,r18-t034-86212c32,1789128783770227099,1789128784117309666,0.0,30,0,0.0,False,False,False,False
B1_RL2_TC,BENIGN_DIVERSE_MODERATE,18,r18-t035-0d6f21cf,1789128784127044277,1789128784501698207,0.0,30,0,0.0,False,False,False,False
B1_RL2_TC,BENIGN_DIVERSE_MODERATE,18,r18-t036-6bc43026,1789128784512907064,1789128784888246821,0.0,30,0,0.0,False,False,False,False
B1_RL2_TC,BENIGN_DIVERSE_MODERATE,18,r18-t037-1489614b,1789128784898512301,1789128785248362264,0.0,30,0,0.0,False,False,False,False
B1_RL2_TC,BENIGN_DIVERSE_MODERATE,18,r18-t038-56fadd64,1789128785258816401,1789128785634090628,0.0,30,0,0.0,False,False,False,False
B1_RL2_TC,BENIGN_DIVERSE_MODERATE,18,r18-t039-673385c8,1789128785646958558,1789128786014527187,0.0,30,0,0.0,False,False,False,False
B1_RL2_TC,BENIGN_DIVERSE_MODERATE,18,r18-t040-4c497433,1789128786027080440,1789128786417694079,0.0,30,0,0.0,False,False,False,False
B1_RL2_TC,BENIGN_DIVERSE_MODERATE,18,r18-t041-618eafb8,1789128786427862008,1789128786796819139,0.0,30,0,0.0,False,False,False,False
B1_RL2_TC,BENIGN_DIVERSE_MODERATE,18,r18-t042-ed9af97b,1789128786807123247,1789128787180379133,0.0,30,0,0.0,False,False,False,False
B1_RL2_TC,BENIGN_DIVERSE_MODERATE,18,r18-t043-7914cbab,1789128787193458177,1789128787580526756,0.0,30,0,0.0,False,False,False,False
B1_RL2_TC,BENIGN_DIVERSE_MODERATE,18,r18-t044-f6ad9ebc,1789128787591704217,1789128787953572490,0.0,29,0,0.0,False,False,False,False
B1_RL2_TC,BENIGN_DIVERSE_MODERATE,18,r18-t045-1935df16,1789128787963591029,1789128788352905346,0.0,30,0,0.0,False,False,False,False
B1_RL2_TC,BENIGN_DIVERSE_MODERATE,18,r18-t046-6ec89ece,1789128788363405535,1789128788740233467,0.0,29,0,0.0,False,False,False,False
B1_RL2_TC,BENIGN_DIVERSE_MODERATE,18,r18-t047-041fd83e,1789128788751210063,1789128789157582991,0.0,29,0,0.0,False,False,False,False
B1_RL2_TC,BENIGN_DIVERSE_MODERATE,18,r18-t048-00d07944,1789128789170407462,1789128789556993564,0.0,29,0,0.0,False,False,False,False
B1_RL2_TC,BENIGN_DIVERSE_MODERATE,18,r18-t049-d0188e87,1789128789567105545,1789128789925582127,0.0,29,0,0.0,False,False,False,False
RFC_DROP_NATIVE,ATTACK_DIVERSE_HIGH,18,r18-t000-41dba775,1789128802117419605,1789128804129377403,0.0,400,0,0.0,False,False,False,False
RFC_DROP_NATIVE,ATTACK_DIVERSE_HIGH,18,r18-t001-33378cfc,1789128802123823774,1789128804136156945,0.0,400,0,0.0,False,False,False,False
RFC_DROP_NATIVE,ATTACK_DIVERSE_HIGH,18,r18-t002-1c28bbde,1789128802135159458,1789128804144253034,0.0,400,0,0.0,False,False,False,False
RFC_DROP_NATIVE,ATTACK_DIVERSE_HIGH,18,r18-t003-a819a1f2,1789128802143449901,1789128804152605091,0.0,400,0,0.0,False,False,False,False
RFC_DROP_NATIVE,ATTACK_DIVERSE_HIGH,18,r18-t004-20fa7c45,1789128802153184925,1789128804164174922,0.0,400,0,0.0,False,False,False,False
RFC_DROP_NATIVE,ATTACK_DIVERSE_HIGH,18,r18-t005-4a34e312,1789128802163699950,1789128804175573036,0.0,400,0,0.0,False,False,False,False
RFC_DROP_NATIVE,ATTACK_DIVERSE_HIGH,18,r18-t006-4000cc38,1789128802173395527,1789128804184082373,0.0,400,0,0.0,False,False,False,False
RFC_DROP_NATIVE,ATTACK_DIVERSE_HIGH,18,r18-t007-4aca67f7,1789128802183533650,1789128804202599876,0.0,400,0,0.0,False,False,False,False
RFC_DROP_NATIVE,ATTACK_DIVERSE_HIGH,18,r18-t008-0ccde3ef,1789128802193725203,1789128804204247492,0.0,400,0,0.0,False,False,False,False
RFC_DROP_NATIVE,ATTACK_DIVERSE_HIGH,18,r18-t009-5474d050,1789128802203219837,1789128804215168107,0.0,400,0,0.0,False,False,False,False
RFC_DROP_NATIVE,ATTACK_DIVERSE_HIGH,18,r18-t010-bbf20d5d,1789128802213511258,1789128804223750188,0.0,400,0,0.0,False,False,False,False
RFC_DROP_NATIVE,ATTACK_DIVERSE_HIGH,18,r18-t011-60a4aad4,1789128802223919613,1789128804235240388,0.0,400,0,0.0,False,False,False,False
RFC_DROP_NATIVE,ATTACK_DIVERSE_HIGH,18,r18-t012-b22f04bc,1789128802233731744,1789128804242024082,0.0,400,0,0.0,False,False,False,False
RFC_DROP_NATIVE,ATTACK_DIVERSE_HIGH,18,r18-t013-22864a46,1789128802244503107,1789128804255826586,0.0,400,0,0.0,False,False,False,False
RFC_DROP_NATIVE,ATTACK_DIVERSE_HIGH,18,r18-t014-3d7ae3f4,1789128802254112431,1789128804264527263,0.0,400,0,0.0,False,False,False,False
RFC_DROP_NATIVE,ATTACK_DIVERSE_HIGH,18,r18-t015-70304a65,1789128803350333423,1789128805362148356,0.0,404,0,0.0,False,False,False,False
RFC_DROP_NATIVE,ATTACK_DIVERSE_HIGH,18,r18-t016-97a992c8,1789128803360443013,1789128805370412761,0.0,404,0,0.0,False,False,False,False
RFC_DROP_NATIVE,ATTACK_DIVERSE_HIGH,18,r18-t017-f049c2f9,1789128803370202277,1789128805381996650,0.0,404,0,0.0,False,False,False,False
RFC_DROP_NATIVE,ATTACK_DIVERSE_HIGH,18,r18-t018-1f874f23,1789128803378984037,1789128805389970368,0.0,404,0,0.0,False,False,False,False
RFC_DROP_NATIVE,ATTACK_DIVERSE_HIGH,18,r18-t019-302c8c14,1789128803389172886,1789128805400260259,0.0,404,0,0.0,False,False,False,False
RFC_DROP_NATIVE,ATTACK_DIVERSE_HIGH,18,r18-t020-fa50985b,1789128803399845127,1789128805410095671,0.0,404,0,0.0,False,False,False,False
RFC_DROP_NATIVE,ATTACK_DIVERSE_HIGH,18,r18-t021-fb1ccd13,1789128803409451374,1789128805418890980,0.0,404,0,0.0,False,False,False,False
RFC_DROP_NATIVE,ATTACK_DIVERSE_HIGH,18,r18-t022-608ddec7,1789128803419279741,1789128805430299003,0.0,404,0,0.0,False,False,False,False
RFC_DROP_NATIVE,ATTACK_DIVERSE_HIGH,18,r18-t023-cd5795b0,1789128803429606496,1789128805440543136,0.0,404,0,0.0,False,False,False,False
RFC_DROP_NATIVE,ATTACK_DIVERSE_HIGH,18,r18-t024-11ce1ec3,1789128803439196144,1789128805450570359,0.0,404,0,0.0,False,False,False,False
RFC_DROP_NATIVE,ATTACK_DIVERSE_HIGH,18,r18-t025-4a0a1b79,1789128803449598905,1789128805458590685,0.0,404,0,0.0,False,False,False,False
RFC_DROP_NATIVE,ATTACK_DIVERSE_HIGH,18,r18-t026-b1c8eadc,1789128803459089432,1789128805469804254,0.0,404,0,0.0,False,False,False,False
RFC_DROP_NATIVE,ATTACK_DIVERSE_HIGH,18,r18-t027-072d7d3c,1789128803469249563,1789128805480302279,0.0,404,0,0.0,False,False,False,False
RFC_DROP_NATIVE,ATTACK_DIVERSE_HIGH,18,r18-t028-25a56586,1789128803479179561,1789128805517848562,0.0,404,0,0.0,False,False,False,False
RFC_DROP_NATIVE,ATTACK_DIVERSE_HIGH,18,r18-t029-9b440592,1789128803506336466,1789128805518099531,0.0,404,0,0.0,False,False,False,False
RFC_DROP_NATIVE,ATTACK_DIVERSE_HIGH,18,r18-t030-20fc62e4,1789128803508184795,1789128805519240681,0.0,404,0,0.0,False,False,False,False
RFC_DROP_NATIVE,ATTACK_DIVERSE_HIGH,18,r18-t031-255b0b5d,1789128803510643519,1789128805531504449,0.0,404,0,0.0,False,False,False,False
RFC_DROP_NATIVE,ATTACK_DIVERSE_HIGH,18,r18-t032-53d7f052,1789128803519741383,1789128805530065438,0.0,404,0,0.0,False,False,False,False
RFC_DROP_NATIVE,ATTACK_DIVERSE_HIGH,18,r18-t033-a2c16278,1789128803529616181,1789128805538157469,0.0,404,0,0.0,False,False,False,False
RFC_DROP_NATIVE,ATTACK_DIVERSE_HIGH,18,r18-t034-91f6657e,1789128803540087101,1789128805550012705,0.0,404,0,0.0,False,False,False,False
RFC_DROP_NATIVE,ATTACK_DIVERSE_HIGH,18,r18-t035-56511fcf,1789128803549089295,1789128805560803401,0.0,404,0,0.0,False,False,False,False
RFC_DROP_NATIVE,ATTACK_DIVERSE_HIGH,18,r18-t036-e1633c8f,1789128803559677615,1789128805581023338,0.0,404,0,0.0,False,False,False,False
RFC_DROP_NATIVE,ATTACK_DIVERSE_HIGH,18,r18-t037-05e9a92d,1789128803569338506,1789128805581159860,0.0,404,0,0.0,False,False,False,False
RFC_DROP_NATIVE,ATTACK_DIVERSE_HIGH,18,r18-t038-62b70c7c,1789128803579223653,1789128805590407479,0.0,404,0,0.0,False,False,False,False
RFC_DROP_NATIVE,ATTACK_DIVERSE_HIGH,18,r18-t039-66853b10,1789128803589338651,1789128805600428570,0.0,404,0,0.0,False,False,False,False
RFC_DROP_NATIVE,ATTACK_DIVERSE_HIGH,18,r18-t040-1749eda4,1789128804745249143,1789128806765697371,0.0,312,0,0.0,False,False,False,False
RFC_DROP_NATIVE,ATTACK_DIVERSE_HIGH,18,r18-t041-8164f3de,1789128804754708619,1789128806764416112,0.0,310,0,0.0,False,False,False,False
RFC_DROP_NATIVE,ATTACK_DIVERSE_HIGH,18,r18-t042-270b1e30,1789128804764998551,1789128806775949807,0.0,308,0,0.0,False,False,False,False
RFC_DROP_NATIVE,ATTACK_DIVERSE_HIGH,18,r18-t043-4b5f6c2f,1789128804774740654,1789128806786569731,0.0,306,0,0.0,False,False,False,False
RFC_DROP_NATIVE,ATTACK_DIVERSE_HIGH,18,r18-t044-39790929,1789128804785167935,1789128806796937744,0.0,304,0,0.0,False,False,False,False
RFC_DROP_NATIVE,ATTACK_DIVERSE_HIGH,18,r18-t045-1e49c9b8,1789128804795055879,1789128806806641256,0.0,302,0,0.0,False,False,False,False
RFC_DROP_NATIVE,ATTACK_DIVERSE_HIGH,18,r18-t046-ee85cdeb,1789128804804998750,1789128806815738765,0.0,300,0,0.0,False,False,False,False
RFC_DROP_NATIVE,ATTACK_DIVERSE_HIGH,18,r18-t047-b6ecca53,1789128804814753630,1789128806826661267,0.0,298,0,0.0,False,False,False,False
RFC_DROP_NATIVE,ATTACK_DIVERSE_HIGH,18,r18-t048-77442d4e,1789128804824442490,1789128806833203521,0.0,296,0,0.0,False,False,False,False
RFC_DROP_NATIVE,ATTACK_DIVERSE_HIGH,18,r18-t049-e84fc27c,1789128804834634045,1789128806846034609,0.0,294,0,0.0,False,False,False,False
RFC_DROP_NATIVE,ATTACK_DIVERSE_MODERATE,18,r18-t000-46df6b06,1789128839828192922,1789128841840686151,0.0,12,0,0.0,False,False,False,False
RFC_DROP_NATIVE,ATTACK_DIVERSE_MODERATE,18,r18-t001-cd2dbcc4,1789128839833905758,1789128841845584324,0.0,12,0,0.0,False,False,False,False
RFC_DROP_NATIVE,ATTACK_DIVERSE_MODERATE,18,r18-t002-aab03a05,1789128839842428798,1789128841852446128,0.0,12,0,0.0,False,False,False,False
RFC_DROP_NATIVE,ATTACK_DIVERSE_MODERATE,18,r18-t003-dbaec714,1789128839852452861,1789128841862262962,0.0,12,0,0.0,False,False,False,False
RFC_DROP_NATIVE,ATTACK_DIVERSE_MODERATE,18,r18-t004-d02ec194,1789128839862991834,1789128841873120568,0.0,12,0,0.0,False,False,False,False
RFC_DROP_NATIVE,ATTACK_DIVERSE_MODERATE,18,r18-t005-f089d575,1789128839873009666,1789128841882378967,0.0,12,0,0.0,False,False,False,False
RFC_DROP_NATIVE,ATTACK_DIVERSE_MODERATE,18,r18-t006-5ca92f50,1789128839882946871,1789128841892504992,0.0,12,0,0.0,False,False,False,False
RFC_DROP_NATIVE,ATTACK_DIVERSE_MODERATE,18,r18-t007-787e0d8a,1789128839892474338,1789128841901861199,0.0,12,0,0.0,False,False,False,False
RFC_DROP_NATIVE,ATTACK_DIVERSE_MODERATE,18,r18-t008-610f7ca0,1789128839902867165,1789128841912585877,0.0,12,0,0.0,False,False,False,False
RFC_DROP_NATIVE,ATTACK_DIVERSE_MODERATE,18,r18-t009-34da86d3,1789128839912767930,1789128841921714652,0.0,13,0,0.0,False,False,False,False
RFC_DROP_NATIVE,ATTACK_DIVERSE_MODERATE,18,r18-t010-136aae9c,1789128839922275287,1789128841932253060,0.0,13,0,0.0,False,False,False,False
RFC_DROP_NATIVE,ATTACK_DIVERSE_MODERATE,18,r18-t011-f68f4419,1789128839932242326,1789128841941548089,0.0,13,0,0.0,False,False,False,False
RFC_DROP_NATIVE,ATTACK_DIVERSE_MODERATE,18,r18-t012-34f82c95,1789128839942296221,1789128841951369642,0.0,13,0,0.0,False,False,False,False
RFC_DROP_NATIVE,ATTACK_DIVERSE_MODERATE,18,r18-t013-80f9514f,1789128839952501834,1789128841961598290,0.0,13,0,0.0,False,False,False,False
RFC_DROP_NATIVE,ATTACK_DIVERSE_MODERATE,18,r18-t014-979060b2,1789128839962640133,1789128841972929269,0.0,13,0,0.0,False,False,False,False
RFC_DROP_NATIVE,ATTACK_DIVERSE_MODERATE,18,r18-t015-5e037a18,1789128839972679112,1789128841982042182,0.0,13,0,0.0,False,False,False,False
RFC_DROP_NATIVE,ATTACK_DIVERSE_MODERATE,18,r18-t016-12cea815,1789128839982910498,1789128841993339739,0.0,13,0,0.0,False,False,False,False
RFC_DROP_NATIVE,ATTACK_DIVERSE_MODERATE,18,r18-t017-ae620810,1789128839992482149,1789128842001731643,0.0,14,0,0.0,False,False,False,False
RFC_DROP_NATIVE,ATTACK_DIVERSE_MODERATE,18,r18-t018-b58af5bb,1789128840002571732,1789128842012907790,0.0,14,0,0.0,False,False,False,False
RFC_DROP_NATIVE,ATTACK_DIVERSE_MODERATE,18,r18-t019-6af3fcef,1789128840012854477,1789128842021722462,0.0,14,0,0.0,False,False,False,False
RFC_DROP_NATIVE,ATTACK_DIVERSE_MODERATE,18,r18-t020-f5a2b1b9,1789128840022658376,1789128842032540323,0.0,14,0,0.0,False,False,False,False
RFC_DROP_NATIVE,ATTACK_DIVERSE_MODERATE,18,r18-t021-c618d0af,1789128840032327081,1789128842041598101,0.0,14,0,0.0,False,False,False,False
RFC_DROP_NATIVE,ATTACK_DIVERSE_MODERATE,18,r18-t022-4588644f,1789128840042593210,1789128842052789919,0.0,15,0,0.0,False,False,False,False
RFC_DROP_NATIVE,ATTACK_DIVERSE_MODERATE,18,r18-t023-98c524d7,1789128840052858112,1789128842071935391,0.0,15,0,0.0,False,False,False,False
RFC_DROP_NATIVE,ATTACK_DIVERSE_MODERATE,18,r18-t024-cc242809,1789128840062566752,1789128842069644442,0.0,15,0,0.0,False,False,False,False
RFC_DROP_NATIVE,ATTACK_DIVERSE_MODERATE,18,r18-t025-6d5ff72a,1789128840073141601,1789128842081810569,0.0,16,0,0.0,False,False,False,False
RFC_DROP_NATIVE,ATTACK_DIVERSE_MODERATE,18,r18-t026-9713e36f,1789128840082636024,1789128842093301289,0.0,16,0,0.0,False,False,False,False
RFC_DROP_NATIVE,ATTACK_DIVERSE_MODERATE,18,r18-t027-5a22f0d1,1789128840092154900,1789128842101563948,0.0,16,0,0.0,False,False,False,False
RFC_DROP_NATIVE,ATTACK_DIVERSE_MODERATE,18,r18-t028-629bd996,1789128840102793098,1789128842132191264,0.0,16,0,0.0,False,False,False,False
RFC_DROP_NATIVE,ATTACK_DIVERSE_MODERATE,18,r18-t029-c3d01b6b,1789128840122929875,1789128842133989112,0.0,16,0,0.0,False,False,False,False
RFC_DROP_NATIVE,ATTACK_DIVERSE_MODERATE,18,r18-t030-d6bfe865,1789128840125113292,1789128842133826444,0.0,16,0,0.0,False,False,False,False
RFC_DROP_NATIVE,ATTACK_DIVERSE_MODERATE,18,r18-t031-161beaed,1789128840132824029,1789128842141814935,0.0,16,0,0.0,False,False,False,False
RFC_DROP_NATIVE,ATTACK_DIVERSE_MODERATE,18,r18-t032-7ff1aa43,1789128840142290695,1789128842152471072,0.0,16,0,0.0,False,False,False,False
RFC_DROP_NATIVE,ATTACK_DIVERSE_MODERATE,18,r18-t033-bddc5d14,1789128840152735826,1789128842161619483,0.0,16,0,0.0,False,False,False,False
RFC_DROP_NATIVE,ATTACK_DIVERSE_MODERATE,18,r18-t034-86212c32,1789128840162516122,1789128842172322824,0.0,17,0,0.0,False,False,False,False
RFC_DROP_NATIVE,ATTACK_DIVERSE_MODERATE,18,r18-t035-0d6f21cf,1789128840172488732,1789128842181775047,0.0,17,0,0.0,False,False,False,False
RFC_DROP_NATIVE,ATTACK_DIVERSE_MODERATE,18,r18-t036-6bc43026,1789128840182925649,1789128842193177116,0.0,17,0,0.0,False,False,False,False
RFC_DROP_NATIVE,ATTACK_DIVERSE_MODERATE,18,r18-t037-1489614b,1789128840192610968,1789128842201755196,0.0,17,0,0.0,False,False,False,False
RFC_DROP_NATIVE,ATTACK_DIVERSE_MODERATE,18,r18-t038-56fadd64,1789128840202447345,1789128842212842693,0.0,17,0,0.0,False,False,False,False
RFC_DROP_NATIVE,ATTACK_DIVERSE_MODERATE,18,r18-t039-673385c8,1789128840213035128,1789128842231772815,0.0,17,0,0.0,False,False,False,False
RFC_DROP_NATIVE,ATTACK_DIVERSE_MODERATE,18,r18-t040-4c497433,1789128840222152573,1789128842232030271,0.0,17,0,0.0,False,False,False,False
RFC_DROP_NATIVE,ATTACK_DIVERSE_MODERATE,18,r18-t041-618eafb8,1789128840232588073,1789128842243275430,0.0,17,0,0.0,False,False,False,False
RFC_DROP_NATIVE,ATTACK_DIVERSE_MODERATE,18,r18-t042-ed9af97b,1789128840242121393,1789128842252473218,0.0,18,0,0.0,False,False,False,False
RFC_DROP_NATIVE,ATTACK_DIVERSE_MODERATE,18,r18-t043-7914cbab,1789128840252220040,1789128842261761639,0.0,18,0,0.0,False,False,False,False
RFC_DROP_NATIVE,ATTACK_DIVERSE_MODERATE,18,r18-t044-f6ad9ebc,1789128840262450294,1789128842272490283,0.0,18,0,0.0,False,False,False,False
RFC_DROP_NATIVE,ATTACK_DIVERSE_MODERATE,18,r18-t045-1935df16,1789128840272566595,1789128842281622455,0.0,18,0,0.0,False,False,False,False
RFC_DROP_NATIVE,ATTACK_DIVERSE_MODERATE,18,r18-t046-6ec89ece,1789128840282392585,1789128842291149827,0.0,18,0,0.0,False,False,False,False
RFC_DROP_NATIVE,ATTACK_DIVERSE_MODERATE,18,r18-t047-041fd83e,1789128840292400976,1789128842301604871,0.0,18,0,0.0,False,False,False,False
RFC_DROP_NATIVE,ATTACK_DIVERSE_MODERATE,18,r18-t048-00d07944,1789128840302758399,1789128842313455953,0.0,18,0,0.0,False,False,False,False
RFC_DROP_NATIVE,ATTACK_DIVERSE_MODERATE,18,r18-t049-d0188e87,1789128840312601856,1789128842322128633,0.0,18,0,0.0,False,False,False,False
B5_LOCKED_TC,ATTACK_DIVERSE_HIGH,18,r18-t000-41dba775,1789128874736736047,1789128875000549535,0.0,400,0,0.0,False,False,False,False
B5_LOCKED_TC,ATTACK_DIVERSE_HIGH,18,r18-t001-33378cfc,1789128875011467324,1789128875252352845,0.0,401,0,0.0,False,False,False,False
B5_LOCKED_TC,ATTACK_DIVERSE_HIGH,18,r18-t002-1c28bbde,1789128875264393893,1789128875627489214,0.0,402,0,0.0,False,False,False,False
B5_LOCKED_TC,ATTACK_DIVERSE_HIGH,18,r18-t003-a819a1f2,1789128875638385141,1789128875967871256,0.0,403,0,0.0,False,False,False,False
B5_LOCKED_TC,ATTACK_DIVERSE_HIGH,18,r18-t004-20fa7c45,1789128875979216542,1789128876346872929,0.0,404,0,0.0,False,False,False,False
B5_LOCKED_TC,ATTACK_DIVERSE_HIGH,18,r18-t005-4a34e312,1789128876359031829,1789128876691333552,0.0,405,0,0.0,False,False,False,False
B5_LOCKED_TC,ATTACK_DIVERSE_HIGH,18,r18-t006-4000cc38,1789128876702659884,1789128877048375226,0.0,406,0,0.0,False,False,False,False
B5_LOCKED_TC,ATTACK_DIVERSE_HIGH,18,r18-t007-4aca67f7,1789128877059617298,1789128877369788061,0.0,406,0,0.0,False,False,False,False
B5_LOCKED_TC,ATTACK_DIVERSE_HIGH,18,r18-t008-0ccde3ef,1789128877381623806,1789128877766011419,0.0,406,0,0.0,False,False,False,False
B5_LOCKED_TC,ATTACK_DIVERSE_HIGH,18,r18-t009-5474d050,1789128877777030734,1789128878107095697,0.0,406,0,0.0,False,False,False,False
B5_LOCKED_TC,ATTACK_DIVERSE_HIGH,18,r18-t010-bbf20d5d,1789128878118043324,1789128878500335018,0.0,406,0,0.0,False,False,False,False
B5_LOCKED_TC,ATTACK_DIVERSE_HIGH,18,r18-t011-60a4aad4,1789128878511751991,1789128878811736009,0.0,406,0,0.0,False,False,False,False
B5_LOCKED_TC,ATTACK_DIVERSE_HIGH,18,r18-t012-b22f04bc,1789128878823107662,1789128879171116908,0.0,406,0,0.0,False,False,False,False
B5_LOCKED_TC,ATTACK_DIVERSE_HIGH,18,r18-t013-22864a46,1789128879182311031,1789128879537370885,0.0,406,0,0.0,False,False,False,False
B5_LOCKED_TC,ATTACK_DIVERSE_HIGH,18,r18-t014-3d7ae3f4,1789128879549098348,1789128879868972624,0.0,406,0,0.0,False,False,False,False
B5_LOCKED_TC,ATTACK_DIVERSE_HIGH,18,r18-t015-70304a65,1789128879883729069,1789128880210508796,0.0,406,0,0.0,False,False,False,False
B5_LOCKED_TC,ATTACK_DIVERSE_HIGH,18,r18-t016-97a992c8,1789128880223463672,1789128880564131149,0.0,406,0,0.0,False,False,False,False
B5_LOCKED_TC,ATTACK_DIVERSE_HIGH,18,r18-t017-f049c2f9,1789128880575533485,1789128880914493976,0.0,406,0,0.0,False,False,False,False
B5_LOCKED_TC,ATTACK_DIVERSE_HIGH,18,r18-t018-1f874f23,1789128880930771426,1789128881242300310,0.0,406,0,0.0,False,False,False,False
B5_LOCKED_TC,ATTACK_DIVERSE_HIGH,18,r18-t019-302c8c14,1789128881254030320,1789128881605341008,0.0,406,0,0.0,False,False,False,False
B5_LOCKED_TC,ATTACK_DIVERSE_HIGH,18,r18-t020-fa50985b,1789128881616700621,1789128881954544453,0.0,406,0,0.0,False,False,False,False
B5_LOCKED_TC,ATTACK_DIVERSE_HIGH,18,r18-t021-fb1ccd13,1789128881966061940,1789128882325340589,0.0,406,0,0.0,False,False,False,False
B5_LOCKED_TC,ATTACK_DIVERSE_HIGH,18,r18-t022-608ddec7,1789128882338027159,1789128882669072669,0.0,406,0,0.0,False,False,False,False
B5_LOCKED_TC,ATTACK_DIVERSE_HIGH,18,r18-t023-cd5795b0,1789128882681861493,1789128883003883983,0.0,406,0,0.0,False,False,False,False
B5_LOCKED_TC,ATTACK_DIVERSE_HIGH,18,r18-t024-11ce1ec3,1789128883014788885,1789128883350427949,0.0,406,0,0.0,False,False,False,False
B5_LOCKED_TC,ATTACK_DIVERSE_HIGH,18,r18-t025-4a0a1b79,1789128883361273612,1789128883651255909,0.0,406,0,0.0,False,False,False,False
B5_LOCKED_TC,ATTACK_DIVERSE_HIGH,18,r18-t026-b1c8eadc,1789128883662967981,1789128883990790005,0.0,406,0,0.0,False,False,False,False
B5_LOCKED_TC,ATTACK_DIVERSE_HIGH,18,r18-t027-072d7d3c,1789128884003071368,1789128884321467668,0.0,406,0,0.0,False,False,False,False
B5_LOCKED_TC,ATTACK_DIVERSE_HIGH,18,r18-t028-25a56586,1789128884332238705,1789128884692444389,0.0,406,0,0.0,False,False,False,False
B5_LOCKED_TC,ATTACK_DIVERSE_HIGH,18,r18-t029-9b440592,1789128884703561768,1789128885045518855,0.0,406,0,0.0,False,False,False,False
B5_LOCKED_TC,ATTACK_DIVERSE_HIGH,18,r18-t030-20fc62e4,1789128885057268378,1789128885362215898,0.0,406,0,0.0,False,False,False,False
B5_LOCKED_TC,ATTACK_DIVERSE_HIGH,18,r18-t031-255b0b5d,1789128885372995651,1789128885727508226,0.0,406,0,0.0,False,False,False,False
B5_LOCKED_TC,ATTACK_DIVERSE_HIGH,18,r18-t032-53d7f052,1789128885739265815,1789128886085410413,0.0,406,0,0.0,False,False,False,False
B5_LOCKED_TC,ATTACK_DIVERSE_HIGH,18,r18-t033-a2c16278,1789128886096799135,1789128886422060779,0.0,406,0,0.0,False,False,False,False
B5_LOCKED_TC,ATTACK_DIVERSE_HIGH,18,r18-t034-91f6657e,1789128886433210047,1789128886736473886,0.0,406,0,0.0,False,False,False,False
B5_LOCKED_TC,ATTACK_DIVERSE_HIGH,18,r18-t035-56511fcf,1789128886748448031,1789128887094365227,0.0,406,0,0.0,False,False,False,False
B5_LOCKED_TC,ATTACK_DIVERSE_HIGH,18,r18-t036-e1633c8f,1789128887105805676,1789128887441001431,0.0,406,0,0.0,False,False,False,False
B5_LOCKED_TC,ATTACK_DIVERSE_HIGH,18,r18-t037-05e9a92d,1789128887452886767,1789128887788447774,0.0,406,0,0.0,False,False,False,False
B5_LOCKED_TC,ATTACK_DIVERSE_HIGH,18,r18-t038-62b70c7c,1789128887800890070,1789128888123799363,0.0,406,0,0.0,False,False,False,False
B5_LOCKED_TC,ATTACK_DIVERSE_HIGH,18,r18-t039-66853b10,1789128888134983766,1789128888471094876,0.0,406,0,0.0,False,False,False,False
B5_LOCKED_TC,ATTACK_DIVERSE_HIGH,18,r18-t040-1749eda4,1789128888481696452,1789128888791322905,0.0,406,0,0.0,False,False,False,False
B5_LOCKED_TC,ATTACK_DIVERSE_HIGH,18,r18-t041-8164f3de,1789128888805342460,1789128889163744690,0.0,406,0,0.0,False,False,False,False
B5_LOCKED_TC,ATTACK_DIVERSE_HIGH,18,r18-t042-270b1e30,1789128889175271079,1789128889491220422,0.0,406,0,0.0,False,False,False,False
B5_LOCKED_TC,ATTACK_DIVERSE_HIGH,18,r18-t043-4b5f6c2f,1789128889502638817,1789128889836401223,0.0,406,0,0.0,False,False,False,False
B5_LOCKED_TC,ATTACK_DIVERSE_HIGH,18,r18-t044-39790929,1789128889847666246,1789128890176117134,0.0,406,0,0.0,False,False,False,False
B5_LOCKED_TC,ATTACK_DIVERSE_HIGH,18,r18-t045-1e49c9b8,1789128890187116944,1789128890545288048,0.0,406,0,0.0,False,False,False,False
B5_LOCKED_TC,ATTACK_DIVERSE_HIGH,18,r18-t046-ee85cdeb,1789128890557271696,1789128890907414341,0.0,406,0,0.0,False,False,False,False
B5_LOCKED_TC,ATTACK_DIVERSE_HIGH,18,r18-t047-b6ecca53,1789128890920521419,1789128891247023720,0.0,406,0,0.0,False,False,False,False
B5_LOCKED_TC,ATTACK_DIVERSE_HIGH,18,r18-t048-77442d4e,1789128891257721254,1789128891590946623,0.0,406,0,0.0,False,False,False,False
B5_LOCKED_TC,ATTACK_DIVERSE_HIGH,18,r18-t049-e84fc27c,1789128891603827413,1789128891923277644,0.0,405,0,0.0,False,False,False,False
RFC_DROP_NATIVE,BENIGN_DIVERSE_MODERATE,18,r18-t000-46df6b06,1789128906349051916,1789128908368853437,0.0,24,0,0.0,False,False,False,False
RFC_DROP_NATIVE,BENIGN_DIVERSE_MODERATE,18,r18-t001-cd2dbcc4,1789128906356448600,1789128908376814096,0.0,24,0,0.0,False,False,False,False
RFC_DROP_NATIVE,BENIGN_DIVERSE_MODERATE,18,r18-t002-aab03a05,1789128906364624120,1789128908375093031,0.0,24,0,0.0,False,False,False,False
RFC_DROP_NATIVE,BENIGN_DIVERSE_MODERATE,18,r18-t003-dbaec714,1789128906374654668,1789128908384776715,0.0,24,0,0.0,False,False,False,False
RFC_DROP_NATIVE,BENIGN_DIVERSE_MODERATE,18,r18-t004-d02ec194,1789128906384550318,1789128908394352441,0.0,24,0,0.0,False,False,False,False
RFC_DROP_NATIVE,BENIGN_DIVERSE_MODERATE,18,r18-t005-f089d575,1789128906394710705,1789128908404368216,0.0,24,0,0.0,False,False,False,False
RFC_DROP_NATIVE,BENIGN_DIVERSE_MODERATE,18,r18-t006-5ca92f50,1789128906404807720,1789128908414445535,0.0,24,0,0.0,False,False,False,False
RFC_DROP_NATIVE,BENIGN_DIVERSE_MODERATE,18,r18-t007-787e0d8a,1789128906414515036,1789128908424554138,0.0,24,0,0.0,False,False,False,False
RFC_DROP_NATIVE,BENIGN_DIVERSE_MODERATE,18,r18-t008-610f7ca0,1789128906424722952,1789128908435935540,0.0,24,0,0.0,False,False,False,False
RFC_DROP_NATIVE,BENIGN_DIVERSE_MODERATE,18,r18-t009-34da86d3,1789128906434608384,1789128908444639200,0.0,24,0,0.0,False,False,False,False
RFC_DROP_NATIVE,BENIGN_DIVERSE_MODERATE,18,r18-t010-136aae9c,1789128906444569468,1789128908454976047,0.0,24,0,0.0,False,False,False,False
RFC_DROP_NATIVE,BENIGN_DIVERSE_MODERATE,18,r18-t011-f68f4419,1789128906454559425,1789128908464552520,0.0,24,0,0.0,False,False,False,False
RFC_DROP_NATIVE,BENIGN_DIVERSE_MODERATE,18,r18-t012-34f82c95,1789128906465238973,1789128908475187651,0.0,24,0,0.0,False,False,False,False
RFC_DROP_NATIVE,BENIGN_DIVERSE_MODERATE,18,r18-t013-80f9514f,1789128906474969539,1789128908494826781,0.0,24,0,0.0,False,False,False,False
RFC_DROP_NATIVE,BENIGN_DIVERSE_MODERATE,18,r18-t014-979060b2,1789128906484532767,1789128908495322209,0.0,24,0,0.0,False,False,False,False
RFC_DROP_NATIVE,BENIGN_DIVERSE_MODERATE,18,r18-t015-5e037a18,1789128906494840709,1789128908504686409,0.0,24,0,0.0,False,False,False,False
RFC_DROP_NATIVE,BENIGN_DIVERSE_MODERATE,18,r18-t016-12cea815,1789128906504770108,1789128908514751774,0.0,24,0,0.0,False,False,False,False
RFC_DROP_NATIVE,BENIGN_DIVERSE_MODERATE,18,r18-t017-ae620810,1789128906514528516,1789128908524898388,0.0,24,0,0.0,False,False,False,False
RFC_DROP_NATIVE,BENIGN_DIVERSE_MODERATE,18,r18-t018-b58af5bb,1789128906524549596,1789128908534672939,0.0,24,0,0.0,False,False,False,False
RFC_DROP_NATIVE,BENIGN_DIVERSE_MODERATE,18,r18-t019-6af3fcef,1789128906534750950,1789128908544295919,0.0,24,0,0.0,False,False,False,False
RFC_DROP_NATIVE,BENIGN_DIVERSE_MODERATE,18,r18-t020-f5a2b1b9,1789128906544764062,1789128908555498761,0.0,24,0,0.0,False,False,False,False
RFC_DROP_NATIVE,BENIGN_DIVERSE_MODERATE,18,r18-t021-c618d0af,1789128906554550686,1789128908563422811,0.0,24,0,0.0,False,False,False,False
RFC_DROP_NATIVE,BENIGN_DIVERSE_MODERATE,18,r18-t022-4588644f,1789128906564522646,1789128908574648440,0.0,24,0,0.0,False,False,False,False
RFC_DROP_NATIVE,BENIGN_DIVERSE_MODERATE,18,r18-t023-98c524d7,1789128906574463950,1789128908584414586,0.0,24,0,0.0,False,False,False,False
RFC_DROP_NATIVE,BENIGN_DIVERSE_MODERATE,18,r18-t024-cc242809,1789128906584561244,1789128908594990415,0.0,24,0,0.0,False,False,False,False
RFC_DROP_NATIVE,BENIGN_DIVERSE_MODERATE,18,r18-t025-6d5ff72a,1789128906595214638,1789128908604572305,0.0,24,0,0.0,False,False,False,False
RFC_DROP_NATIVE,BENIGN_DIVERSE_MODERATE,18,r18-t026-9713e36f,1789128906605324028,1789128908615832581,0.0,24,0,0.0,False,False,False,False
RFC_DROP_NATIVE,BENIGN_DIVERSE_MODERATE,18,r18-t027-5a22f0d1,1789128906614955878,1789128908624522513,0.0,24,0,0.0,False,False,False,False
RFC_DROP_NATIVE,BENIGN_DIVERSE_MODERATE,18,r18-t028-629bd996,1789128906625110453,1789128908656357022,0.0,24,0,0.0,False,False,False,False
RFC_DROP_NATIVE,BENIGN_DIVERSE_MODERATE,18,r18-t029-c3d01b6b,1789128906649376587,1789128908660295140,0.0,24,0,0.0,False,False,False,False
RFC_DROP_NATIVE,BENIGN_DIVERSE_MODERATE,18,r18-t030-d6bfe865,1789128906656615028,1789128908667662684,0.0,24,0,0.0,False,False,False,False
RFC_DROP_NATIVE,BENIGN_DIVERSE_MODERATE,18,r18-t031-161beaed,1789128906658160231,1789128908668382620,0.0,24,0,0.0,False,False,False,False
RFC_DROP_NATIVE,BENIGN_DIVERSE_MODERATE,18,r18-t032-7ff1aa43,1789128906665251963,1789128908675817126,0.0,24,0,0.0,False,False,False,False
RFC_DROP_NATIVE,BENIGN_DIVERSE_MODERATE,18,r18-t033-bddc5d14,1789128906674651326,1789128908684576166,0.0,24,0,0.0,False,False,False,False
RFC_DROP_NATIVE,BENIGN_DIVERSE_MODERATE,18,r18-t034-86212c32,1789128906685052261,1789128908695385280,0.0,24,0,0.0,False,False,False,False
RFC_DROP_NATIVE,BENIGN_DIVERSE_MODERATE,18,r18-t035-0d6f21cf,1789128906694582400,1789128908704430371,0.0,24,0,0.0,False,False,False,False
RFC_DROP_NATIVE,BENIGN_DIVERSE_MODERATE,18,r18-t036-6bc43026,1789128906704786847,1789128908715238551,0.0,24,0,0.0,False,False,False,False
RFC_DROP_NATIVE,BENIGN_DIVERSE_MODERATE,18,r18-t037-1489614b,1789128906714621937,1789128908724804378,0.0,24,0,0.0,False,False,False,False
RFC_DROP_NATIVE,BENIGN_DIVERSE_MODERATE,18,r18-t038-56fadd64,1789128906724515336,1789128908735232278,0.0,24,0,0.0,False,False,False,False
RFC_DROP_NATIVE,BENIGN_DIVERSE_MODERATE,18,r18-t039-673385c8,1789128906734755876,1789128908754650824,0.0,25,0,0.0,False,False,False,False
RFC_DROP_NATIVE,BENIGN_DIVERSE_MODERATE,18,r18-t040-4c497433,1789128906744669432,1789128908754935380,0.0,25,0,0.0,False,False,False,False
RFC_DROP_NATIVE,BENIGN_DIVERSE_MODERATE,18,r18-t041-618eafb8,1789128906754823069,1789128908768037565,0.0,25,0,0.0,False,False,False,False
RFC_DROP_NATIVE,BENIGN_DIVERSE_MODERATE,18,r18-t042-ed9af97b,1789128906765435402,1789128908775581429,0.0,25,0,0.0,False,False,False,False
RFC_DROP_NATIVE,BENIGN_DIVERSE_MODERATE,18,r18-t043-7914cbab,1789128906775530073,1789128908785110367,0.0,25,0,0.0,False,False,False,False
RFC_DROP_NATIVE,BENIGN_DIVERSE_MODERATE,18,r18-t044-f6ad9ebc,1789128906785250419,1789128908794778269,0.0,25,0,0.0,False,False,False,False
RFC_DROP_NATIVE,BENIGN_DIVERSE_MODERATE,18,r18-t045-1935df16,1789128906794741090,1789128908804516866,0.0,25,0,0.0,False,False,False,False
RFC_DROP_NATIVE,BENIGN_DIVERSE_MODERATE,18,r18-t046-6ec89ece,1789128906805177556,1789128908814656100,0.0,25,0,0.0,False,False,False,False
RFC_DROP_NATIVE,BENIGN_DIVERSE_MODERATE,18,r18-t047-041fd83e,1789128906814946932,1789128908825052996,0.0,25,0,0.0,False,False,False,False
RFC_DROP_NATIVE,BENIGN_DIVERSE_MODERATE,18,r18-t048-00d07944,1789128906824731212,1789128908835012364,0.0,25,0,0.0,False,False,False,False
RFC_DROP_NATIVE,BENIGN_DIVERSE_MODERATE,18,r18-t049-d0188e87,1789128906834594521,1789128908844808675,0.0,25,0,0.0,False,False,False,False
B5_LOCKED_TC,BENIGN_DIVERSE_MODERATE,18,r18-t000-46df6b06,1789128940265373263,1789128940643817861,0.0,24,0,0.0,False,False,False,False
B5_LOCKED_TC,BENIGN_DIVERSE_MODERATE,18,r18-t001-cd2dbcc4,1789128940654401123,1789128940987093745,0.0,25,0,0.0,False,False,False,False
B5_LOCKED_TC,BENIGN_DIVERSE_MODERATE,18,r18-t002-aab03a05,1789128940997824469,1789128941330946294,0.0,26,0,0.0,False,False,False,False
B5_LOCKED_TC,BENIGN_DIVERSE_MODERATE,18,r18-t003-dbaec714,1789128941340886591,1789128941670316956,0.0,27,0,0.0,False,False,False,False
B5_LOCKED_TC,BENIGN_DIVERSE_MODERATE,18,r18-t004-d02ec194,1789128941682617658,1789128942012407949,0.0,28,0,0.0,False,False,False,False
B5_LOCKED_TC,BENIGN_DIVERSE_MODERATE,18,r18-t005-f089d575,1789128942022851054,1789128942339085703,0.0,29,0,0.0,False,False,False,False
B5_LOCKED_TC,BENIGN_DIVERSE_MODERATE,18,r18-t006-5ca92f50,1789128942349687696,1789128942684779358,0.0,30,0,0.0,False,False,False,False
B5_LOCKED_TC,BENIGN_DIVERSE_MODERATE,18,r18-t007-787e0d8a,1789128942697607384,1789128943050511786,0.0,30,0,0.0,False,False,False,False
B5_LOCKED_TC,BENIGN_DIVERSE_MODERATE,18,r18-t008-610f7ca0,1789128943060838902,1789128943386863436,0.0,30,0,0.0,False,False,False,False
B5_LOCKED_TC,BENIGN_DIVERSE_MODERATE,18,r18-t009-34da86d3,1789128943397437204,1789128943723774375,0.0,30,0,0.0,False,False,False,False
B5_LOCKED_TC,BENIGN_DIVERSE_MODERATE,18,r18-t010-136aae9c,1789128943734995755,1789128944087868847,0.0,30,0,0.0,False,False,False,False
B5_LOCKED_TC,BENIGN_DIVERSE_MODERATE,18,r18-t011-f68f4419,1789128944102017518,1789128944428121777,0.0,30,0,0.0,False,False,False,False
B5_LOCKED_TC,BENIGN_DIVERSE_MODERATE,18,r18-t012-34f82c95,1789128944438853404,1789128944770057618,0.0,30,0,0.0,False,False,False,False
B5_LOCKED_TC,BENIGN_DIVERSE_MODERATE,18,r18-t013-80f9514f,1789128944780642322,1789128945129916116,0.0,30,0,0.0,False,False,False,False
B5_LOCKED_TC,BENIGN_DIVERSE_MODERATE,18,r18-t014-979060b2,1789128945141287972,1789128945467226799,0.0,30,0,0.0,False,False,False,False
B5_LOCKED_TC,BENIGN_DIVERSE_MODERATE,18,r18-t015-5e037a18,1789128945481210974,1789128945810806113,0.0,30,0,0.0,False,False,False,False
B5_LOCKED_TC,BENIGN_DIVERSE_MODERATE,18,r18-t016-12cea815,1789128945821397170,1789128946142820192,0.0,30,0,0.0,False,False,False,False
B5_LOCKED_TC,BENIGN_DIVERSE_MODERATE,18,r18-t017-ae620810,1789128946154038861,1789128946503427989,0.0,30,0,0.0,False,False,False,False
B5_LOCKED_TC,BENIGN_DIVERSE_MODERATE,18,r18-t018-b58af5bb,1789128946516327142,1789128946857798656,0.0,30,0,0.0,False,False,False,False
B5_LOCKED_TC,BENIGN_DIVERSE_MODERATE,18,r18-t019-6af3fcef,1789128946868435699,1789128947196612521,0.0,30,0,0.0,False,False,False,False
B5_LOCKED_TC,BENIGN_DIVERSE_MODERATE,18,r18-t020-f5a2b1b9,1789128947207875304,1789128947554100303,0.0,30,0,0.0,False,False,False,False
B5_LOCKED_TC,BENIGN_DIVERSE_MODERATE,18,r18-t021-c618d0af,1789128947564333675,1789128947891411174,0.0,30,0,0.0,False,False,False,False
B5_LOCKED_TC,BENIGN_DIVERSE_MODERATE,18,r18-t022-4588644f,1789128947901771844,1789128948246448705,0.0,30,0,0.0,False,False,False,False
B5_LOCKED_TC,BENIGN_DIVERSE_MODERATE,18,r18-t023-98c524d7,1789128948256794046,1789128948587812361,0.0,30,0,0.0,False,False,False,False
B5_LOCKED_TC,BENIGN_DIVERSE_MODERATE,18,r18-t024-cc242809,1789128948598431178,1789128948919359121,0.0,30,0,0.0,False,False,False,False
B5_LOCKED_TC,BENIGN_DIVERSE_MODERATE,18,r18-t025-6d5ff72a,1789128948929754840,1789128949267533311,0.0,30,0,0.0,False,False,False,False
B5_LOCKED_TC,BENIGN_DIVERSE_MODERATE,18,r18-t026-9713e36f,1789128949278051744,1789128949626969199,0.0,30,0,0.0,False,False,False,False
B5_LOCKED_TC,BENIGN_DIVERSE_MODERATE,18,r18-t027-5a22f0d1,1789128949637410845,1789128949988671948,0.0,30,0,0.0,False,False,False,False
B5_LOCKED_TC,BENIGN_DIVERSE_MODERATE,18,r18-t028-629bd996,1789128949998820185,1789128950327400315,0.0,30,0,0.0,False,False,False,False
B5_LOCKED_TC,BENIGN_DIVERSE_MODERATE,18,r18-t029-c3d01b6b,1789128950337507432,1789128950705738327,0.0,30,0,0.0,False,False,False,False
B5_LOCKED_TC,BENIGN_DIVERSE_MODERATE,18,r18-t030-d6bfe865,1789128950716365298,1789128951054658647,0.0,30,0,0.0,False,False,False,False
B5_LOCKED_TC,BENIGN_DIVERSE_MODERATE,18,r18-t031-161beaed,1789128951064839578,1789128951398346891,0.0,30,0,0.0,False,False,False,False
B5_LOCKED_TC,BENIGN_DIVERSE_MODERATE,18,r18-t032-7ff1aa43,1789128951408781591,1789128951746705772,0.0,30,0,0.0,False,False,False,False
B5_LOCKED_TC,BENIGN_DIVERSE_MODERATE,18,r18-t033-bddc5d14,1789128951756737961,1789128952093837025,0.0,30,0,0.0,False,False,False,False
B5_LOCKED_TC,BENIGN_DIVERSE_MODERATE,18,r18-t034-86212c32,1789128952105840087,1789128952441964457,0.0,30,0,0.0,False,False,False,False
B5_LOCKED_TC,BENIGN_DIVERSE_MODERATE,18,r18-t035-0d6f21cf,1789128952451736487,1789128952767695250,0.0,30,0,0.0,False,False,False,False
B5_LOCKED_TC,BENIGN_DIVERSE_MODERATE,18,r18-t036-6bc43026,1789128952777701599,1789128953113742893,0.0,30,0,0.0,False,False,False,False
B5_LOCKED_TC,BENIGN_DIVERSE_MODERATE,18,r18-t037-1489614b,1789128953123895297,1789128953464371518,0.0,30,0,0.0,False,False,False,False
B5_LOCKED_TC,BENIGN_DIVERSE_MODERATE,18,r18-t038-56fadd64,1789128953475937247,1789128953811742462,0.0,30,0,0.0,False,False,False,False
B5_LOCKED_TC,BENIGN_DIVERSE_MODERATE,18,r18-t039-673385c8,1789128953822249958,1789128954150606328,0.0,30,0,0.0,False,False,False,False
B5_LOCKED_TC,BENIGN_DIVERSE_MODERATE,18,r18-t040-4c497433,1789128954161441314,1789128954486457572,0.0,30,0,0.0,False,False,False,False
B5_LOCKED_TC,BENIGN_DIVERSE_MODERATE,18,r18-t041-618eafb8,1789128954496772704,1789128954836505032,0.0,30,0,0.0,False,False,False,False
B5_LOCKED_TC,BENIGN_DIVERSE_MODERATE,18,r18-t042-ed9af97b,1789128954848477068,1789128955180954396,0.0,30,0,0.0,False,False,False,False
B5_LOCKED_TC,BENIGN_DIVERSE_MODERATE,18,r18-t043-7914cbab,1789128955191142922,1789128955523242654,0.0,30,0,0.0,False,False,False,False
B5_LOCKED_TC,BENIGN_DIVERSE_MODERATE,18,r18-t044-f6ad9ebc,1789128955535658043,1789128955889139064,0.0,30,0,0.0,False,False,False,False
B5_LOCKED_TC,BENIGN_DIVERSE_MODERATE,18,r18-t045-1935df16,1789128955899874859,1789128956214199964,0.0,30,0,0.0,False,False,False,False
B5_LOCKED_TC,BENIGN_DIVERSE_MODERATE,18,r18-t046-6ec89ece,1789128956225030691,1789128956566755101,0.0,30,0,0.0,False,False,False,False
B5_LOCKED_TC,BENIGN_DIVERSE_MODERATE,18,r18-t047-041fd83e,1789128956578158658,1789128956909725384,0.0,30,0,0.0,False,False,False,False
B5_LOCKED_TC,BENIGN_DIVERSE_MODERATE,18,r18-t048-00d07944,1789128956919720804,1789128957258508261,0.0,30,0,0.0,False,False,False,False
B5_LOCKED_TC,BENIGN_DIVERSE_MODERATE,18,r18-t049-d0188e87,1789128957269854491,1789128957632382783,0.0,30,0,0.0,False,False,False,False
B1_RL2_TC,BENIGN_DIVERSE_HIGH,18,r18-t000-41dba775,1789128971855024712,1789128973029937236,0.0,400,0,0.0,False,False,False,False
B1_RL2_TC,BENIGN_DIVERSE_HIGH,18,r18-t001-33378cfc,1789128973040585530,1789128973449378575,0.0,403,0,0.0,False,False,False,False
B1_RL2_TC,BENIGN_DIVERSE_HIGH,18,r18-t002-1c28bbde,1789128973460391016,1789128973858402639,0.0,404,0,0.0,False,False,False,False
B1_RL2_TC,BENIGN_DIVERSE_HIGH,18,r18-t003-a819a1f2,1789128973869143266,1789128974269534147,0.0,405,0,0.0,False,False,False,False
B1_RL2_TC,BENIGN_DIVERSE_HIGH,18,r18-t004-20fa7c45,1789128974280532834,1789128974689831447,0.0,405,0,0.0,False,False,False,False
B1_RL2_TC,BENIGN_DIVERSE_HIGH,18,r18-t005-4a34e312,1789128974702324506,1789128975113511695,0.0,404,0,0.0,False,False,False,False
B1_RL2_TC,BENIGN_DIVERSE_HIGH,18,r18-t006-4000cc38,1789128975125045062,1789128975521103099,0.0,405,0,0.0,False,False,False,False
B1_RL2_TC,BENIGN_DIVERSE_HIGH,18,r18-t007-4aca67f7,1789128975531983908,1789128975943110509,0.0,405,0,0.0,False,False,False,False
B1_RL2_TC,BENIGN_DIVERSE_HIGH,18,r18-t008-0ccde3ef,1789128975954972838,1789128976344546276,0.0,405,0,0.0,False,False,False,False
B1_RL2_TC,BENIGN_DIVERSE_HIGH,18,r18-t009-5474d050,1789128976355574962,1789128976738114863,0.0,405,0,0.0,False,False,False,False
B1_RL2_TC,BENIGN_DIVERSE_HIGH,18,r18-t010-bbf20d5d,1789128976750425045,1789128977148939850,0.0,405,0,0.0,False,False,False,False
B1_RL2_TC,BENIGN_DIVERSE_HIGH,18,r18-t011-60a4aad4,1789128977159162436,1789128977553407761,0.0,405,0,0.0,False,False,False,False
B1_RL2_TC,BENIGN_DIVERSE_HIGH,18,r18-t012-b22f04bc,1789128977563756863,1789128977964108068,0.0,405,0,0.0,False,False,False,False
B1_RL2_TC,BENIGN_DIVERSE_HIGH,18,r18-t013-22864a46,1789128977975030622,1789128978379148918,0.0,405,0,0.0,False,False,False,False
B1_RL2_TC,BENIGN_DIVERSE_HIGH,18,r18-t014-3d7ae3f4,1789128978390421821,1789128978782474427,0.0,405,0,0.0,False,False,False,False
B1_RL2_TC,BENIGN_DIVERSE_HIGH,18,r18-t015-70304a65,1789128978794526070,1789128979170883612,0.0,405,0,0.0,False,False,False,False
B1_RL2_TC,BENIGN_DIVERSE_HIGH,18,r18-t016-97a992c8,1789128979181414408,1789128979586468808,0.0,405,0,0.0,False,False,False,False
B1_RL2_TC,BENIGN_DIVERSE_HIGH,18,r18-t017-f049c2f9,1789128979597161098,1789128980010938538,0.0,405,0,0.0,False,False,False,False
B1_RL2_TC,BENIGN_DIVERSE_HIGH,18,r18-t018-1f874f23,1789128980023674539,1789128980409842345,0.0,405,0,0.0,False,False,False,False
B1_RL2_TC,BENIGN_DIVERSE_HIGH,18,r18-t019-302c8c14,1789128980422049790,1789128980849541016,0.0,405,0,0.0,False,False,False,False
B1_RL2_TC,BENIGN_DIVERSE_HIGH,18,r18-t020-fa50985b,1789128980860728260,1789128981259139319,0.0,405,0,0.0,False,False,False,False
B1_RL2_TC,BENIGN_DIVERSE_HIGH,18,r18-t021-fb1ccd13,1789128981269892113,1789128981658793037,0.0,405,0,0.0,False,False,False,False
B1_RL2_TC,BENIGN_DIVERSE_HIGH,18,r18-t022-608ddec7,1789128981670711095,1789128982069006380,0.0,405,0,0.0,False,False,False,False
B1_RL2_TC,BENIGN_DIVERSE_HIGH,18,r18-t023-cd5795b0,1789128982082043336,1789128982486194868,0.0,405,0,0.0,False,False,False,False
B1_RL2_TC,BENIGN_DIVERSE_HIGH,18,r18-t024-11ce1ec3,1789128982497574914,1789128982911918460,0.0,405,0,0.0,False,False,False,False
B1_RL2_TC,BENIGN_DIVERSE_HIGH,18,r18-t025-4a0a1b79,1789128982923024450,1789128983302239146,0.0,405,0,0.0,False,False,False,False
B1_RL2_TC,BENIGN_DIVERSE_HIGH,18,r18-t026-b1c8eadc,1789128983313065573,1789128983706171249,0.0,405,0,0.0,False,False,False,False
B1_RL2_TC,BENIGN_DIVERSE_HIGH,18,r18-t027-072d7d3c,1789128983717260079,1789128984130489508,0.0,405,0,0.0,False,False,False,False
B1_RL2_TC,BENIGN_DIVERSE_HIGH,18,r18-t028-25a56586,1789128984140878635,1789128984550178861,0.0,405,0,0.0,False,False,False,False
B1_RL2_TC,BENIGN_DIVERSE_HIGH,18,r18-t029-9b440592,1789128984561097957,1789128984970668024,0.0,405,0,0.0,False,False,False,False
B1_RL2_TC,BENIGN_DIVERSE_HIGH,18,r18-t030-20fc62e4,1789128984981790482,1789128985423947999,0.0,405,0,0.0,False,False,False,False
B1_RL2_TC,BENIGN_DIVERSE_HIGH,18,r18-t031-255b0b5d,1789128985438425812,1789128985820556493,0.0,405,0,0.0,False,False,False,False
B1_RL2_TC,BENIGN_DIVERSE_HIGH,18,r18-t032-53d7f052,1789128985832018818,1789128986217187862,0.0,404,0,0.0,False,False,False,False
B1_RL2_TC,BENIGN_DIVERSE_HIGH,18,r18-t033-a2c16278,1789128986229361390,1789128986619868974,0.0,405,0,0.0,False,False,False,False
B1_RL2_TC,BENIGN_DIVERSE_HIGH,18,r18-t034-91f6657e,1789128986631443063,1789128987042978108,0.0,405,0,0.0,False,False,False,False
B1_RL2_TC,BENIGN_DIVERSE_HIGH,18,r18-t035-56511fcf,1789128987053416814,1789128987419677904,0.0,405,0,0.0,False,False,False,False
B1_RL2_TC,BENIGN_DIVERSE_HIGH,18,r18-t036-e1633c8f,1789128987431942934,1789128987820764157,0.0,405,0,0.0,False,False,False,False
B1_RL2_TC,BENIGN_DIVERSE_HIGH,18,r18-t037-05e9a92d,1789128987832595297,1789128988215494695,0.0,405,0,0.0,False,False,False,False
B1_RL2_TC,BENIGN_DIVERSE_HIGH,18,r18-t038-62b70c7c,1789128988229506870,1789128988623590257,0.0,405,0,0.0,False,False,False,False
B1_RL2_TC,BENIGN_DIVERSE_HIGH,18,r18-t039-66853b10,1789128988635218875,1789128989039266274,0.0,405,0,0.0,False,False,False,False
B1_RL2_TC,BENIGN_DIVERSE_HIGH,18,r18-t040-1749eda4,1789128989049764457,1789128989439330962,0.0,405,0,0.0,False,False,False,False
B1_RL2_TC,BENIGN_DIVERSE_HIGH,18,r18-t041-8164f3de,1789128989450871720,1789128989853298957,0.0,405,0,0.0,False,False,False,False
B1_RL2_TC,BENIGN_DIVERSE_HIGH,18,r18-t042-270b1e30,1789128989864147000,1789128990260682011,0.0,405,0,0.0,False,False,False,False
B1_RL2_TC,BENIGN_DIVERSE_HIGH,18,r18-t043-4b5f6c2f,1789128990273013147,1789128990648525086,0.0,405,0,0.0,False,False,False,False
B1_RL2_TC,BENIGN_DIVERSE_HIGH,18,r18-t044-39790929,1789128990659640821,1789128991065955719,0.0,405,0,0.0,False,False,False,False
B1_RL2_TC,BENIGN_DIVERSE_HIGH,18,r18-t045-1e49c9b8,1789128991076477992,1789128991453872837,0.0,405,0,0.0,False,False,False,False
B1_RL2_TC,BENIGN_DIVERSE_HIGH,18,r18-t046-ee85cdeb,1789128991465782600,1789128991859370516,0.0,405,0,0.0,False,False,False,False
B1_RL2_TC,BENIGN_DIVERSE_HIGH,18,r18-t047-b6ecca53,1789128991872882424,1789128992264733512,0.0,405,0,0.0,False,False,False,False
B1_RL2_TC,BENIGN_DIVERSE_HIGH,18,r18-t048-77442d4e,1789128992277007103,1789128992674742696,0.0,405,0,0.0,False,False,False,False
B1_RL2_TC,BENIGN_DIVERSE_HIGH,18,r18-t049-e84fc27c,1789128992686769791,1789128993074309852,0.0,405,0,0.0,False,False,False,False
B0_OFF,BENIGN_DIVERSE_MODERATE,18,r18-t000-46df6b06,1789129007694590343,1789129008060071888,0.0,24,0,0.0,False,False,False,False
B0_OFF,BENIGN_DIVERSE_MODERATE,18,r18-t001-cd2dbcc4,1789129008070022900,1789129008400466385,0.0,25,0,0.0,False,False,False,False
B0_OFF,BENIGN_DIVERSE_MODERATE,18,r18-t002-aab03a05,1789129008410536707,1789129008754265209,0.0,26,0,0.0,False,False,False,False
B0_OFF,BENIGN_DIVERSE_MODERATE,18,r18-t003-dbaec714,1789129008764961738,1789129009104861969,0.0,27,0,0.0,False,False,False,False
B0_OFF,BENIGN_DIVERSE_MODERATE,18,r18-t004-d02ec194,1789129009116515870,1789129009472386082,0.0,28,0,0.0,False,False,False,False
B0_OFF,BENIGN_DIVERSE_MODERATE,18,r18-t005-f089d575,1789129009483481430,1789129009819513529,0.0,29,0,0.0,False,False,False,False
B0_OFF,BENIGN_DIVERSE_MODERATE,18,r18-t006-5ca92f50,1789129009830148764,1789129010158443584,0.0,30,0,0.0,False,False,False,False
B0_OFF,BENIGN_DIVERSE_MODERATE,18,r18-t007-787e0d8a,1789129010168278624,1789129010513223932,0.0,30,0,0.0,False,False,False,False
B0_OFF,BENIGN_DIVERSE_MODERATE,18,r18-t008-610f7ca0,1789129010523890962,1789129010842557692,0.0,30,0,0.0,False,False,False,False
B0_OFF,BENIGN_DIVERSE_MODERATE,18,r18-t009-34da86d3,1789129010852800993,1789129011178372600,0.0,30,0,0.0,False,False,False,False
B0_OFF,BENIGN_DIVERSE_MODERATE,18,r18-t010-136aae9c,1789129011188977391,1789129011527878894,0.0,30,0,0.0,False,False,False,False
B0_OFF,BENIGN_DIVERSE_MODERATE,18,r18-t011-f68f4419,1789129011538379860,1789129011870844766,0.0,30,0,0.0,False,False,False,False
B0_OFF,BENIGN_DIVERSE_MODERATE,18,r18-t012-34f82c95,1789129011881274878,1789129012195380993,0.0,30,0,0.0,False,False,False,False
B0_OFF,BENIGN_DIVERSE_MODERATE,18,r18-t013-80f9514f,1789129012205530008,1789129012522706974,0.0,30,0,0.0,False,False,False,False
B0_OFF,BENIGN_DIVERSE_MODERATE,18,r18-t014-979060b2,1789129012533621480,1789129012865521506,0.0,30,0,0.0,False,False,False,False
B0_OFF,BENIGN_DIVERSE_MODERATE,18,r18-t015-5e037a18,1789129012876147136,1789129013195687905,0.0,30,0,0.0,False,False,False,False
B0_OFF,BENIGN_DIVERSE_MODERATE,18,r18-t016-12cea815,1789129013207183961,1789129013570170472,0.0,30,0,0.0,False,False,False,False
B0_OFF,BENIGN_DIVERSE_MODERATE,18,r18-t017-ae620810,1789129013580182969,1789129013913860340,0.0,30,0,0.0,False,False,False,False
B0_OFF,BENIGN_DIVERSE_MODERATE,18,r18-t018-b58af5bb,1789129013924878116,1789129014246633479,0.0,30,0,0.0,False,False,False,False
B0_OFF,BENIGN_DIVERSE_MODERATE,18,r18-t019-6af3fcef,1789129014257391367,1789129014595092538,0.0,30,0,0.0,False,False,False,False
B0_OFF,BENIGN_DIVERSE_MODERATE,18,r18-t020-f5a2b1b9,1789129014605655187,1789129014958179725,0.0,30,0,0.0,False,False,False,False
B0_OFF,BENIGN_DIVERSE_MODERATE,18,r18-t021-c618d0af,1789129014968326241,1789129015298495047,0.0,30,0,0.0,False,False,False,False
B0_OFF,BENIGN_DIVERSE_MODERATE,18,r18-t022-4588644f,1789129015309143831,1789129015636386919,0.0,30,0,0.0,False,False,False,False
B0_OFF,BENIGN_DIVERSE_MODERATE,18,r18-t023-98c524d7,1789129015646473048,1789129015983210341,0.0,30,0,0.0,False,False,False,False
B0_OFF,BENIGN_DIVERSE_MODERATE,18,r18-t024-cc242809,1789129015993663237,1789129016306305983,0.0,30,0,0.0,False,False,False,False
B0_OFF,BENIGN_DIVERSE_MODERATE,18,r18-t025-6d5ff72a,1789129016316461854,1789129016660933697,0.0,30,0,0.0,False,False,False,False
B0_OFF,BENIGN_DIVERSE_MODERATE,18,r18-t026-9713e36f,1789129016673615730,1789129017002887899,0.0,30,0,0.0,False,False,False,False
B0_OFF,BENIGN_DIVERSE_MODERATE,18,r18-t027-5a22f0d1,1789129017013354225,1789129017354713354,0.0,30,0,0.0,False,False,False,False
B0_OFF,BENIGN_DIVERSE_MODERATE,18,r18-t028-629bd996,1789129017365593777,1789129017697369787,0.0,30,0,0.0,False,False,False,False
B0_OFF,BENIGN_DIVERSE_MODERATE,18,r18-t029-c3d01b6b,1789129017708194826,1789129018038463054,0.0,30,0,0.0,False,False,False,False
B0_OFF,BENIGN_DIVERSE_MODERATE,18,r18-t030-d6bfe865,1789129018048702494,1789129018410834500,0.0,30,0,0.0,False,False,False,False
B0_OFF,BENIGN_DIVERSE_MODERATE,18,r18-t031-161beaed,1789129018422085282,1789129018754555863,0.0,30,0,0.0,False,False,False,False
B0_OFF,BENIGN_DIVERSE_MODERATE,18,r18-t032-7ff1aa43,1789129018765196274,1789129019075059985,0.0,30,0,0.0,False,False,False,False
B0_OFF,BENIGN_DIVERSE_MODERATE,18,r18-t033-bddc5d14,1789129019085590607,1789129019438330297,0.0,30,0,0.0,False,False,False,False
B0_OFF,BENIGN_DIVERSE_MODERATE,18,r18-t034-86212c32,1789129019450256426,1789129019775272698,0.0,30,0,0.0,False,False,False,False
B0_OFF,BENIGN_DIVERSE_MODERATE,18,r18-t035-0d6f21cf,1789129019785772793,1789129020146403238,0.0,30,0,0.0,False,False,False,False
B0_OFF,BENIGN_DIVERSE_MODERATE,18,r18-t036-6bc43026,1789129020156835929,1789129020495356351,0.0,30,0,0.0,False,False,False,False
B0_OFF,BENIGN_DIVERSE_MODERATE,18,r18-t037-1489614b,1789129020507736664,1789129020840133773,0.0,30,0,0.0,False,False,False,False
B0_OFF,BENIGN_DIVERSE_MODERATE,18,r18-t038-56fadd64,1789129020851948341,1789129021174183589,0.0,30,0,0.0,False,False,False,False
B0_OFF,BENIGN_DIVERSE_MODERATE,18,r18-t039-673385c8,1789129021185638730,1789129021528043380,0.0,30,0,0.0,False,False,False,False
B0_OFF,BENIGN_DIVERSE_MODERATE,18,r18-t040-4c497433,1789129021538276193,1789129021870241898,0.0,30,0,0.0,False,False,False,False
B0_OFF,BENIGN_DIVERSE_MODERATE,18,r18-t041-618eafb8,1789129021880893326,1789129022228668641,0.0,30,0,0.0,False,False,False,False
B0_OFF,BENIGN_DIVERSE_MODERATE,18,r18-t042-ed9af97b,1789129022239462157,1789129022588712987,0.0,30,0,0.0,False,False,False,False
B0_OFF,BENIGN_DIVERSE_MODERATE,18,r18-t043-7914cbab,1789129022599370017,1789129022918865318,0.0,30,0,0.0,False,False,False,False
B0_OFF,BENIGN_DIVERSE_MODERATE,18,r18-t044-f6ad9ebc,1789129022929034461,1789129023268399301,0.0,30,0,0.0,False,False,False,False
B0_OFF,BENIGN_DIVERSE_MODERATE,18,r18-t045-1935df16,1789129023281367673,1789129023617400773,0.0,30,0,0.0,False,False,False,False
B0_OFF,BENIGN_DIVERSE_MODERATE,18,r18-t046-6ec89ece,1789129023627404952,1789129023966444628,0.0,30,0,0.0,False,False,False,False
B0_OFF,BENIGN_DIVERSE_MODERATE,18,r18-t047-041fd83e,1789129023978047088,1789129024321524415,0.0,30,0,0.0,False,False,False,False
B0_OFF,BENIGN_DIVERSE_MODERATE,18,r18-t048-00d07944,1789129024331918082,1789129024664303055,0.0,30,0,0.0,False,False,False,False
B0_OFF,BENIGN_DIVERSE_MODERATE,18,r18-t049-d0188e87,1789129024674489282,1789129025028295954,0.0,30,0,0.0,False,False,False,False
B0_OFF,ATTACK_DIVERSE_HIGH,18,r18-t000-41dba775,1789129039357777458,1789129039525029075,0.0,400,0,0.0,False,False,False,False
B0_OFF,ATTACK_DIVERSE_HIGH,18,r18-t001-33378cfc,1789129039536499853,1789129039833218272,0.0,401,0,0.0,False,False,False,False
B0_OFF,ATTACK_DIVERSE_HIGH,18,r18-t002-1c28bbde,1789129039844320929,1789129040172688063,0.0,402,0,0.0,False,False,False,False
B0_OFF,ATTACK_DIVERSE_HIGH,18,r18-t003-a819a1f2,1789129040183816119,1789129040535918109,0.0,403,0,0.0,False,False,False,False
B0_OFF,ATTACK_DIVERSE_HIGH,18,r18-t004-20fa7c45,1789129040548046686,1789129040843566143,0.0,404,0,0.0,False,False,False,False
B0_OFF,ATTACK_DIVERSE_HIGH,18,r18-t005-4a34e312,1789129040855361152,1789129041208147275,0.0,405,0,0.0,False,False,False,False
B0_OFF,ATTACK_DIVERSE_HIGH,18,r18-t006-4000cc38,1789129041219990842,1789129041564757115,0.0,406,0,0.0,False,False,False,False
B0_OFF,ATTACK_DIVERSE_HIGH,18,r18-t007-4aca67f7,1789129041579323211,1789129041882837865,0.0,406,0,0.0,False,False,False,False
B0_OFF,ATTACK_DIVERSE_HIGH,18,r18-t008-0ccde3ef,1789129041894629325,1789129042247989389,0.0,406,0,0.0,False,False,False,False
B0_OFF,ATTACK_DIVERSE_HIGH,18,r18-t009-5474d050,1789129042259450360,1789129042617595159,0.0,406,0,0.0,False,False,False,False
B0_OFF,ATTACK_DIVERSE_HIGH,18,r18-t010-bbf20d5d,1789129042632178065,1789129042972977836,0.0,406,0,0.0,False,False,False,False
B0_OFF,ATTACK_DIVERSE_HIGH,18,r18-t011-60a4aad4,1789129042984808704,1789129043327527430,0.0,406,0,0.0,False,False,False,False
B0_OFF,ATTACK_DIVERSE_HIGH,18,r18-t012-b22f04bc,1789129043338631300,1789129043712336552,0.0,406,0,0.0,False,False,False,False
B0_OFF,ATTACK_DIVERSE_HIGH,18,r18-t013-22864a46,1789129043723855890,1789129044038975328,0.0,406,0,0.0,False,False,False,False
B0_OFF,ATTACK_DIVERSE_HIGH,18,r18-t014-3d7ae3f4,1789129044051003418,1789129044381800841,0.0,406,0,0.0,False,False,False,False
B0_OFF,ATTACK_DIVERSE_HIGH,18,r18-t015-70304a65,1789129044396922048,1789129044719411733,0.0,406,0,0.0,False,False,False,False
B0_OFF,ATTACK_DIVERSE_HIGH,18,r18-t016-97a992c8,1789129044730746873,1789129045058743253,0.0,406,0,0.0,False,False,False,False
B0_OFF,ATTACK_DIVERSE_HIGH,18,r18-t017-f049c2f9,1789129045070364856,1789129045399972484,0.0,406,0,0.0,False,False,False,False
B0_OFF,ATTACK_DIVERSE_HIGH,18,r18-t018-1f874f23,1789129045412213320,1789129045739853219,0.0,406,0,0.0,False,False,False,False
B0_OFF,ATTACK_DIVERSE_HIGH,18,r18-t019-302c8c14,1789129045751274863,1789129046093667820,0.0,406,0,0.0,False,False,False,False
B0_OFF,ATTACK_DIVERSE_HIGH,18,r18-t020-fa50985b,1789129046105253304,1789129046427064295,0.0,406,0,0.0,False,False,False,False
B0_OFF,ATTACK_DIVERSE_HIGH,18,r18-t021-fb1ccd13,1789129046438513724,1789129046768566929,0.0,406,0,0.0,False,False,False,False
B0_OFF,ATTACK_DIVERSE_HIGH,18,r18-t022-608ddec7,1789129046779998021,1789129047112515379,0.0,406,0,0.0,False,False,False,False
B0_OFF,ATTACK_DIVERSE_HIGH,18,r18-t023-cd5795b0,1789129047123402349,1789129047475555874,0.0,406,0,0.0,False,False,False,False
B0_OFF,ATTACK_DIVERSE_HIGH,18,r18-t024-11ce1ec3,1789129047487479221,1789129047812736099,0.0,406,0,0.0,False,False,False,False
B0_OFF,ATTACK_DIVERSE_HIGH,18,r18-t025-4a0a1b79,1789129047824924421,1789129048163184462,0.0,406,0,0.0,False,False,False,False
B0_OFF,ATTACK_DIVERSE_HIGH,18,r18-t026-b1c8eadc,1789129048175040384,1789129048526929489,0.0,406,0,0.0,False,False,False,False
B0_OFF,ATTACK_DIVERSE_HIGH,18,r18-t027-072d7d3c,1789129048538770408,1789129048858633676,0.0,406,0,0.0,False,False,False,False
B0_OFF,ATTACK_DIVERSE_HIGH,18,r18-t028-25a56586,1789129048870484505,1789129049213923657,0.0,406,0,0.0,False,False,False,False
B0_OFF,ATTACK_DIVERSE_HIGH,18,r18-t029-9b440592,1789129049225962219,1789129049555650979,0.0,406,0,0.0,False,False,False,False
B0_OFF,ATTACK_DIVERSE_HIGH,18,r18-t030-20fc62e4,1789129049567206917,1789129049902526201,0.0,406,0,0.0,False,False,False,False
B0_OFF,ATTACK_DIVERSE_HIGH,18,r18-t031-255b0b5d,1789129049913948307,1789129050243355051,0.0,406,0,0.0,False,False,False,False
B0_OFF,ATTACK_DIVERSE_HIGH,18,r18-t032-53d7f052,1789129050254499216,1789129050608573513,0.0,406,0,0.0,False,False,False,False
B0_OFF,ATTACK_DIVERSE_HIGH,18,r18-t033-a2c16278,1789129050621591678,1789129050963381146,0.0,406,0,0.0,False,False,False,False
B0_OFF,ATTACK_DIVERSE_HIGH,18,r18-t034-91f6657e,1789129050974939215,1789129051312971419,0.0,406,0,0.0,False,False,False,False
B0_OFF,ATTACK_DIVERSE_HIGH,18,r18-t035-56511fcf,1789129051325660611,1789129051642625355,0.0,406,0,0.0,False,False,False,False
B0_OFF,ATTACK_DIVERSE_HIGH,18,r18-t036-e1633c8f,1789129051653815736,1789129051995725698,0.0,406,0,0.0,False,False,False,False
B0_OFF,ATTACK_DIVERSE_HIGH,18,r18-t037-05e9a92d,1789129052007420377,1789129052339409639,0.0,406,0,0.0,False,False,False,False
B0_OFF,ATTACK_DIVERSE_HIGH,18,r18-t038-62b70c7c,1789129052351629146,1789129052695674470,0.0,406,0,0.0,False,False,False,False
B0_OFF,ATTACK_DIVERSE_HIGH,18,r18-t039-66853b10,1789129052707543825,1789129053035832423,0.0,406,0,0.0,False,False,False,False
B0_OFF,ATTACK_DIVERSE_HIGH,18,r18-t040-1749eda4,1789129053047298696,1789129053382377613,0.0,406,0,0.0,False,False,False,False
B0_OFF,ATTACK_DIVERSE_HIGH,18,r18-t041-8164f3de,1789129053396300450,1789129053718771741,0.0,406,0,0.0,False,False,False,False
B0_OFF,ATTACK_DIVERSE_HIGH,18,r18-t042-270b1e30,1789129053730529711,1789129054062895904,0.0,406,0,0.0,False,False,False,False
B0_OFF,ATTACK_DIVERSE_HIGH,18,r18-t043-4b5f6c2f,1789129054075321254,1789129054412405300,0.0,406,0,0.0,False,False,False,False
B0_OFF,ATTACK_DIVERSE_HIGH,18,r18-t044-39790929,1789129054425641586,1789129054757497519,0.0,406,0,0.0,False,False,False,False
B0_OFF,ATTACK_DIVERSE_HIGH,18,r18-t045-1e49c9b8,1789129054768902908,1789129055103441076,0.0,406,0,0.0,False,False,False,False
B0_OFF,ATTACK_DIVERSE_HIGH,18,r18-t046-ee85cdeb,1789129055114362952,1789129055454699722,0.0,406,0,0.0,False,False,False,False
B0_OFF,ATTACK_DIVERSE_HIGH,18,r18-t047-b6ecca53,1789129055467268349,1789129055782628164,0.0,406,0,0.0,False,False,False,False
B0_OFF,ATTACK_DIVERSE_HIGH,18,r18-t048-77442d4e,1789129055794383143,1789129056133513188,0.0,406,0,0.0,False,False,False,False
B0_OFF,ATTACK_DIVERSE_HIGH,18,r18-t049-e84fc27c,1789129056145213174,1789129056476563990,0.0,406,0,0.0,False,False,False,False
B5_LOCKED_TC,BENIGN_DIVERSE_HIGH,18,r18-t000-41dba775,1789129072045851275,1789129072870644132,0.0,400,0,0.0,False,False,False,False
B5_LOCKED_TC,BENIGN_DIVERSE_HIGH,18,r18-t001-33378cfc,1789129072881891331,1789129073290797100,0.0,402,0,0.0,False,False,False,False
B5_LOCKED_TC,BENIGN_DIVERSE_HIGH,18,r18-t002-1c28bbde,1789129073301573778,1789129073686680994,0.0,403,0,0.0,False,False,False,False
B5_LOCKED_TC,BENIGN_DIVERSE_HIGH,18,r18-t003-a819a1f2,1789129073698292228,1789129074110051944,0.0,404,0,0.0,False,False,False,False
B5_LOCKED_TC,BENIGN_DIVERSE_HIGH,18,r18-t004-20fa7c45,1789129074120432569,1789129074511595196,0.0,405,0,0.0,False,False,False,False
B5_LOCKED_TC,BENIGN_DIVERSE_HIGH,18,r18-t005-4a34e312,1789129074522282366,1789129074915937029,0.0,405,0,0.0,False,False,False,False
B5_LOCKED_TC,BENIGN_DIVERSE_HIGH,18,r18-t006-4000cc38,1789129074926865411,1789129075331418928,0.0,405,0,0.0,False,False,False,False
B5_LOCKED_TC,BENIGN_DIVERSE_HIGH,18,r18-t007-4aca67f7,1789129075342365120,1789129075751965920,0.0,405,0,0.0,False,False,False,False
B5_LOCKED_TC,BENIGN_DIVERSE_HIGH,18,r18-t008-0ccde3ef,1789129075765115504,1789129076159101258,0.0,405,0,0.0,False,False,False,False
B5_LOCKED_TC,BENIGN_DIVERSE_HIGH,18,r18-t009-5474d050,1789129076170771180,1789129076540111370,0.0,405,0,0.0,False,False,False,False
B5_LOCKED_TC,BENIGN_DIVERSE_HIGH,18,r18-t010-bbf20d5d,1789129076551254388,1789129076969325953,0.0,405,0,0.0,False,False,False,False
B5_LOCKED_TC,BENIGN_DIVERSE_HIGH,18,r18-t011-60a4aad4,1789129076981998558,1789129077371447691,0.0,405,0,0.0,False,False,False,False
B5_LOCKED_TC,BENIGN_DIVERSE_HIGH,18,r18-t012-b22f04bc,1789129077382384932,1789129077810587789,0.0,405,0,0.0,False,False,False,False
B5_LOCKED_TC,BENIGN_DIVERSE_HIGH,18,r18-t013-22864a46,1789129077821770764,1789129078235336067,0.0,405,0,0.0,False,False,False,False
B5_LOCKED_TC,BENIGN_DIVERSE_HIGH,18,r18-t014-3d7ae3f4,1789129078246121974,1789129078625836210,0.0,405,0,0.0,False,False,False,False
B5_LOCKED_TC,BENIGN_DIVERSE_HIGH,18,r18-t015-70304a65,1789129078636732884,1789129079026903514,0.0,405,0,0.0,False,False,False,False
B5_LOCKED_TC,BENIGN_DIVERSE_HIGH,18,r18-t016-97a992c8,1789129079038757877,1789129079437314290,0.0,405,0,0.0,False,False,False,False
B5_LOCKED_TC,BENIGN_DIVERSE_HIGH,18,r18-t017-f049c2f9,1789129079448157239,1789129079813842171,0.0,405,0,0.0,False,False,False,False
B5_LOCKED_TC,BENIGN_DIVERSE_HIGH,18,r18-t018-1f874f23,1789129079825214402,1789129080186516692,0.0,405,0,0.0,False,False,False,False
B5_LOCKED_TC,BENIGN_DIVERSE_HIGH,18,r18-t019-302c8c14,1789129080198890795,1789129080587654671,0.0,405,0,0.0,False,False,False,False
B5_LOCKED_TC,BENIGN_DIVERSE_HIGH,18,r18-t020-fa50985b,1789129080599008375,1789129080996989933,0.0,405,0,0.0,False,False,False,False
B5_LOCKED_TC,BENIGN_DIVERSE_HIGH,18,r18-t021-fb1ccd13,1789129081008945726,1789129081394051502,0.0,405,0,0.0,False,False,False,False
B5_LOCKED_TC,BENIGN_DIVERSE_HIGH,18,r18-t022-608ddec7,1789129081406731283,1789129081850677319,0.0,405,0,0.0,False,False,False,False
B5_LOCKED_TC,BENIGN_DIVERSE_HIGH,18,r18-t023-cd5795b0,1789129081862021851,1789129082278650433,0.0,405,0,0.0,False,False,False,False
B5_LOCKED_TC,BENIGN_DIVERSE_HIGH,18,r18-t024-11ce1ec3,1789129082291501298,1789129082691629530,0.0,405,0,0.0,False,False,False,False
B5_LOCKED_TC,BENIGN_DIVERSE_HIGH,18,r18-t025-4a0a1b79,1789129082703132089,1789129083114405611,0.0,405,0,0.0,False,False,False,False
B5_LOCKED_TC,BENIGN_DIVERSE_HIGH,18,r18-t026-b1c8eadc,1789129083125664186,1789129083502962369,0.0,405,0,0.0,False,False,False,False
B5_LOCKED_TC,BENIGN_DIVERSE_HIGH,18,r18-t027-072d7d3c,1789129083515395662,1789129083877812648,0.0,405,0,0.0,False,False,False,False
B5_LOCKED_TC,BENIGN_DIVERSE_HIGH,18,r18-t028-25a56586,1789129083890543743,1789129084265661442,0.0,405,0,0.0,False,False,False,False
B5_LOCKED_TC,BENIGN_DIVERSE_HIGH,18,r18-t029-9b440592,1789129084276676032,1789129084647127831,0.0,405,0,0.0,False,False,False,False
B5_LOCKED_TC,BENIGN_DIVERSE_HIGH,18,r18-t030-20fc62e4,1789129084658149925,1789129085074846125,0.0,405,0,0.0,False,False,False,False
B5_LOCKED_TC,BENIGN_DIVERSE_HIGH,18,r18-t031-255b0b5d,1789129085086368321,1789129085458940579,0.0,405,0,0.0,False,False,False,False
B5_LOCKED_TC,BENIGN_DIVERSE_HIGH,18,r18-t032-53d7f052,1789129085471290971,1789129085862754792,0.0,405,0,0.0,False,False,False,False
B5_LOCKED_TC,BENIGN_DIVERSE_HIGH,18,r18-t033-a2c16278,1789129085874234009,1789129086252100191,0.0,405,0,0.0,False,False,False,False
B5_LOCKED_TC,BENIGN_DIVERSE_HIGH,18,r18-t034-91f6657e,1789129086266069374,1789129086652723504,0.0,405,0,0.0,False,False,False,False
B5_LOCKED_TC,BENIGN_DIVERSE_HIGH,18,r18-t035-56511fcf,1789129086666019383,1789129087061906880,0.0,405,0,0.0,False,False,False,False
B5_LOCKED_TC,BENIGN_DIVERSE_HIGH,18,r18-t036-e1633c8f,1789129087074028622,1789129087476833093,0.0,405,0,0.0,False,False,False,False
B5_LOCKED_TC,BENIGN_DIVERSE_HIGH,18,r18-t037-05e9a92d,1789129087487772608,1789129087873345830,0.0,405,0,0.0,False,False,False,False
B5_LOCKED_TC,BENIGN_DIVERSE_HIGH,18,r18-t038-62b70c7c,1789129087885000856,1789129088281402890,0.0,405,0,0.0,False,False,False,False
B5_LOCKED_TC,BENIGN_DIVERSE_HIGH,18,r18-t039-66853b10,1789129088293097922,1789129088705311192,0.0,406,0,0.0,False,False,False,False
B5_LOCKED_TC,BENIGN_DIVERSE_HIGH,18,r18-t040-1749eda4,1789129088717114762,1789129089113974382,0.0,405,0,0.0,False,False,False,False
B5_LOCKED_TC,BENIGN_DIVERSE_HIGH,18,r18-t041-8164f3de,1789129089125268969,1789129089514426065,0.0,405,0,0.0,False,False,False,False
B5_LOCKED_TC,BENIGN_DIVERSE_HIGH,18,r18-t042-270b1e30,1789129089525266550,1789129089896011296,0.0,405,0,0.0,False,False,False,False
B5_LOCKED_TC,BENIGN_DIVERSE_HIGH,18,r18-t043-4b5f6c2f,1789129089909368173,1789129090310053874,0.0,405,0,0.0,False,False,False,False
B5_LOCKED_TC,BENIGN_DIVERSE_HIGH,18,r18-t044-39790929,1789129090321517713,1789129090690185579,0.0,405,0,0.0,False,False,False,False
B5_LOCKED_TC,BENIGN_DIVERSE_HIGH,18,r18-t045-1e49c9b8,1789129090702589160,1789129091124591812,0.0,405,0,0.0,False,False,False,False
B5_LOCKED_TC,BENIGN_DIVERSE_HIGH,18,r18-t046-ee85cdeb,1789129091135681187,1789129091534350723,0.0,405,0,0.0,False,False,False,False
B5_LOCKED_TC,BENIGN_DIVERSE_HIGH,18,r18-t047-b6ecca53,1789129091545553058,1789129091941155987,0.0,405,0,0.0,False,False,False,False
B5_LOCKED_TC,BENIGN_DIVERSE_HIGH,18,r18-t048-77442d4e,1789129091953976395,1789129092356798564,0.0,405,0,0.0,False,False,False,False
B5_LOCKED_TC,BENIGN_DIVERSE_HIGH,18,r18-t049-e84fc27c,1789129092368463003,1789129092762677925,0.0,405,0,0.0,False,False,False,False
B1_RL2_TC,BENIGN_DIVERSE_HIGH,19,r19-t000-4d2b6598,1789129108697838333,1789129109895260815,0.0,400,0,0.0,False,False,False,False
B1_RL2_TC,BENIGN_DIVERSE_HIGH,19,r19-t001-90492c1b,1789129109906178420,1789129110298033245,0.0,403,0,0.0,False,False,False,False
B1_RL2_TC,BENIGN_DIVERSE_HIGH,19,r19-t002-ad845aa5,1789129110309097883,1789129110713658401,0.0,404,0,0.0,False,False,False,False
B1_RL2_TC,BENIGN_DIVERSE_HIGH,19,r19-t003-345d88c8,1789129110725044530,1789129111134810019,0.0,405,0,0.0,False,False,False,False
B1_RL2_TC,BENIGN_DIVERSE_HIGH,19,r19-t004-f15811f4,1789129111146465236,1789129111554587581,0.0,405,0,0.0,False,False,False,False
B1_RL2_TC,BENIGN_DIVERSE_HIGH,19,r19-t005-42bdaa07,1789129111565379893,1789129111985787337,0.0,405,0,0.0,False,False,False,False
B1_RL2_TC,BENIGN_DIVERSE_HIGH,19,r19-t006-3e22b745,1789129111998878033,1789129112375891784,0.0,405,0,0.0,False,False,False,False
B1_RL2_TC,BENIGN_DIVERSE_HIGH,19,r19-t007-4c4c54f5,1789129112387365725,1789129112781664891,0.0,405,0,0.0,False,False,False,False
B1_RL2_TC,BENIGN_DIVERSE_HIGH,19,r19-t008-460e9abf,1789129112793863546,1789129113195186127,0.0,405,0,0.0,False,False,False,False
B1_RL2_TC,BENIGN_DIVERSE_HIGH,19,r19-t009-3070b96d,1789129113210039444,1789129113624334514,0.0,405,0,0.0,False,False,False,False
B1_RL2_TC,BENIGN_DIVERSE_HIGH,19,r19-t010-a1b4b1aa,1789129113636505728,1789129114062075249,0.0,405,0,0.0,False,False,False,False
B1_RL2_TC,BENIGN_DIVERSE_HIGH,19,r19-t011-152899d9,1789129114072642874,1789129114496820170,0.0,405,0,0.0,False,False,False,False
B1_RL2_TC,BENIGN_DIVERSE_HIGH,19,r19-t012-eb3da8d8,1789129114508413872,1789129114907801209,0.0,405,0,0.0,False,False,False,False
B1_RL2_TC,BENIGN_DIVERSE_HIGH,19,r19-t013-b5ce7569,1789129114920484051,1789129115329047820,0.0,405,0,0.0,False,False,False,False
B1_RL2_TC,BENIGN_DIVERSE_HIGH,19,r19-t014-9ff120e7,1789129115341614972,1789129115750391607,0.0,405,0,0.0,False,False,False,False
B1_RL2_TC,BENIGN_DIVERSE_HIGH,19,r19-t015-f164efa5,1789129115762635842,1789129116151201525,0.0,405,0,0.0,False,False,False,False
B1_RL2_TC,BENIGN_DIVERSE_HIGH,19,r19-t016-a794e4aa,1789129116162456333,1789129116535206432,0.0,405,0,0.0,False,False,False,False
B1_RL2_TC,BENIGN_DIVERSE_HIGH,19,r19-t017-d2f91727,1789129116546908589,1789129116938361443,0.0,405,0,0.0,False,False,False,False
B1_RL2_TC,BENIGN_DIVERSE_HIGH,19,r19-t018-8b47b53b,1789129116950096492,1789129117366527642,0.0,405,0,0.0,False,False,False,False
B1_RL2_TC,BENIGN_DIVERSE_HIGH,19,r19-t019-a793bfed,1789129117377472504,1789129117808785918,0.0,405,0,0.0,False,False,False,False
B1_RL2_TC,BENIGN_DIVERSE_HIGH,19,r19-t020-161c6356,1789129117820911551,1789129118193810515,0.0,405,0,0.0,False,False,False,False
B1_RL2_TC,BENIGN_DIVERSE_HIGH,19,r19-t021-c708c036,1789129118205050099,1789129118591127275,0.0,405,0,0.0,False,False,False,False
B1_RL2_TC,BENIGN_DIVERSE_HIGH,19,r19-t022-8d297fe2,1789129118604091776,1789129119011924660,0.0,405,0,0.0,False,False,False,False
B1_RL2_TC,BENIGN_DIVERSE_HIGH,19,r19-t023-b765194d,1789129119023500037,1789129119410829501,0.0,405,0,0.0,False,False,False,False
B1_RL2_TC,BENIGN_DIVERSE_HIGH,19,r19-t024-c67424a1,1789129119422730144,1789129119807369420,0.0,405,0,0.0,False,False,False,False
B1_RL2_TC,BENIGN_DIVERSE_HIGH,19,r19-t025-8f1349fc,1789129119819420995,1789129120219867302,0.0,405,0,0.0,False,False,False,False
B1_RL2_TC,BENIGN_DIVERSE_HIGH,19,r19-t026-02d8a331,1789129120231676786,1789129120632838836,0.0,405,0,0.0,False,False,False,False
B1_RL2_TC,BENIGN_DIVERSE_HIGH,19,r19-t027-1e316679,1789129120644289433,1789129121039220782,0.0,405,0,0.0,False,False,False,False
B1_RL2_TC,BENIGN_DIVERSE_HIGH,19,r19-t028-d96a1e69,1789129121050589907,1789129121468788459,0.0,405,0,0.0,False,False,False,False
B1_RL2_TC,BENIGN_DIVERSE_HIGH,19,r19-t029-a4eefd59,1789129121480254160,1789129121867621953,0.0,405,0,0.0,False,False,False,False
B1_RL2_TC,BENIGN_DIVERSE_HIGH,19,r19-t030-485240dc,1789129121882653432,1789129122265613729,0.0,405,0,0.0,False,False,False,False
B1_RL2_TC,BENIGN_DIVERSE_HIGH,19,r19-t031-6950c516,1789129122278027542,1789129122671321528,0.0,405,0,0.0,False,False,False,False
B1_RL2_TC,BENIGN_DIVERSE_HIGH,19,r19-t032-c2ec516b,1789129122683067519,1789129123115917853,0.0,405,0,0.0,False,False,False,False
B1_RL2_TC,BENIGN_DIVERSE_HIGH,19,r19-t033-4d77bba0,1789129123127910995,1789129123542567086,0.0,405,0,0.0,False,False,False,False
B1_RL2_TC,BENIGN_DIVERSE_HIGH,19,r19-t034-77a59453,1789129123553572561,1789129123951962728,0.0,405,0,0.0,False,False,False,False
B1_RL2_TC,BENIGN_DIVERSE_HIGH,19,r19-t035-53a3e525,1789129123963881292,1789129124367858737,0.0,405,0,0.0,False,False,False,False
B1_RL2_TC,BENIGN_DIVERSE_HIGH,19,r19-t036-7314f839,1789129124379229089,1789129124790493672,0.0,405,0,0.0,False,False,False,False
B1_RL2_TC,BENIGN_DIVERSE_HIGH,19,r19-t037-9cc0dfd0,1789129124801661430,1789129125212351369,0.0,405,0,0.0,False,False,False,False
B1_RL2_TC,BENIGN_DIVERSE_HIGH,19,r19-t038-bffcf90c,1789129125226568510,1789129125609412783,0.0,405,0,0.0,False,False,False,False
B1_RL2_TC,BENIGN_DIVERSE_HIGH,19,r19-t039-eac5a933,1789129126598090600,1789129126985943163,0.0,251,0,0.0,False,False,False,False
B1_RL2_TC,BENIGN_DIVERSE_HIGH,19,r19-t040-4bd7bcad,1789129128146447318,1789129128558248311,0.0,52,0,0.0,False,False,False,False
B1_RL2_TC,BENIGN_DIVERSE_HIGH,19,r19-t041-e24e25d3,1789129128569535303,1789129128984334700,0.0,123,0,0.0,False,False,False,False
B1_RL2_TC,BENIGN_DIVERSE_HIGH,19,r19-t042-350a3432,1789129128996270540,1789129129370803661,0.0,173,0,0.0,False,False,False,False
B1_RL2_TC,BENIGN_DIVERSE_HIGH,19,r19-t043-4286d1b6,1789129129382022114,1789129129793765804,0.0,236,0,0.0,False,False,False,False
B1_RL2_TC,BENIGN_DIVERSE_HIGH,19,r19-t044-4e9bcd82,1789129129805808227,1789129130214909798,0.0,322,0,0.0,False,False,False,False
B1_RL2_TC,BENIGN_DIVERSE_HIGH,19,r19-t045-ef7ce933,1789129130226526360,1789129130613994033,0.0,405,0,0.0,False,False,False,False
B1_RL2_TC,BENIGN_DIVERSE_HIGH,19,r19-t046-c1bd63a1,1789129130625650901,1789129131037464064,0.0,405,0,0.0,False,False,False,False
B1_RL2_TC,BENIGN_DIVERSE_HIGH,19,r19-t047-f3ce951f,1789129131048891809,1789129131447178547,0.0,405,0,0.0,False,False,False,False
B1_RL2_TC,BENIGN_DIVERSE_HIGH,19,r19-t048-23767c50,1789129131458734080,1789129131876048681,0.0,405,0,0.0,False,False,False,False
B1_RL2_TC,BENIGN_DIVERSE_HIGH,19,r19-t049-44e1c108,1789129131888081662,1789129132283182517,0.0,405,0,0.0,False,False,False,False
RFC_DROP_NATIVE,ATTACK_DIVERSE_MODERATE,19,r19-t000-f04be204,1789129144684407909,1789129146695929067,0.0,24,0,0.0,False,False,False,False
RFC_DROP_NATIVE,ATTACK_DIVERSE_MODERATE,19,r19-t001-8166c22c,1789129144689756254,1789129146701300855,0.0,24,0,0.0,False,False,False,False
RFC_DROP_NATIVE,ATTACK_DIVERSE_MODERATE,19,r19-t002-a3fbc48c,1789129144698364491,1789129146708755649,0.0,24,0,0.0,False,False,False,False
RFC_DROP_NATIVE,ATTACK_DIVERSE_MODERATE,19,r19-t003-50f9eb9d,1789129144708626701,1789129146717271995,0.0,24,0,0.0,False,False,False,False
RFC_DROP_NATIVE,ATTACK_DIVERSE_MODERATE,19,r19-t004-346b4892,1789129144718534852,1789129146728562005,0.0,24,0,0.0,False,False,False,False
RFC_DROP_NATIVE,ATTACK_DIVERSE_MODERATE,19,r19-t005-c75d9703,1789129144728564242,1789129146737386713,0.0,24,0,0.0,False,False,False,False
RFC_DROP_NATIVE,ATTACK_DIVERSE_MODERATE,19,r19-t006-6b1aa761,1789129144738516358,1789129146748815247,0.0,24,0,0.0,False,False,False,False
RFC_DROP_NATIVE,ATTACK_DIVERSE_MODERATE,19,r19-t007-5137d7be,1789129144748723193,1789129146757361036,0.0,24,0,0.0,False,False,False,False
RFC_DROP_NATIVE,ATTACK_DIVERSE_MODERATE,19,r19-t008-6d2d2870,1789129144758612700,1789129146779638116,0.0,24,0,0.0,False,False,False,False
RFC_DROP_NATIVE,ATTACK_DIVERSE_MODERATE,19,r19-t009-ddfb691f,1789129144768916929,1789129146779438835,0.0,24,0,0.0,False,False,False,False
RFC_DROP_NATIVE,ATTACK_DIVERSE_MODERATE,19,r19-t010-76da2008,1789129144778611181,1789129146786999812,0.0,24,0,0.0,False,False,False,False
RFC_DROP_NATIVE,ATTACK_DIVERSE_MODERATE,19,r19-t011-42325d99,1789129144788636022,1789129146797331088,0.0,24,0,0.0,False,False,False,False
RFC_DROP_NATIVE,ATTACK_DIVERSE_MODERATE,19,r19-t012-a8357284,1789129144798615598,1789129146809108644,0.0,24,0,0.0,False,False,False,False
RFC_DROP_NATIVE,ATTACK_DIVERSE_MODERATE,19,r19-t013-5fa652f7,1789129144808816866,1789129146819734166,0.0,24,0,0.0,False,False,False,False
RFC_DROP_NATIVE,ATTACK_DIVERSE_MODERATE,19,r19-t014-f5f1f79a,1789129144818665281,1789129146838280343,0.0,24,0,0.0,False,False,False,False
RFC_DROP_NATIVE,ATTACK_DIVERSE_MODERATE,19,r19-t015-3ffedc81,1789129144828634097,1789129146837153642,0.0,24,0,0.0,False,False,False,False
RFC_DROP_NATIVE,ATTACK_DIVERSE_MODERATE,19,r19-t016-e1198df5,1789129144838711070,1789129146849150855,0.0,24,0,0.0,False,False,False,False
RFC_DROP_NATIVE,ATTACK_DIVERSE_MODERATE,19,r19-t017-cd8b9d09,1789129144848540189,1789129146857247796,0.0,24,0,0.0,False,False,False,False
RFC_DROP_NATIVE,ATTACK_DIVERSE_MODERATE,19,r19-t018-bf16307f,1789129144858672259,1789129146868519017,0.0,24,0,0.0,False,False,False,False
RFC_DROP_NATIVE,ATTACK_DIVERSE_MODERATE,19,r19-t019-9bb70f11,1789129144868928905,1789129146879292599,0.0,24,0,0.0,False,False,False,False
RFC_DROP_NATIVE,ATTACK_DIVERSE_MODERATE,19,r19-t020-0b1cd335,1789129144878745318,1789129146889088472,0.0,24,0,0.0,False,False,False,False
RFC_DROP_NATIVE,ATTACK_DIVERSE_MODERATE,19,r19-t021-d36333b8,1789129144888728511,1789129146897330573,0.0,25,0,0.0,False,False,False,False
RFC_DROP_NATIVE,ATTACK_DIVERSE_MODERATE,19,r19-t022-b7a7d3b5,1789129144898551510,1789129146908613573,0.0,25,0,0.0,False,False,False,False
RFC_DROP_NATIVE,ATTACK_DIVERSE_MODERATE,19,r19-t023-12c4fb6d,1789129144908424320,1789129146917259188,0.0,25,0,0.0,False,False,False,False
RFC_DROP_NATIVE,ATTACK_DIVERSE_MODERATE,19,r19-t024-d33c87e8,1789129144918376071,1789129146928765305,0.0,25,0,0.0,False,False,False,False
RFC_DROP_NATIVE,ATTACK_DIVERSE_MODERATE,19,r19-t025-09b1fef2,1789129144928973878,1789129146939422888,0.0,25,0,0.0,False,False,False,False
RFC_DROP_NATIVE,ATTACK_DIVERSE_MODERATE,19,r19-t026-494dfaac,1789129144939210117,1789129146949066964,0.0,25,0,0.0,False,False,False,False
RFC_DROP_NATIVE,ATTACK_DIVERSE_MODERATE,19,r19-t027-0d48a694,1789129144949006216,1789129146960639911,0.0,25,0,0.0,False,False,False,False
RFC_DROP_NATIVE,ATTACK_DIVERSE_MODERATE,19,r19-t028-d51f4a34,1789129144959647715,1789129146999737129,0.0,25,0,0.0,False,False,False,False
RFC_DROP_NATIVE,ATTACK_DIVERSE_MODERATE,19,r19-t029-ce541740,1789129144989955714,1789129147001644689,0.0,25,0,0.0,False,False,False,False
RFC_DROP_NATIVE,ATTACK_DIVERSE_MODERATE,19,r19-t030-75662424,1789129144991965873,1789129147011715740,0.0,25,0,0.0,False,False,False,False
RFC_DROP_NATIVE,ATTACK_DIVERSE_MODERATE,19,r19-t031-8900308a,1789129144994102283,1789129147004842245,0.0,25,0,0.0,False,False,False,False
RFC_DROP_NATIVE,ATTACK_DIVERSE_MODERATE,19,r19-t032-a60a5313,1789129145001761603,1789129147013062099,0.0,25,0,0.0,False,False,False,False
RFC_DROP_NATIVE,ATTACK_DIVERSE_MODERATE,19,r19-t033-20fde6be,1789129145009491607,1789129147019498524,0.0,25,0,0.0,False,False,False,False
RFC_DROP_NATIVE,ATTACK_DIVERSE_MODERATE,19,r19-t034-437f2b03,1789129145018760656,1789129147029341507,0.0,25,0,0.0,False,False,False,False
RFC_DROP_NATIVE,ATTACK_DIVERSE_MODERATE,19,r19-t035-2c93ccbf,1789129145028815369,1789129147039515377,0.0,25,0,0.0,False,False,False,False
RFC_DROP_NATIVE,ATTACK_DIVERSE_MODERATE,19,r19-t036-4a8f50ec,1789129145038628624,1789129147049032239,0.0,25,0,0.0,False,False,False,False
RFC_DROP_NATIVE,ATTACK_DIVERSE_MODERATE,19,r19-t037-adc66b2c,1789129145048985078,1789129147059553822,0.0,25,0,0.0,False,False,False,False
RFC_DROP_NATIVE,ATTACK_DIVERSE_MODERATE,19,r19-t038-40d4c4e0,1789129145058608275,1789129147068655952,0.0,25,0,0.0,False,False,False,False
RFC_DROP_NATIVE,ATTACK_DIVERSE_MODERATE,19,r19-t039-36511917,1789129145068679220,1789129147079390463,0.0,25,0,0.0,False,False,False,False
RFC_DROP_NATIVE,ATTACK_DIVERSE_MODERATE,19,r19-t040-ed7701d6,1789129145078606110,1789129147088909288,0.0,25,0,0.0,False,False,False,False
RFC_DROP_NATIVE,ATTACK_DIVERSE_MODERATE,19,r19-t041-aab8f90e,1789129145088489121,1789129147109530244,0.0,25,0,0.0,False,False,False,False
RFC_DROP_NATIVE,ATTACK_DIVERSE_MODERATE,19,r19-t042-054b9541,1789129145098462113,1789129147118848480,0.0,25,0,0.0,False,False,False,False
RFC_DROP_NATIVE,ATTACK_DIVERSE_MODERATE,19,r19-t043-fbc2a4f5,1789129145108758086,1789129147117220304,0.0,25,0,0.0,False,False,False,False
RFC_DROP_NATIVE,ATTACK_DIVERSE_MODERATE,19,r19-t044-49db8f96,1789129145118547876,1789129147129222752,0.0,25,0,0.0,False,False,False,False
RFC_DROP_NATIVE,ATTACK_DIVERSE_MODERATE,19,r19-t045-25af6145,1789129145128595630,1789129147137552342,0.0,25,0,0.0,False,False,False,False
RFC_DROP_NATIVE,ATTACK_DIVERSE_MODERATE,19,r19-t046-5a8eb53b,1789129145138509996,1789129147148961247,0.0,25,0,0.0,False,False,False,False
RFC_DROP_NATIVE,ATTACK_DIVERSE_MODERATE,19,r19-t047-44956814,1789129145149049554,1789129147159265790,0.0,25,0,0.0,False,False,False,False
RFC_DROP_NATIVE,ATTACK_DIVERSE_MODERATE,19,r19-t048-f50cb3a8,1789129145158677668,1789129147169256644,0.0,25,0,0.0,False,False,False,False
RFC_DROP_NATIVE,ATTACK_DIVERSE_MODERATE,19,r19-t049-aeddb9fe,1789129145168997760,1789129147190082771,0.0,25,0,0.0,False,False,False,False
RFC_DROP_NATIVE,BENIGN_DIVERSE_MODERATE,19,r19-t000-f04be204,1789129178376089331,1789129180398450603,0.0,24,0,0.0,False,False,False,False
RFC_DROP_NATIVE,BENIGN_DIVERSE_MODERATE,19,r19-t001-8166c22c,1789129178381195335,1789129180402511561,0.0,24,0,0.0,False,False,False,False
RFC_DROP_NATIVE,BENIGN_DIVERSE_MODERATE,19,r19-t002-a3fbc48c,1789129178391149584,1789129180402365237,0.0,24,0,0.0,False,False,False,False
RFC_DROP_NATIVE,BENIGN_DIVERSE_MODERATE,19,r19-t003-50f9eb9d,1789129178400837816,1789129180411446001,0.0,24,0,0.0,False,False,False,False
RFC_DROP_NATIVE,BENIGN_DIVERSE_MODERATE,19,r19-t004-346b4892,1789129178411109022,1789129180421354043,0.0,24,0,0.0,False,False,False,False
RFC_DROP_NATIVE,BENIGN_DIVERSE_MODERATE,19,r19-t005-c75d9703,1789129178420701407,1789129180429327222,0.0,24,0,0.0,False,False,False,False
RFC_DROP_NATIVE,BENIGN_DIVERSE_MODERATE,19,r19-t006-6b1aa761,1789129178430463031,1789129180440918305,0.0,24,0,0.0,False,False,False,False
RFC_DROP_NATIVE,BENIGN_DIVERSE_MODERATE,19,r19-t007-5137d7be,1789129178440820714,1789129180459613072,0.0,24,0,0.0,False,False,False,False
RFC_DROP_NATIVE,BENIGN_DIVERSE_MODERATE,19,r19-t008-6d2d2870,1789129178450851140,1789129180461617617,0.0,24,0,0.0,False,False,False,False
RFC_DROP_NATIVE,BENIGN_DIVERSE_MODERATE,19,r19-t009-ddfb691f,1789129178460912092,1789129180479633933,0.0,24,0,0.0,False,False,False,False
RFC_DROP_NATIVE,BENIGN_DIVERSE_MODERATE,19,r19-t010-76da2008,1789129178470722617,1789129180481037691,0.0,24,0,0.0,False,False,False,False
RFC_DROP_NATIVE,BENIGN_DIVERSE_MODERATE,19,r19-t011-42325d99,1789129178480899552,1789129180489513583,0.0,24,0,0.0,False,False,False,False
RFC_DROP_NATIVE,BENIGN_DIVERSE_MODERATE,19,r19-t012-a8357284,1789129178490722973,1789129180500178201,0.0,24,0,0.0,False,False,False,False
RFC_DROP_NATIVE,BENIGN_DIVERSE_MODERATE,19,r19-t013-5fa652f7,1789129178501113315,1789129180509390534,0.0,24,0,0.0,False,False,False,False
RFC_DROP_NATIVE,BENIGN_DIVERSE_MODERATE,19,r19-t014-f5f1f79a,1789129178510627109,1789129180520675981,0.0,24,0,0.0,False,False,False,False
RFC_DROP_NATIVE,BENIGN_DIVERSE_MODERATE,19,r19-t015-3ffedc81,1789129178520719795,1789129180529361013,0.0,24,0,0.0,False,False,False,False
RFC_DROP_NATIVE,BENIGN_DIVERSE_MODERATE,19,r19-t016-e1198df5,1789129178530646208,1789129180540935859,0.0,24,0,0.0,False,False,False,False
RFC_DROP_NATIVE,BENIGN_DIVERSE_MODERATE,19,r19-t017-cd8b9d09,1789129178540563157,1789129180549664314,0.0,24,0,0.0,False,False,False,False
RFC_DROP_NATIVE,BENIGN_DIVERSE_MODERATE,19,r19-t018-bf16307f,1789129178550382218,1789129180560376717,0.0,24,0,0.0,False,False,False,False
RFC_DROP_NATIVE,BENIGN_DIVERSE_MODERATE,19,r19-t019-9bb70f11,1789129178560580772,1789129180569508698,0.0,24,0,0.0,False,False,False,False
RFC_DROP_NATIVE,BENIGN_DIVERSE_MODERATE,19,r19-t020-0b1cd335,1789129178570568703,1789129180580352485,0.0,24,0,0.0,False,False,False,False
RFC_DROP_NATIVE,BENIGN_DIVERSE_MODERATE,19,r19-t021-d36333b8,1789129178580520632,1789129180589470456,0.0,24,0,0.0,False,False,False,False
RFC_DROP_NATIVE,BENIGN_DIVERSE_MODERATE,19,r19-t022-b7a7d3b5,1789129178590342105,1789129180600661169,0.0,24,0,0.0,False,False,False,False
RFC_DROP_NATIVE,BENIGN_DIVERSE_MODERATE,19,r19-t023-12c4fb6d,1789129178600506792,1789129180609741190,0.0,24,0,0.0,False,False,False,False
RFC_DROP_NATIVE,BENIGN_DIVERSE_MODERATE,19,r19-t024-d33c87e8,1789129178610339676,1789129180620258184,0.0,24,0,0.0,False,False,False,False
RFC_DROP_NATIVE,BENIGN_DIVERSE_MODERATE,19,r19-t025-09b1fef2,1789129178621321065,1789129180629579077,0.0,24,0,0.0,False,False,False,False
RFC_DROP_NATIVE,BENIGN_DIVERSE_MODERATE,19,r19-t026-494dfaac,1789129178630459449,1789129180637519782,0.0,24,0,0.0,False,False,False,False
RFC_DROP_NATIVE,BENIGN_DIVERSE_MODERATE,19,r19-t027-0d48a694,1789129178640486905,1789129180649126917,0.0,24,0,0.0,False,False,False,False
RFC_DROP_NATIVE,BENIGN_DIVERSE_MODERATE,19,r19-t028-d51f4a34,1789129178650319790,1789129180687617169,0.0,24,0,0.0,False,False,False,False
RFC_DROP_NATIVE,BENIGN_DIVERSE_MODERATE,19,r19-t029-ce541740,1789129178670189412,1789129180690155140,0.0,24,0,0.0,False,False,False,False
RFC_DROP_NATIVE,BENIGN_DIVERSE_MODERATE,19,r19-t030-75662424,1789129178671853061,1789129180692111436,0.0,24,0,0.0,False,False,False,False
RFC_DROP_NATIVE,BENIGN_DIVERSE_MODERATE,19,r19-t031-8900308a,1789129178681539623,1789129180692296079,0.0,24,0,0.0,False,False,False,False
RFC_DROP_NATIVE,BENIGN_DIVERSE_MODERATE,19,r19-t032-a60a5313,1789129178690638573,1789129180700555411,0.0,24,0,0.0,False,False,False,False
RFC_DROP_NATIVE,BENIGN_DIVERSE_MODERATE,19,r19-t033-20fde6be,1789129178700387950,1789129180711226615,0.0,24,0,0.0,False,False,False,False
RFC_DROP_NATIVE,BENIGN_DIVERSE_MODERATE,19,r19-t034-437f2b03,1789129178710336168,1789129180720966806,0.0,24,0,0.0,False,False,False,False
RFC_DROP_NATIVE,BENIGN_DIVERSE_MODERATE,19,r19-t035-2c93ccbf,1789129178720757872,1789129180729241725,0.0,24,0,0.0,False,False,False,False
RFC_DROP_NATIVE,BENIGN_DIVERSE_MODERATE,19,r19-t036-4a8f50ec,1789129178731358004,1789129180741213882,0.0,24,0,0.0,False,False,False,False
RFC_DROP_NATIVE,BENIGN_DIVERSE_MODERATE,19,r19-t037-adc66b2c,1789129178741127052,1789129180759473946,0.0,25,0,0.0,False,False,False,False
RFC_DROP_NATIVE,BENIGN_DIVERSE_MODERATE,19,r19-t038-40d4c4e0,1789129178750807305,1789129180769788019,0.0,25,0,0.0,False,False,False,False
RFC_DROP_NATIVE,BENIGN_DIVERSE_MODERATE,19,r19-t039-36511917,1789129178760750791,1789129180769594096,0.0,25,0,0.0,False,False,False,False
RFC_DROP_NATIVE,BENIGN_DIVERSE_MODERATE,19,r19-t040-ed7701d6,1789129178770677389,1789129180780916008,0.0,25,0,0.0,False,False,False,False
RFC_DROP_NATIVE,BENIGN_DIVERSE_MODERATE,19,r19-t041-aab8f90e,1789129178780762937,1789129180789706266,0.0,25,0,0.0,False,False,False,False
RFC_DROP_NATIVE,BENIGN_DIVERSE_MODERATE,19,r19-t042-054b9541,1789129178790593779,1789129180800968083,0.0,25,0,0.0,False,False,False,False
RFC_DROP_NATIVE,BENIGN_DIVERSE_MODERATE,19,r19-t043-fbc2a4f5,1789129178800686277,1789129180809704727,0.0,25,0,0.0,False,False,False,False
RFC_DROP_NATIVE,BENIGN_DIVERSE_MODERATE,19,r19-t044-49db8f96,1789129178810721249,1789129180820920422,0.0,25,0,0.0,False,False,False,False
RFC_DROP_NATIVE,BENIGN_DIVERSE_MODERATE,19,r19-t045-25af6145,1789129178820667982,1789129180829563604,0.0,25,0,0.0,False,False,False,False
RFC_DROP_NATIVE,BENIGN_DIVERSE_MODERATE,19,r19-t046-5a8eb53b,1789129178830534085,1789129180840818685,0.0,25,0,0.0,False,False,False,False
RFC_DROP_NATIVE,BENIGN_DIVERSE_MODERATE,19,r19-t047-44956814,1789129178840296732,1789129180849573667,0.0,25,0,0.0,False,False,False,False
RFC_DROP_NATIVE,BENIGN_DIVERSE_MODERATE,19,r19-t048-f50cb3a8,1789129178850612569,1789129180860760827,0.0,25,0,0.0,False,False,False,False
RFC_DROP_NATIVE,BENIGN_DIVERSE_MODERATE,19,r19-t049-aeddb9fe,1789129178860616920,1789129180869808451,0.0,25,0,0.0,False,False,False,False
RFC_DROP_NATIVE,BENIGN_DIVERSE_HIGH,19,r19-t000-4d2b6598,1789129213118031068,1789129215128891920,0.0,400,0,0.0,False,False,False,False
RFC_DROP_NATIVE,BENIGN_DIVERSE_HIGH,19,r19-t001-90492c1b,1789129213125865122,1789129215136639823,0.0,400,0,0.0,False,False,False,False
RFC_DROP_NATIVE,BENIGN_DIVERSE_HIGH,19,r19-t002-ad845aa5,1789129213134373235,1789129215154818766,0.0,400,0,0.0,False,False,False,False
RFC_DROP_NATIVE,BENIGN_DIVERSE_HIGH,19,r19-t003-345d88c8,1789129213144590762,1789129215155316771,0.0,400,0,0.0,False,False,False,False
RFC_DROP_NATIVE,BENIGN_DIVERSE_HIGH,19,r19-t004-f15811f4,1789129213154710555,1789129215175271698,0.0,400,0,0.0,False,False,False,False
RFC_DROP_NATIVE,BENIGN_DIVERSE_HIGH,19,r19-t005-42bdaa07,1789129213164611482,1789129215172536714,0.0,400,0,0.0,False,False,False,False
RFC_DROP_NATIVE,BENIGN_DIVERSE_HIGH,19,r19-t006-3e22b745,1789129213175572202,1789129215184680243,0.0,400,0,0.0,False,False,False,False
RFC_DROP_NATIVE,BENIGN_DIVERSE_HIGH,19,r19-t007-4c4c54f5,1789129213185572999,1789129215195946300,0.0,400,0,0.0,False,False,False,False
RFC_DROP_NATIVE,BENIGN_DIVERSE_HIGH,19,r19-t008-460e9abf,1789129213194444399,1789129215204781604,0.0,400,0,0.0,False,False,False,False
RFC_DROP_NATIVE,BENIGN_DIVERSE_HIGH,19,r19-t009-3070b96d,1789129213204810709,1789129215215529179,0.0,400,0,0.0,False,False,False,False
RFC_DROP_NATIVE,BENIGN_DIVERSE_HIGH,19,r19-t010-a1b4b1aa,1789129213214822653,1789129215225171886,0.0,400,0,0.0,False,False,False,False
RFC_DROP_NATIVE,BENIGN_DIVERSE_HIGH,19,r19-t011-152899d9,1789129213224444382,1789129215232469970,0.0,400,0,0.0,False,False,False,False
RFC_DROP_NATIVE,BENIGN_DIVERSE_HIGH,19,r19-t012-eb3da8d8,1789129213234409632,1789129215245029505,0.0,400,0,0.0,False,False,False,False
RFC_DROP_NATIVE,BENIGN_DIVERSE_HIGH,19,r19-t013-b5ce7569,1789129213244408392,1789129215255410294,0.0,400,0,0.0,False,False,False,False
RFC_DROP_NATIVE,BENIGN_DIVERSE_HIGH,19,r19-t014-9ff120e7,1789129213254503863,1789129215264684427,0.0,400,0,0.0,False,False,False,False
RFC_DROP_NATIVE,BENIGN_DIVERSE_HIGH,19,r19-t015-f164efa5,1789129213264462898,1789129215285890753,0.0,400,0,0.0,False,False,False,False
RFC_DROP_NATIVE,BENIGN_DIVERSE_HIGH,19,r19-t016-a794e4aa,1789129213274900135,1789129215284707827,0.0,400,0,0.0,False,False,False,False
RFC_DROP_NATIVE,BENIGN_DIVERSE_HIGH,19,r19-t017-d2f91727,1789129213285038389,1789129215295866714,0.0,400,0,0.0,False,False,False,False
RFC_DROP_NATIVE,BENIGN_DIVERSE_HIGH,19,r19-t018-8b47b53b,1789129213294991011,1789129215304509935,0.0,400,0,0.0,False,False,False,False
RFC_DROP_NATIVE,BENIGN_DIVERSE_HIGH,19,r19-t019-a793bfed,1789129213305100778,1789129215316386429,0.0,400,0,0.0,False,False,False,False
RFC_DROP_NATIVE,BENIGN_DIVERSE_HIGH,19,r19-t020-161c6356,1789129213314690586,1789129215325091830,0.0,400,0,0.0,False,False,False,False
RFC_DROP_NATIVE,BENIGN_DIVERSE_HIGH,19,r19-t021-c708c036,1789129213324617223,1789129215333887685,0.0,400,0,0.0,False,False,False,False
RFC_DROP_NATIVE,BENIGN_DIVERSE_HIGH,19,r19-t022-8d297fe2,1789129213335124526,1789129215344527338,0.0,400,0,0.0,False,False,False,False
RFC_DROP_NATIVE,BENIGN_DIVERSE_HIGH,19,r19-t023-b765194d,1789129213345009398,1789129215356573652,0.0,400,0,0.0,False,False,False,False
RFC_DROP_NATIVE,BENIGN_DIVERSE_HIGH,19,r19-t024-c67424a1,1789129213355037303,1789129215376972482,0.0,400,0,0.0,False,False,False,False
RFC_DROP_NATIVE,BENIGN_DIVERSE_HIGH,19,r19-t025-8f1349fc,1789129213365014246,1789129215376774200,0.0,400,0,0.0,False,False,False,False
RFC_DROP_NATIVE,BENIGN_DIVERSE_HIGH,19,r19-t026-02d8a331,1789129213374864220,1789129215387762890,0.0,400,0,0.0,False,False,False,False
RFC_DROP_NATIVE,BENIGN_DIVERSE_HIGH,19,r19-t027-1e316679,1789129213384859263,1789129215394181905,0.0,400,0,0.0,False,False,False,False
RFC_DROP_NATIVE,BENIGN_DIVERSE_HIGH,19,r19-t028-d96a1e69,1789129213394426975,1789129215416514892,0.0,400,0,0.0,False,False,False,False
RFC_DROP_NATIVE,BENIGN_DIVERSE_HIGH,19,r19-t029-a4eefd59,1789129213409063265,1789129215420976925,0.0,400,0,0.0,False,False,False,False
RFC_DROP_NATIVE,BENIGN_DIVERSE_HIGH,19,r19-t030-485240dc,1789129213414956058,1789129215426697776,0.0,400,0,0.0,False,False,False,False
RFC_DROP_NATIVE,BENIGN_DIVERSE_HIGH,19,r19-t031-6950c516,1789129213424743377,1789129215434697310,0.0,400,0,0.0,False,False,False,False
RFC_DROP_NATIVE,BENIGN_DIVERSE_HIGH,19,r19-t032-c2ec516b,1789129213434488463,1789129215455191947,0.0,400,0,0.0,False,False,False,False
RFC_DROP_NATIVE,BENIGN_DIVERSE_HIGH,19,r19-t033-4d77bba0,1789129213444490565,1789129215465856868,0.0,400,0,0.0,False,False,False,False
RFC_DROP_NATIVE,BENIGN_DIVERSE_HIGH,19,r19-t034-77a59453,1789129213454524036,1789129215465139259,0.0,400,0,0.0,False,False,False,False
RFC_DROP_NATIVE,BENIGN_DIVERSE_HIGH,19,r19-t035-53a3e525,1789129213464527713,1789129215476028479,0.0,400,0,0.0,False,False,False,False
RFC_DROP_NATIVE,BENIGN_DIVERSE_HIGH,19,r19-t036-7314f839,1789129213474808074,1789129215487266076,0.0,400,0,0.0,False,False,False,False
RFC_DROP_NATIVE,BENIGN_DIVERSE_HIGH,19,r19-t037-9cc0dfd0,1789129213484536087,1789129215496038261,0.0,400,0,0.0,False,False,False,False
RFC_DROP_NATIVE,BENIGN_DIVERSE_HIGH,19,r19-t038-bffcf90c,1789129213494599540,1789129215505366685,0.0,400,0,0.0,False,False,False,False
RFC_DROP_NATIVE,BENIGN_DIVERSE_HIGH,19,r19-t039-eac5a933,1789129213504677377,1789129215525343216,0.0,400,0,0.0,False,False,False,False
RFC_DROP_NATIVE,BENIGN_DIVERSE_HIGH,19,r19-t040-4bd7bcad,1789129213514729049,1789129215524757295,0.0,401,0,0.0,False,False,False,False
RFC_DROP_NATIVE,BENIGN_DIVERSE_HIGH,19,r19-t041-e24e25d3,1789129213525367871,1789129215546496097,0.0,401,0,0.0,False,False,False,False
RFC_DROP_NATIVE,BENIGN_DIVERSE_HIGH,19,r19-t042-350a3432,1789129213534630956,1789129215544641777,0.0,401,0,0.0,False,False,False,False
RFC_DROP_NATIVE,BENIGN_DIVERSE_HIGH,19,r19-t043-4286d1b6,1789129213544511555,1789129215556048914,0.0,401,0,0.0,False,False,False,False
RFC_DROP_NATIVE,BENIGN_DIVERSE_HIGH,19,r19-t044-4e9bcd82,1789129213555303436,1789129215567011772,0.0,401,0,0.0,False,False,False,False
RFC_DROP_NATIVE,BENIGN_DIVERSE_HIGH,19,r19-t045-ef7ce933,1789129213564811749,1789129215576874269,0.0,401,0,0.0,False,False,False,False
RFC_DROP_NATIVE,BENIGN_DIVERSE_HIGH,19,r19-t046-c1bd63a1,1789129213574780619,1789129215585344570,0.0,401,0,0.0,False,False,False,False
RFC_DROP_NATIVE,BENIGN_DIVERSE_HIGH,19,r19-t047-f3ce951f,1789129213584736493,1789129215595563427,0.0,401,0,0.0,False,False,False,False
RFC_DROP_NATIVE,BENIGN_DIVERSE_HIGH,19,r19-t048-23767c50,1789129213594490400,1789129215604667364,0.0,401,0,0.0,False,False,False,False
RFC_DROP_NATIVE,BENIGN_DIVERSE_HIGH,19,r19-t049-44e1c108,1789129213604877784,1789129215616382864,0.0,401,0,0.0,False,False,False,False
B1_RL2_TC,BENIGN_DIVERSE_MODERATE,19,r19-t000-f04be204,1789129248656689045,1789129249833343472,0.0,24,0,0.0,False,False,False,False
B1_RL2_TC,BENIGN_DIVERSE_MODERATE,19,r19-t001-8166c22c,1789129249845230149,1789129250223320853,0.0,27,0,0.0,False,False,False,False
B1_RL2_TC,BENIGN_DIVERSE_MODERATE,19,r19-t002-a3fbc48c,1789129250233530425,1789129250609950630,0.0,28,0,0.0,False,False,False,False
B1_RL2_TC,BENIGN_DIVERSE_MODERATE,19,r19-t003-50f9eb9d,1789129250620071019,1789129251003860258,0.0,29,0,0.0,False,False,False,False
B1_RL2_TC,BENIGN_DIVERSE_MODERATE,19,r19-t004-346b4892,1789129251013874289,1789129251376056603,0.0,30,0,0.0,False,False,False,False
B1_RL2_TC,BENIGN_DIVERSE_MODERATE,19,r19-t005-c75d9703,1789129251386810615,1789129251784601340,0.0,30,0,0.0,False,False,False,False
B1_RL2_TC,BENIGN_DIVERSE_MODERATE,19,r19-t006-6b1aa761,1789129251794848094,1789129252172157766,0.0,29,0,0.0,False,False,False,False
B1_RL2_TC,BENIGN_DIVERSE_MODERATE,19,r19-t007-5137d7be,1789129252182517297,1789129252579382599,0.0,29,0,0.0,False,False,False,False
B1_RL2_TC,BENIGN_DIVERSE_MODERATE,19,r19-t008-6d2d2870,1789129252589237706,1789129252948768511,0.0,29,0,0.0,False,False,False,False
B1_RL2_TC,BENIGN_DIVERSE_MODERATE,19,r19-t009-ddfb691f,1789129252962119200,1789129253362046345,0.0,29,0,0.0,False,False,False,False
B1_RL2_TC,BENIGN_DIVERSE_MODERATE,19,r19-t010-76da2008,1789129253373298930,1789129253745282935,0.0,29,0,0.0,False,False,False,False
B1_RL2_TC,BENIGN_DIVERSE_MODERATE,19,r19-t011-42325d99,1789129253755594241,1789129254144143663,0.0,29,0,0.0,False,False,False,False
B1_RL2_TC,BENIGN_DIVERSE_MODERATE,19,r19-t012-a8357284,1789129255100997500,1789129255473782450,0.0,19,0,0.0,False,False,False,False
B1_RL2_TC,BENIGN_DIVERSE_MODERATE,19,r19-t013-5fa652f7,1789129256635833338,1789129257039442263,0.0,4,0,0.0,False,False,False,False
B1_RL2_TC,BENIGN_DIVERSE_MODERATE,19,r19-t014-f5f1f79a,1789129257049996769,1789129257434720019,0.0,8,0,0.0,False,False,False,False
B1_RL2_TC,BENIGN_DIVERSE_MODERATE,19,r19-t015-3ffedc81,1789129257445631822,1789129257816149552,0.0,12,0,0.0,False,False,False,False
B1_RL2_TC,BENIGN_DIVERSE_MODERATE,19,r19-t016-e1198df5,1789129257826410746,1789129258212769766,0.0,15,0,0.0,False,False,False,False
B1_RL2_TC,BENIGN_DIVERSE_MODERATE,19,r19-t017-cd8b9d09,1789129258223291241,1789129258632743187,0.0,21,0,0.0,False,False,False,False
B1_RL2_TC,BENIGN_DIVERSE_MODERATE,19,r19-t018-bf16307f,1789129258643395652,1789129259032163170,0.0,27,0,0.0,False,False,False,False
B1_RL2_TC,BENIGN_DIVERSE_MODERATE,19,r19-t019-9bb70f11,1789129259042630191,1789129259446030382,0.0,29,0,0.0,False,False,False,False
B1_RL2_TC,BENIGN_DIVERSE_MODERATE,19,r19-t020-0b1cd335,1789129259457893558,1789129259837421778,0.0,29,0,0.0,False,False,False,False
B1_RL2_TC,BENIGN_DIVERSE_MODERATE,19,r19-t021-d36333b8,1789129259848453542,1789129260212359076,0.0,29,0,0.0,False,False,False,False
B1_RL2_TC,BENIGN_DIVERSE_MODERATE,19,r19-t022-b7a7d3b5,1789129260222842620,1789129260583163133,0.0,29,0,0.0,False,False,False,False
B1_RL2_TC,BENIGN_DIVERSE_MODERATE,19,r19-t023-12c4fb6d,1789129260595505822,1789129260976535080,0.0,29,0,0.0,False,False,False,False
B1_RL2_TC,BENIGN_DIVERSE_MODERATE,19,r19-t024-d33c87e8,1789129260986522452,1789129261338184305,0.0,29,0,0.0,False,False,False,False
B1_RL2_TC,BENIGN_DIVERSE_MODERATE,19,r19-t025-09b1fef2,1789129261348153983,1789129261752832321,0.0,30,0,0.0,False,False,False,False
B1_RL2_TC,BENIGN_DIVERSE_MODERATE,19,r19-t026-494dfaac,1789129261763123119,1789129262128307204,0.0,30,0,0.0,False,False,False,False
B1_RL2_TC,BENIGN_DIVERSE_MODERATE,19,r19-t027-0d48a694,1789129262138509628,1789129262504508088,0.0,30,0,0.0,False,False,False,False
B1_RL2_TC,BENIGN_DIVERSE_MODERATE,19,r19-t028-d51f4a34,1789129262515206687,1789129262885507795,0.0,30,0,0.0,False,False,False,False
B1_RL2_TC,BENIGN_DIVERSE_MODERATE,19,r19-t029-ce541740,1789129262895528670,1789129263276217044,0.0,30,0,0.0,False,False,False,False
B1_RL2_TC,BENIGN_DIVERSE_MODERATE,19,r19-t030-75662424,1789129263286631509,1789129263673332314,0.0,30,0,0.0,False,False,False,False
B1_RL2_TC,BENIGN_DIVERSE_MODERATE,19,r19-t031-8900308a,1789129263686353007,1789129264079978217,0.0,30,0,0.0,False,False,False,False
B1_RL2_TC,BENIGN_DIVERSE_MODERATE,19,r19-t032-a60a5313,1789129264090565759,1789129264471777693,0.0,29,0,0.0,False,False,False,False
B1_RL2_TC,BENIGN_DIVERSE_MODERATE,19,r19-t033-20fde6be,1789129264481749349,1789129264843277166,0.0,29,0,0.0,False,False,False,False
B1_RL2_TC,BENIGN_DIVERSE_MODERATE,19,r19-t034-437f2b03,1789129264853595351,1789129265218186136,0.0,29,0,0.0,False,False,False,False
B1_RL2_TC,BENIGN_DIVERSE_MODERATE,19,r19-t035-2c93ccbf,1789129265229692991,1789129265587363794,0.0,29,0,0.0,False,False,False,False
B1_RL2_TC,BENIGN_DIVERSE_MODERATE,19,r19-t036-4a8f50ec,1789129265597567724,1789129265976287215,0.0,30,0,0.0,False,False,False,False
B1_RL2_TC,BENIGN_DIVERSE_MODERATE,19,r19-t037-adc66b2c,1789129265987349662,1789129266350758176,0.0,30,0,0.0,False,False,False,False
B1_RL2_TC,BENIGN_DIVERSE_MODERATE,19,r19-t038-40d4c4e0,1789129266360910812,1789129266744578014,0.0,30,0,0.0,False,False,False,False
B1_RL2_TC,BENIGN_DIVERSE_MODERATE,19,r19-t039-36511917,1789129266756082236,1789129267119622228,0.0,30,0,0.0,False,False,False,False
B1_RL2_TC,BENIGN_DIVERSE_MODERATE,19,r19-t040-ed7701d6,1789129267131350623,1789129267510883939,0.0,30,0,0.0,False,False,False,False
B1_RL2_TC,BENIGN_DIVERSE_MODERATE,19,r19-t041-aab8f90e,1789129267520821334,1789129267886899077,0.0,30,0,0.0,False,False,False,False
B1_RL2_TC,BENIGN_DIVERSE_MODERATE,19,r19-t042-054b9541,1789129267898272947,1789129268271982507,0.0,30,0,0.0,False,False,False,False
B1_RL2_TC,BENIGN_DIVERSE_MODERATE,19,r19-t043-fbc2a4f5,1789129268281836590,1789129268662870119,0.0,30,0,0.0,False,False,False,False
B1_RL2_TC,BENIGN_DIVERSE_MODERATE,19,r19-t044-49db8f96,1789129268673799755,1789129269046694658,0.0,30,0,0.0,False,False,False,False
B1_RL2_TC,BENIGN_DIVERSE_MODERATE,19,r19-t045-25af6145,1789129269056895597,1789129269427414675,0.0,30,0,0.0,False,False,False,False
B1_RL2_TC,BENIGN_DIVERSE_MODERATE,19,r19-t046-5a8eb53b,1789129269437780774,1789129269779219016,0.0,30,0,0.0,False,False,False,False
B1_RL2_TC,BENIGN_DIVERSE_MODERATE,19,r19-t047-44956814,1789129269788915064,1789129270158168857,0.0,30,0,0.0,False,False,False,False
B1_RL2_TC,BENIGN_DIVERSE_MODERATE,19,r19-t048-f50cb3a8,1789129270168514585,1789129270545344563,0.0,30,0,0.0,False,False,False,False
B1_RL2_TC,BENIGN_DIVERSE_MODERATE,19,r19-t049-aeddb9fe,1789129270555754783,1789129270929104882,0.0,30,0,0.0,False,False,False,False
B0_OFF,ATTACK_DIVERSE_HIGH,19,r19-t000-4d2b6598,1789129283466896439,1789129283643959795,0.0,400,0,0.0,False,False,False,False
B0_OFF,ATTACK_DIVERSE_HIGH,19,r19-t001-90492c1b,1789129283655752498,1789129283967588342,0.0,401,0,0.0,False,False,False,False
B0_OFF,ATTACK_DIVERSE_HIGH,19,r19-t002-ad845aa5,1789129283978310724,1789129284304517580,0.0,402,0,0.0,False,False,False,False
B0_OFF,ATTACK_DIVERSE_HIGH,19,r19-t003-345d88c8,1789129284316140505,1789129284657461036,0.0,403,0,0.0,False,False,False,False
B0_OFF,ATTACK_DIVERSE_HIGH,19,r19-t004-f15811f4,1789129284669076029,1789129285012108790,0.0,404,0,0.0,False,False,False,False
B0_OFF,ATTACK_DIVERSE_HIGH,19,r19-t005-42bdaa07,1789129285023438900,1789129285336078406,0.0,405,0,0.0,False,False,False,False
B0_OFF,ATTACK_DIVERSE_HIGH,19,r19-t006-3e22b745,1789129285347782254,1789129285708525600,0.0,406,0,0.0,False,False,False,False
B0_OFF,ATTACK_DIVERSE_HIGH,19,r19-t007-4c4c54f5,1789129285722906621,1789129286075520151,0.0,406,0,0.0,False,False,False,False
B0_OFF,ATTACK_DIVERSE_HIGH,19,r19-t008-460e9abf,1789129286088524155,1789129286432671712,0.0,406,0,0.0,False,False,False,False
B0_OFF,ATTACK_DIVERSE_HIGH,19,r19-t009-3070b96d,1789129288567942164,1789129290578235074,0.0,48,0,0.0,False,False,False,False
B0_OFF,ATTACK_DIVERSE_HIGH,19,r19-t010-a1b4b1aa,1789129290589789825,1789129290707011309,0.0,346,0,0.0,False,False,False,False
B0_OFF,ATTACK_DIVERSE_HIGH,19,r19-t011-152899d9,1789129290719468679,1789129291024628399,0.0,373,0,0.0,False,False,False,False
B0_OFF,ATTACK_DIVERSE_HIGH,19,r19-t012-eb3da8d8,1789129291038125212,1789129291381063547,0.0,402,0,0.0,False,False,False,False
B0_OFF,ATTACK_DIVERSE_HIGH,19,r19-t013-b5ce7569,1789129291392532086,1789129291733730429,0.0,403,0,0.0,False,False,False,False
B0_OFF,ATTACK_DIVERSE_HIGH,19,r19-t014-9ff120e7,1789129291745584320,1789129292084452506,0.0,404,0,0.0,False,False,False,False
B0_OFF,ATTACK_DIVERSE_HIGH,19,r19-t015-f164efa5,1789129292098133169,1789129292436783136,0.0,405,0,0.0,False,False,False,False
B0_OFF,ATTACK_DIVERSE_HIGH,19,r19-t016-a794e4aa,1789129292448615499,1789129292766670066,0.0,406,0,0.0,False,False,False,False
B0_OFF,ATTACK_DIVERSE_HIGH,19,r19-t017-d2f91727,1789129292778783725,1789129293173496814,0.0,406,0,0.0,False,False,False,False
B0_OFF,ATTACK_DIVERSE_HIGH,19,r19-t018-8b47b53b,1789129293187601165,1789129293477110632,0.0,406,0,0.0,False,False,False,False
B0_OFF,ATTACK_DIVERSE_HIGH,19,r19-t019-a793bfed,1789129293489115906,1789129293846573615,0.0,406,0,0.0,False,False,False,False
B0_OFF,ATTACK_DIVERSE_HIGH,19,r19-t020-161c6356,1789129293857856731,1789129294164339195,0.0,406,0,0.0,False,False,False,False
B0_OFF,ATTACK_DIVERSE_HIGH,19,r19-t021-c708c036,1789129294176281576,1789129294491648479,0.0,406,0,0.0,False,False,False,False
B0_OFF,ATTACK_DIVERSE_HIGH,19,r19-t022-8d297fe2,1789129294503525251,1789129294846453969,0.0,406,0,0.0,False,False,False,False
B0_OFF,ATTACK_DIVERSE_HIGH,19,r19-t023-b765194d,1789129294857530245,1789129295181889404,0.0,406,0,0.0,False,False,False,False
B0_OFF,ATTACK_DIVERSE_HIGH,19,r19-t024-c67424a1,1789129295192685746,1789129295527050860,0.0,406,0,0.0,False,False,False,False
B0_OFF,ATTACK_DIVERSE_HIGH,19,r19-t025-8f1349fc,1789129295539802158,1789129295871781323,0.0,406,0,0.0,False,False,False,False
B0_OFF,ATTACK_DIVERSE_HIGH,19,r19-t026-02d8a331,1789129295882940055,1789129296221524779,0.0,406,0,0.0,False,False,False,False
B0_OFF,ATTACK_DIVERSE_HIGH,19,r19-t027-1e316679,1789129296233528463,1789129296566647489,0.0,406,0,0.0,False,False,False,False
B0_OFF,ATTACK_DIVERSE_HIGH,19,r19-t028-d96a1e69,1789129296578234966,1789129296911596115,0.0,406,0,0.0,False,False,False,False
B0_OFF,ATTACK_DIVERSE_HIGH,19,r19-t029-a4eefd59,1789129296923166091,1789129297251415228,0.0,406,0,0.0,False,False,False,False
B0_OFF,ATTACK_DIVERSE_HIGH,19,r19-t030-485240dc,1789129297262806818,1789129297593225987,0.0,406,0,0.0,False,False,False,False
B0_OFF,ATTACK_DIVERSE_HIGH,19,r19-t031-6950c516,1789129297604765264,1789129297942310739,0.0,406,0,0.0,False,False,False,False
B0_OFF,ATTACK_DIVERSE_HIGH,19,r19-t032-c2ec516b,1789129297952948068,1789129298301499438,0.0,406,0,0.0,False,False,False,False
B0_OFF,ATTACK_DIVERSE_HIGH,19,r19-t033-4d77bba0,1789129298313077463,1789129298651748479,0.0,406,0,0.0,False,False,False,False
B0_OFF,ATTACK_DIVERSE_HIGH,19,r19-t034-77a59453,1789129298666234230,1789129298991804100,0.0,406,0,0.0,False,False,False,False
B0_OFF,ATTACK_DIVERSE_HIGH,19,r19-t035-53a3e525,1789129299003906898,1789129299338657238,0.0,406,0,0.0,False,False,False,False
B0_OFF,ATTACK_DIVERSE_HIGH,19,r19-t036-7314f839,1789129299349469584,1789129299692257445,0.0,406,0,0.0,False,False,False,False
B0_OFF,ATTACK_DIVERSE_HIGH,19,r19-t037-9cc0dfd0,1789129299704537226,1789129300049901216,0.0,406,0,0.0,False,False,False,False
B0_OFF,ATTACK_DIVERSE_HIGH,19,r19-t038-bffcf90c,1789129300062765012,1789129300366621183,0.0,406,0,0.0,False,False,False,False
B0_OFF,ATTACK_DIVERSE_HIGH,19,r19-t039-eac5a933,1789129300377867891,1789129300728908629,0.0,406,0,0.0,False,False,False,False
B0_OFF,ATTACK_DIVERSE_HIGH,19,r19-t040-4bd7bcad,1789129300740755171,1789129301071139243,0.0,406,0,0.0,False,False,False,False
B0_OFF,ATTACK_DIVERSE_HIGH,19,r19-t041-e24e25d3,1789129301082500134,1789129301413584088,0.0,406,0,0.0,False,False,False,False
B0_OFF,ATTACK_DIVERSE_HIGH,19,r19-t042-350a3432,1789129301426047682,1789129301737400700,0.0,406,0,0.0,False,False,False,False
B0_OFF,ATTACK_DIVERSE_HIGH,19,r19-t043-4286d1b6,1789129301749615233,1789129302092853294,0.0,406,0,0.0,False,False,False,False
B0_OFF,ATTACK_DIVERSE_HIGH,19,r19-t044-4e9bcd82,1789129302104962356,1789129302417732683,0.0,406,0,0.0,False,False,False,False
B0_OFF,ATTACK_DIVERSE_HIGH,19,r19-t045-ef7ce933,1789129302429315965,1789129302757612733,0.0,406,0,0.0,False,False,False,False
B0_OFF,ATTACK_DIVERSE_HIGH,19,r19-t046-c1bd63a1,1789129302770573449,1789129303073060564,0.0,406,0,0.0,False,False,False,False
B0_OFF,ATTACK_DIVERSE_HIGH,19,r19-t047-f3ce951f,1789129303084794678,1789129303406994801,0.0,406,0,0.0,False,False,False,False
B0_OFF,ATTACK_DIVERSE_HIGH,19,r19-t048-23767c50,1789129303418670661,1789129303762132930,0.0,406,0,0.0,False,False,False,False
B0_OFF,ATTACK_DIVERSE_HIGH,19,r19-t049-44e1c108,1789129303775531022,1789129304092632348,0.0,406,0,0.0,False,False,False,False
B5_LOCKED_TC,BENIGN_DIVERSE_HIGH,19,r19-t000-4d2b6598,1789129317394628990,1789129318571039743,0.0,400,0,0.0,False,False,False,False
B5_LOCKED_TC,BENIGN_DIVERSE_HIGH,19,r19-t001-90492c1b,1789129320643085474,1789129322652398799,0.0,51,0,0.0,False,False,False,False
B5_LOCKED_TC,BENIGN_DIVERSE_HIGH,19,r19-t002-ad845aa5,1789129322664615318,1789129323052762236,0.0,345,0,0.0,False,False,False,False
B5_LOCKED_TC,BENIGN_DIVERSE_HIGH,19,r19-t003-345d88c8,1789129323063990800,1789129323440034376,0.0,401,0,0.0,False,False,False,False
B5_LOCKED_TC,BENIGN_DIVERSE_HIGH,19,r19-t004-f15811f4,1789129323450830345,1789129323845156352,0.0,402,0,0.0,False,False,False,False
B5_LOCKED_TC,BENIGN_DIVERSE_HIGH,19,r19-t005-42bdaa07,1789129323856615032,1789129324245477958,0.0,403,0,0.0,False,False,False,False
B5_LOCKED_TC,BENIGN_DIVERSE_HIGH,19,r19-t006-3e22b745,1789129324256440780,1789129324654169263,0.0,404,0,0.0,False,False,False,False
B5_LOCKED_TC,BENIGN_DIVERSE_HIGH,19,r19-t007-4c4c54f5,1789129324667625284,1789129325036325093,0.0,405,0,0.0,False,False,False,False
B5_LOCKED_TC,BENIGN_DIVERSE_HIGH,19,r19-t008-460e9abf,1789129325047337548,1789129325447481115,0.0,405,0,0.0,False,False,False,False
B5_LOCKED_TC,BENIGN_DIVERSE_HIGH,19,r19-t009-3070b96d,1789129325459121217,1789129325870879600,0.0,405,0,0.0,False,False,False,False
B5_LOCKED_TC,BENIGN_DIVERSE_HIGH,19,r19-t010-a1b4b1aa,1789129325884001823,1789129326310054720,0.0,405,0,0.0,False,False,False,False
B5_LOCKED_TC,BENIGN_DIVERSE_HIGH,19,r19-t011-152899d9,1789129326323267842,1789129326745996192,0.0,405,0,0.0,False,False,False,False
B5_LOCKED_TC,BENIGN_DIVERSE_HIGH,19,r19-t012-eb3da8d8,1789129326756509969,1789129327140117933,0.0,405,0,0.0,False,False,False,False
B5_LOCKED_TC,BENIGN_DIVERSE_HIGH,19,r19-t013-b5ce7569,1789129327151868952,1789129327548800186,0.0,405,0,0.0,False,False,False,False
B5_LOCKED_TC,BENIGN_DIVERSE_HIGH,19,r19-t014-9ff120e7,1789129327559262602,1789129327984031326,0.0,405,0,0.0,False,False,False,False
B5_LOCKED_TC,BENIGN_DIVERSE_HIGH,19,r19-t015-f164efa5,1789129327995741334,1789129328397829809,0.0,405,0,0.0,False,False,False,False
B5_LOCKED_TC,BENIGN_DIVERSE_HIGH,19,r19-t016-a794e4aa,1789129328408693627,1789129328799339541,0.0,405,0,0.0,False,False,False,False
B5_LOCKED_TC,BENIGN_DIVERSE_HIGH,19,r19-t017-d2f91727,1789129328810374118,1789129329219823365,0.0,405,0,0.0,False,False,False,False
B5_LOCKED_TC,BENIGN_DIVERSE_HIGH,19,r19-t018-8b47b53b,1789129329233418295,1789129329638879476,0.0,405,0,0.0,False,False,False,False
B5_LOCKED_TC,BENIGN_DIVERSE_HIGH,19,r19-t019-a793bfed,1789129329649600811,1789129330050505937,0.0,405,0,0.0,False,False,False,False
B5_LOCKED_TC,BENIGN_DIVERSE_HIGH,19,r19-t020-161c6356,1789129330061733428,1789129330452549173,0.0,405,0,0.0,False,False,False,False
B5_LOCKED_TC,BENIGN_DIVERSE_HIGH,19,r19-t021-c708c036,1789129330463593576,1789129330851559828,0.0,405,0,0.0,False,False,False,False
B5_LOCKED_TC,BENIGN_DIVERSE_HIGH,19,r19-t022-8d297fe2,1789129330862025583,1789129331261888453,0.0,405,0,0.0,False,False,False,False
B5_LOCKED_TC,BENIGN_DIVERSE_HIGH,19,r19-t023-b765194d,1789129331274421197,1789129331678283628,0.0,405,0,0.0,False,False,False,False
B5_LOCKED_TC,BENIGN_DIVERSE_HIGH,19,r19-t024-c67424a1,1789129331689856806,1789129332099307351,0.0,405,0,0.0,False,False,False,False
B5_LOCKED_TC,BENIGN_DIVERSE_HIGH,19,r19-t025-8f1349fc,1789129332111311412,1789129332527185321,0.0,405,0,0.0,False,False,False,False
B5_LOCKED_TC,BENIGN_DIVERSE_HIGH,19,r19-t026-02d8a331,1789129332538798826,1789129332933434104,0.0,405,0,0.0,False,False,False,False
B5_LOCKED_TC,BENIGN_DIVERSE_HIGH,19,r19-t027-1e316679,1789129332944898171,1789129333348282721,0.0,405,0,0.0,False,False,False,False
B5_LOCKED_TC,BENIGN_DIVERSE_HIGH,19,r19-t028-d96a1e69,1789129333360210581,1789129333756947519,0.0,405,0,0.0,False,False,False,False
B5_LOCKED_TC,BENIGN_DIVERSE_HIGH,19,r19-t029-a4eefd59,1789129333768308131,1789129334144442471,0.0,405,0,0.0,False,False,False,False
B5_LOCKED_TC,BENIGN_DIVERSE_HIGH,19,r19-t030-485240dc,1789129334155302026,1789129334563390769,0.0,405,0,0.0,False,False,False,False
B5_LOCKED_TC,BENIGN_DIVERSE_HIGH,19,r19-t031-6950c516,1789129334575175403,1789129334958774899,0.0,405,0,0.0,False,False,False,False
B5_LOCKED_TC,BENIGN_DIVERSE_HIGH,19,r19-t032-c2ec516b,1789129334969362556,1789129335401346602,0.0,405,0,0.0,False,False,False,False
B5_LOCKED_TC,BENIGN_DIVERSE_HIGH,19,r19-t033-4d77bba0,1789129335413153393,1789129335821883513,0.0,405,0,0.0,False,False,False,False
B5_LOCKED_TC,BENIGN_DIVERSE_HIGH,19,r19-t034-77a59453,1789129335833605092,1789129336258111928,0.0,405,0,0.0,False,False,False,False
B5_LOCKED_TC,BENIGN_DIVERSE_HIGH,19,r19-t035-53a3e525,1789129336269788612,1789129336659404544,0.0,405,0,0.0,False,False,False,False
B5_LOCKED_TC,BENIGN_DIVERSE_HIGH,19,r19-t036-7314f839,1789129336670074855,1789129337052359897,0.0,405,0,0.0,False,False,False,False
B5_LOCKED_TC,BENIGN_DIVERSE_HIGH,19,r19-t037-9cc0dfd0,1789129337064409125,1789129337443013246,0.0,405,0,0.0,False,False,False,False
B5_LOCKED_TC,BENIGN_DIVERSE_HIGH,19,r19-t038-bffcf90c,1789129337455255717,1789129337841201046,0.0,405,0,0.0,False,False,False,False
B5_LOCKED_TC,BENIGN_DIVERSE_HIGH,19,r19-t039-eac5a933,1789129337852330438,1789129338248279160,0.0,405,0,0.0,False,False,False,False
B5_LOCKED_TC,BENIGN_DIVERSE_HIGH,19,r19-t040-4bd7bcad,1789129338259403813,1789129338653319528,0.0,405,0,0.0,False,False,False,False
B5_LOCKED_TC,BENIGN_DIVERSE_HIGH,19,r19-t041-e24e25d3,1789129338664093944,1789129339073797716,0.0,405,0,0.0,False,False,False,False
B5_LOCKED_TC,BENIGN_DIVERSE_HIGH,19,r19-t042-350a3432,1789129339084757010,1789129339496394146,0.0,405,0,0.0,False,False,False,False
B5_LOCKED_TC,BENIGN_DIVERSE_HIGH,19,r19-t043-4286d1b6,1789129339509088355,1789129339918502402,0.0,405,0,0.0,False,False,False,False
B5_LOCKED_TC,BENIGN_DIVERSE_HIGH,19,r19-t044-4e9bcd82,1789129339929546652,1789129340298536190,0.0,405,0,0.0,False,False,False,False
B5_LOCKED_TC,BENIGN_DIVERSE_HIGH,19,r19-t045-ef7ce933,1789129340309348901,1789129340706158993,0.0,405,0,0.0,False,False,False,False
B5_LOCKED_TC,BENIGN_DIVERSE_HIGH,19,r19-t046-c1bd63a1,1789129340717438779,1789129341110022146,0.0,405,0,0.0,False,False,False,False
B5_LOCKED_TC,BENIGN_DIVERSE_HIGH,19,r19-t047-f3ce951f,1789129341121162878,1789129341517538148,0.0,405,0,0.0,False,False,False,False
B5_LOCKED_TC,BENIGN_DIVERSE_HIGH,19,r19-t048-23767c50,1789129341529379819,1789129341938448834,0.0,405,0,0.0,False,False,False,False
B5_LOCKED_TC,BENIGN_DIVERSE_HIGH,19,r19-t049-44e1c108,1789129341949456462,1789129342376499444,0.0,405,0,0.0,False,False,False,False
RFC_DROP_NATIVE,ATTACK_DIVERSE_HIGH,19,r19-t000-4d2b6598,1789129358093577223,1789129360104744023,0.0,400,0,0.0,False,False,False,False
RFC_DROP_NATIVE,ATTACK_DIVERSE_HIGH,19,r19-t001-90492c1b,1789129358101308940,1789129360112037250,0.0,400,0,0.0,False,False,False,False
RFC_DROP_NATIVE,ATTACK_DIVERSE_HIGH,19,r19-t002-ad845aa5,1789129358110262878,1789129360120541845,0.0,400,0,0.0,False,False,False,False
RFC_DROP_NATIVE,ATTACK_DIVERSE_HIGH,19,r19-t003-345d88c8,1789129358120530402,1789129360130552654,0.0,400,0,0.0,False,False,False,False
RFC_DROP_NATIVE,ATTACK_DIVERSE_HIGH,19,r19-t004-f15811f4,1789129358130922788,1789129360140762321,0.0,399,0,0.0,False,False,False,False
RFC_DROP_NATIVE,ATTACK_DIVERSE_HIGH,19,r19-t005-42bdaa07,1789129358141000701,1789129360150713670,0.0,400,0,0.0,False,False,False,False
RFC_DROP_NATIVE,ATTACK_DIVERSE_HIGH,19,r19-t006-3e22b745,1789129358150593029,1789129360161115780,0.0,400,0,0.0,False,False,False,False
RFC_DROP_NATIVE,ATTACK_DIVERSE_HIGH,19,r19-t007-4c4c54f5,1789129358160384780,1789129360168399756,0.0,400,0,0.0,False,False,False,False
RFC_DROP_NATIVE,ATTACK_DIVERSE_HIGH,19,r19-t008-460e9abf,1789129358170571797,1789129360180557902,0.0,400,0,0.0,False,False,False,False
RFC_DROP_NATIVE,ATTACK_DIVERSE_HIGH,19,r19-t009-3070b96d,1789129358180512104,1789129360191238149,0.0,400,0,0.0,False,False,False,False
RFC_DROP_NATIVE,ATTACK_DIVERSE_HIGH,19,r19-t010-a1b4b1aa,1789129358190878631,1789129360200986014,0.0,400,0,0.0,False,False,False,False
RFC_DROP_NATIVE,ATTACK_DIVERSE_HIGH,19,r19-t011-152899d9,1789129358201037805,1789129360211094223,0.0,400,0,0.0,False,False,False,False
RFC_DROP_NATIVE,ATTACK_DIVERSE_HIGH,19,r19-t012-eb3da8d8,1789129358210177862,1789129360220991964,0.0,400,0,0.0,False,False,False,False
RFC_DROP_NATIVE,ATTACK_DIVERSE_HIGH,19,r19-t013-b5ce7569,1789129358220387719,1789129360230476982,0.0,400,0,0.0,False,False,False,False
RFC_DROP_NATIVE,ATTACK_DIVERSE_HIGH,19,r19-t014-9ff120e7,1789129358230280174,1789129360240413512,0.0,400,0,0.0,False,False,False,False
RFC_DROP_NATIVE,ATTACK_DIVERSE_HIGH,19,r19-t015-f164efa5,1789129358240879254,1789129360252330611,0.0,400,0,0.0,False,False,False,False
RFC_DROP_NATIVE,ATTACK_DIVERSE_HIGH,19,r19-t016-a794e4aa,1789129358250198728,1789129360260609544,0.0,400,0,0.0,False,False,False,False
RFC_DROP_NATIVE,ATTACK_DIVERSE_HIGH,19,r19-t017-d2f91727,1789129358260578846,1789129360269454379,0.0,400,0,0.0,False,False,False,False
RFC_DROP_NATIVE,ATTACK_DIVERSE_HIGH,19,r19-t018-8b47b53b,1789129358270575498,1789129360280387472,0.0,400,0,0.0,False,False,False,False
RFC_DROP_NATIVE,ATTACK_DIVERSE_HIGH,19,r19-t019-a793bfed,1789129358280603766,1789129360302173902,0.0,401,0,0.0,False,False,False,False
RFC_DROP_NATIVE,ATTACK_DIVERSE_HIGH,19,r19-t020-161c6356,1789129358290608346,1789129360300596244,0.0,401,0,0.0,False,False,False,False
RFC_DROP_NATIVE,ATTACK_DIVERSE_HIGH,19,r19-t021-c708c036,1789129358300733072,1789129360312104489,0.0,401,0,0.0,False,False,False,False
RFC_DROP_NATIVE,ATTACK_DIVERSE_HIGH,19,r19-t022-8d297fe2,1789129358310718492,1789129360322450252,0.0,400,0,0.0,False,False,False,False
RFC_DROP_NATIVE,ATTACK_DIVERSE_HIGH,19,r19-t023-b765194d,1789129358320603586,1789129360332117894,0.0,401,0,0.0,False,False,False,False
RFC_DROP_NATIVE,ATTACK_DIVERSE_HIGH,19,r19-t024-c67424a1,1789129358330592686,1789129360340594553,0.0,401,0,0.0,False,False,False,False
RFC_DROP_NATIVE,ATTACK_DIVERSE_HIGH,19,r19-t025-8f1349fc,1789129358340354898,1789129360352277589,0.0,401,0,0.0,False,False,False,False
RFC_DROP_NATIVE,ATTACK_DIVERSE_HIGH,19,r19-t026-02d8a331,1789129358350690847,1789129360370828293,0.0,401,0,0.0,False,False,False,False
RFC_DROP_NATIVE,ATTACK_DIVERSE_HIGH,19,r19-t027-1e316679,1789129358360230037,1789129360372033620,0.0,401,0,0.0,False,False,False,False
RFC_DROP_NATIVE,ATTACK_DIVERSE_HIGH,19,r19-t028-d96a1e69,1789129358370931142,1789129360426961266,0.0,401,0,0.0,False,False,False,False
RFC_DROP_NATIVE,ATTACK_DIVERSE_HIGH,19,r19-t029-a4eefd59,1789129358405504669,1789129360418358138,0.0,401,0,0.0,False,False,False,False
RFC_DROP_NATIVE,ATTACK_DIVERSE_HIGH,19,r19-t030-485240dc,1789129358408204130,1789129360420699426,0.0,401,0,0.0,False,False,False,False
RFC_DROP_NATIVE,ATTACK_DIVERSE_HIGH,19,r19-t031-6950c516,1789129358410427255,1789129360424395259,0.0,401,0,0.0,False,False,False,False
RFC_DROP_NATIVE,ATTACK_DIVERSE_HIGH,19,r19-t032-c2ec516b,1789129358412361953,1789129360427264792,0.0,401,0,0.0,False,False,False,False
RFC_DROP_NATIVE,ATTACK_DIVERSE_HIGH,19,r19-t033-4d77bba0,1789129358421103632,1789129360434670425,0.0,401,0,0.0,False,False,False,False
RFC_DROP_NATIVE,ATTACK_DIVERSE_HIGH,19,r19-t034-77a59453,1789129358431563029,1789129360443251941,0.0,401,0,0.0,False,False,False,False
RFC_DROP_NATIVE,ATTACK_DIVERSE_HIGH,19,r19-t035-53a3e525,1789129358440444673,1789129360452398793,0.0,401,0,0.0,False,False,False,False
RFC_DROP_NATIVE,ATTACK_DIVERSE_HIGH,19,r19-t036-7314f839,1789129358450752024,1789129360463340096,0.0,401,0,0.0,False,False,False,False
RFC_DROP_NATIVE,ATTACK_DIVERSE_HIGH,19,r19-t037-9cc0dfd0,1789129358460292443,1789129360472719690,0.0,401,0,0.0,False,False,False,False
RFC_DROP_NATIVE,ATTACK_DIVERSE_HIGH,19,r19-t038-bffcf90c,1789129358470417451,1789129360482428482,0.0,401,0,0.0,False,False,False,False
RFC_DROP_NATIVE,ATTACK_DIVERSE_HIGH,19,r19-t039-eac5a933,1789129358480896574,1789129360502533626,0.0,401,0,0.0,False,False,False,False
RFC_DROP_NATIVE,ATTACK_DIVERSE_HIGH,19,r19-t040-4bd7bcad,1789129358490840844,1789129360500559004,0.0,401,0,0.0,False,False,False,False
RFC_DROP_NATIVE,ATTACK_DIVERSE_HIGH,19,r19-t041-e24e25d3,1789129358500810975,1789129360522118074,0.0,401,0,0.0,False,False,False,False
RFC_DROP_NATIVE,ATTACK_DIVERSE_HIGH,19,r19-t042-350a3432,1789129358510684083,1789129360522850653,0.0,401,0,0.0,False,False,False,False
RFC_DROP_NATIVE,ATTACK_DIVERSE_HIGH,19,r19-t043-4286d1b6,1789129358520760675,1789129360532616545,0.0,401,0,0.0,False,False,False,False
RFC_DROP_NATIVE,ATTACK_DIVERSE_HIGH,19,r19-t044-4e9bcd82,1789129358530396889,1789129360540388090,0.0,401,0,0.0,False,False,False,False
RFC_DROP_NATIVE,ATTACK_DIVERSE_HIGH,19,r19-t045-ef7ce933,1789129358540816175,1789129360552397870,0.0,401,0,0.0,False,False,False,False
RFC_DROP_NATIVE,ATTACK_DIVERSE_HIGH,19,r19-t046-c1bd63a1,1789129358550638600,1789129360562660673,0.0,401,0,0.0,False,False,False,False
RFC_DROP_NATIVE,ATTACK_DIVERSE_HIGH,19,r19-t047-f3ce951f,1789129358560607314,1789129360572424111,0.0,401,0,0.0,False,False,False,False
RFC_DROP_NATIVE,ATTACK_DIVERSE_HIGH,19,r19-t048-23767c50,1789129358570402276,1789129360580921818,0.0,401,0,0.0,False,False,False,False
RFC_DROP_NATIVE,ATTACK_DIVERSE_HIGH,19,r19-t049-44e1c108,1789129358580835341,1789129360592870440,0.0,402,0,0.0,False,False,False,False
B0_OFF,BENIGN_DIVERSE_HIGH,19,r19-t000-4d2b6598,1789129394739574639,1789129395133648328,0.0,400,0,0.0,False,False,False,False
B0_OFF,BENIGN_DIVERSE_HIGH,19,r19-t001-90492c1b,1789129395145477682,1789129395479389699,0.0,401,0,0.0,False,False,False,False
B0_OFF,BENIGN_DIVERSE_HIGH,19,r19-t002-ad845aa5,1789129395490733057,1789129395838037526,0.0,402,0,0.0,False,False,False,False
B0_OFF,BENIGN_DIVERSE_HIGH,19,r19-t003-345d88c8,1789129395849796521,1789129396204714768,0.0,403,0,0.0,False,False,False,False
B0_OFF,BENIGN_DIVERSE_HIGH,19,r19-t004-f15811f4,1789129396215849017,1789129396561434961,0.0,404,0,0.0,False,False,False,False
B0_OFF,BENIGN_DIVERSE_HIGH,19,r19-t005-42bdaa07,1789129396574014146,1789129396951218710,0.0,405,0,0.0,False,False,False,False
B0_OFF,BENIGN_DIVERSE_HIGH,19,r19-t006-3e22b745,1789129396963684339,1789129397286994122,0.0,406,0,0.0,False,False,False,False
B0_OFF,BENIGN_DIVERSE_HIGH,19,r19-t007-4c4c54f5,1789129397298815987,1789129397634236696,0.0,406,0,0.0,False,False,False,False
B0_OFF,BENIGN_DIVERSE_HIGH,19,r19-t008-460e9abf,1789129397645765070,1789129398010075076,0.0,406,0,0.0,False,False,False,False
B0_OFF,BENIGN_DIVERSE_HIGH,19,r19-t009-3070b96d,1789129398021680537,1789129398355569344,0.0,406,0,0.0,False,False,False,False
B0_OFF,BENIGN_DIVERSE_HIGH,19,r19-t010-a1b4b1aa,1789129398366339105,1789129398704794354,0.0,406,0,0.0,False,False,False,False
B0_OFF,BENIGN_DIVERSE_HIGH,19,r19-t011-152899d9,1789129398716740116,1789129399065675235,0.0,406,0,0.0,False,False,False,False
B0_OFF,BENIGN_DIVERSE_HIGH,19,r19-t012-eb3da8d8,1789129399076639056,1789129399441861022,0.0,406,0,0.0,False,False,False,False
B0_OFF,BENIGN_DIVERSE_HIGH,19,r19-t013-b5ce7569,1789129399454281228,1789129399808291302,0.0,406,0,0.0,False,False,False,False
B0_OFF,BENIGN_DIVERSE_HIGH,19,r19-t014-9ff120e7,1789129399819980038,1789129400145119187,0.0,406,0,0.0,False,False,False,False
B0_OFF,BENIGN_DIVERSE_HIGH,19,r19-t015-f164efa5,1789129400156506767,1789129400485139206,0.0,405,0,0.0,False,False,False,False
B0_OFF,BENIGN_DIVERSE_HIGH,19,r19-t016-a794e4aa,1789129400496244466,1789129400829139146,0.0,406,0,0.0,False,False,False,False
B0_OFF,BENIGN_DIVERSE_HIGH,19,r19-t017-d2f91727,1789129400839767746,1789129401197277018,0.0,406,0,0.0,False,False,False,False
B0_OFF,BENIGN_DIVERSE_HIGH,19,r19-t018-8b47b53b,1789129401208688419,1789129401562201245,0.0,406,0,0.0,False,False,False,False
B0_OFF,BENIGN_DIVERSE_HIGH,19,r19-t019-a793bfed,1789129401573774485,1789129401926934548,0.0,406,0,0.0,False,False,False,False
B0_OFF,BENIGN_DIVERSE_HIGH,19,r19-t020-161c6356,1789129401937892554,1789129402297099724,0.0,406,0,0.0,False,False,False,False
B0_OFF,BENIGN_DIVERSE_HIGH,19,r19-t021-c708c036,1789129402308953163,1789129402655818694,0.0,406,0,0.0,False,False,False,False
B0_OFF,BENIGN_DIVERSE_HIGH,19,r19-t022-8d297fe2,1789129402669273648,1789129403005546123,0.0,406,0,0.0,False,False,False,False
B0_OFF,BENIGN_DIVERSE_HIGH,19,r19-t023-b765194d,1789129403016823564,1789129403361070743,0.0,406,0,0.0,False,False,False,False
B0_OFF,BENIGN_DIVERSE_HIGH,19,r19-t024-c67424a1,1789129403372804083,1789129403714577025,0.0,406,0,0.0,False,False,False,False
B0_OFF,BENIGN_DIVERSE_HIGH,19,r19-t025-8f1349fc,1789129403725669573,1789129404049911075,0.0,406,0,0.0,False,False,False,False
B0_OFF,BENIGN_DIVERSE_HIGH,19,r19-t026-02d8a331,1789129404061431929,1789129404401280965,0.0,405,0,0.0,False,False,False,False
B0_OFF,BENIGN_DIVERSE_HIGH,19,r19-t027-1e316679,1789129404413802636,1789129404755298125,0.0,406,0,0.0,False,False,False,False
B0_OFF,BENIGN_DIVERSE_HIGH,19,r19-t028-d96a1e69,1789129404767419300,1789129405101175898,0.0,406,0,0.0,False,False,False,False
B0_OFF,BENIGN_DIVERSE_HIGH,19,r19-t029-a4eefd59,1789129405112853797,1789129405477824699,0.0,406,0,0.0,False,False,False,False
B0_OFF,BENIGN_DIVERSE_HIGH,19,r19-t030-485240dc,1789129405488902933,1789129405822239053,0.0,406,0,0.0,False,False,False,False
B0_OFF,BENIGN_DIVERSE_HIGH,19,r19-t031-6950c516,1789129405834226636,1789129406179496019,0.0,406,0,0.0,False,False,False,False
B0_OFF,BENIGN_DIVERSE_HIGH,19,r19-t032-c2ec516b,1789129406190564872,1789129406520036659,0.0,406,0,0.0,False,False,False,False
B0_OFF,BENIGN_DIVERSE_HIGH,19,r19-t033-4d77bba0,1789129406532433275,1789129406895668506,0.0,406,0,0.0,False,False,False,False
B0_OFF,BENIGN_DIVERSE_HIGH,19,r19-t034-77a59453,1789129406907464988,1789129407245351227,0.0,406,0,0.0,False,False,False,False
B0_OFF,BENIGN_DIVERSE_HIGH,19,r19-t035-53a3e525,1789129407256902381,1789129407594197023,0.0,406,0,0.0,False,False,False,False
B0_OFF,BENIGN_DIVERSE_HIGH,19,r19-t036-7314f839,1789129407605776324,1789129407961458137,0.0,406,0,0.0,False,False,False,False
B0_OFF,BENIGN_DIVERSE_HIGH,19,r19-t037-9cc0dfd0,1789129407974460704,1789129408315122740,0.0,406,0,0.0,False,False,False,False
B0_OFF,BENIGN_DIVERSE_HIGH,19,r19-t038-bffcf90c,1789129408326298354,1789129408669555782,0.0,406,0,0.0,False,False,False,False
B0_OFF,BENIGN_DIVERSE_HIGH,19,r19-t039-eac5a933,1789129408680613377,1789129409018004743,0.0,406,0,0.0,False,False,False,False
B0_OFF,BENIGN_DIVERSE_HIGH,19,r19-t040-4bd7bcad,1789129409029556555,1789129409375439207,0.0,406,0,0.0,False,False,False,False
B0_OFF,BENIGN_DIVERSE_HIGH,19,r19-t041-e24e25d3,1789129409387139903,1789129409737475669,0.0,406,0,0.0,False,False,False,False
B0_OFF,BENIGN_DIVERSE_HIGH,19,r19-t042-350a3432,1789129409749751827,1789129410081128058,0.0,406,0,0.0,False,False,False,False
B0_OFF,BENIGN_DIVERSE_HIGH,19,r19-t043-4286d1b6,1789129410092677618,1789129410437736387,0.0,406,0,0.0,False,False,False,False
B0_OFF,BENIGN_DIVERSE_HIGH,19,r19-t044-4e9bcd82,1789129410449429015,1789129410781749400,0.0,406,0,0.0,False,False,False,False
B0_OFF,BENIGN_DIVERSE_HIGH,19,r19-t045-ef7ce933,1789129410793187978,1789129411154180469,0.0,406,0,0.0,False,False,False,False
B0_OFF,BENIGN_DIVERSE_HIGH,19,r19-t046-c1bd63a1,1789129411165289006,1789129411515213769,0.0,406,0,0.0,False,False,False,False
B0_OFF,BENIGN_DIVERSE_HIGH,19,r19-t047-f3ce951f,1789129411526529825,1789129411857402871,0.0,406,0,0.0,False,False,False,False
B0_OFF,BENIGN_DIVERSE_HIGH,19,r19-t048-23767c50,1789129411869804209,1789129412217392876,0.0,406,0,0.0,False,False,False,False
B0_OFF,BENIGN_DIVERSE_HIGH,19,r19-t049-44e1c108,1789129412228247738,1789129412565177851,0.0,406,0,0.0,False,False,False,False
B1_RL2_TC,ATTACK_DIVERSE_MODERATE,19,r19-t000-f04be204,1789129427032783861,1789129427248852218,0.0,24,0,0.0,False,False,False,False
B1_RL2_TC,ATTACK_DIVERSE_MODERATE,19,r19-t001-8166c22c,1789129427259326480,1789129427501577876,0.0,25,0,0.0,False,False,False,False
B1_RL2_TC,ATTACK_DIVERSE_MODERATE,19,r19-t002-a3fbc48c,1789129427511671196,1789129427838389168,0.0,26,0,0.0,False,False,False,False
B1_RL2_TC,ATTACK_DIVERSE_MODERATE,19,r19-t003-50f9eb9d,1789129427848523218,1789129428121535564,0.0,27,0,0.0,False,False,False,False
B1_RL2_TC,ATTACK_DIVERSE_MODERATE,19,r19-t004-346b4892,1789129428131587410,1789129428441484424,0.0,28,0,0.0,False,False,False,False
B1_RL2_TC,ATTACK_DIVERSE_MODERATE,19,r19-t005-c75d9703,1789129428451652757,1789129428765372810,0.0,29,0,0.0,False,False,False,False
B1_RL2_TC,ATTACK_DIVERSE_MODERATE,19,r19-t006-6b1aa761,1789129428776302929,1789129429123024174,0.0,30,0,0.0,False,False,False,False
B1_RL2_TC,ATTACK_DIVERSE_MODERATE,19,r19-t007-5137d7be,1789129429133179335,1789129429466371511,0.0,31,0,0.0,False,False,False,False
B1_RL2_TC,ATTACK_DIVERSE_MODERATE,19,r19-t008-6d2d2870,1789129429476157597,1789129429793693495,0.0,30,0,0.0,False,False,False,False
B1_RL2_TC,ATTACK_DIVERSE_MODERATE,19,r19-t009-ddfb691f,1789129429803786815,1789129430138376287,0.0,30,0,0.0,False,False,False,False
B1_RL2_TC,ATTACK_DIVERSE_MODERATE,19,r19-t010-76da2008,1789129430148574403,1789129430479487597,0.0,30,0,0.0,False,False,False,False
B1_RL2_TC,ATTACK_DIVERSE_MODERATE,19,r19-t011-42325d99,1789129430490116755,1789129430826444725,0.0,30,0,0.0,False,False,False,False
B1_RL2_TC,ATTACK_DIVERSE_MODERATE,19,r19-t012-a8357284,1789129430837045483,1789129431159188369,0.0,30,0,0.0,False,False,False,False
B1_RL2_TC,ATTACK_DIVERSE_MODERATE,19,r19-t013-5fa652f7,1789129431169595232,1789129431478151521,0.0,30,0,0.0,False,False,False,False
B1_RL2_TC,ATTACK_DIVERSE_MODERATE,19,r19-t014-f5f1f79a,1789129431487667986,1789129431822550047,0.0,30,0,0.0,False,False,False,False
B1_RL2_TC,ATTACK_DIVERSE_MODERATE,19,r19-t015-3ffedc81,1789129431832428872,1789129432156968394,0.0,30,0,0.0,False,False,False,False
B1_RL2_TC,ATTACK_DIVERSE_MODERATE,19,r19-t016-e1198df5,1789129432169809855,1789129432494427065,0.0,30,0,0.0,False,False,False,False
B1_RL2_TC,ATTACK_DIVERSE_MODERATE,19,r19-t017-cd8b9d09,1789129432504071432,1789129432817798480,0.0,30,0,0.0,False,False,False,False
B1_RL2_TC,ATTACK_DIVERSE_MODERATE,19,r19-t018-bf16307f,1789129432827648624,1789129433143728870,0.0,30,0,0.0,False,False,False,False
B1_RL2_TC,ATTACK_DIVERSE_MODERATE,19,r19-t019-9bb70f11,1789129433153673409,1789129433485870638,0.0,30,0,0.0,False,False,False,False
B1_RL2_TC,ATTACK_DIVERSE_MODERATE,19,r19-t020-0b1cd335,1789129433495754196,1789129433830118245,0.0,30,0,0.0,False,False,False,False
B1_RL2_TC,ATTACK_DIVERSE_MODERATE,19,r19-t021-d36333b8,1789129433839849489,1789129434151130522,0.0,30,0,0.0,False,False,False,False
B1_RL2_TC,ATTACK_DIVERSE_MODERATE,19,r19-t022-b7a7d3b5,1789129434161040906,1789129434490372307,0.0,30,0,0.0,False,False,False,False
B1_RL2_TC,ATTACK_DIVERSE_MODERATE,19,r19-t023-12c4fb6d,1789129434500766267,1789129434825227358,0.0,30,0,0.0,False,False,False,False
B1_RL2_TC,ATTACK_DIVERSE_MODERATE,19,r19-t024-d33c87e8,1789129434835108039,1789129435165342831,0.0,30,0,0.0,False,False,False,False
B1_RL2_TC,ATTACK_DIVERSE_MODERATE,19,r19-t025-09b1fef2,1789129435175397544,1789129435494520619,0.0,30,0,0.0,False,False,False,False
B1_RL2_TC,ATTACK_DIVERSE_MODERATE,19,r19-t026-494dfaac,1789129435505107455,1789129435843471651,0.0,30,0,0.0,False,False,False,False
B1_RL2_TC,ATTACK_DIVERSE_MODERATE,19,r19-t027-0d48a694,1789129435853354373,1789129436202942316,0.0,30,0,0.0,False,False,False,False
B1_RL2_TC,ATTACK_DIVERSE_MODERATE,19,r19-t028-d51f4a34,1789129436214379823,1789129436490788187,0.0,30,0,0.0,False,False,False,False
B1_RL2_TC,ATTACK_DIVERSE_MODERATE,19,r19-t029-ce541740,1789129436501438972,1789129436863431391,0.0,30,0,0.0,False,False,False,False
B1_RL2_TC,ATTACK_DIVERSE_MODERATE,19,r19-t030-75662424,1789129436873784884,1789129437209487636,0.0,30,0,0.0,False,False,False,False
B1_RL2_TC,ATTACK_DIVERSE_MODERATE,19,r19-t031-8900308a,1789129437221126927,1789129437525380112,0.0,30,0,0.0,False,False,False,False
B1_RL2_TC,ATTACK_DIVERSE_MODERATE,19,r19-t032-a60a5313,1789129437535657030,1789129437887372624,0.0,30,0,0.0,False,False,False,False
B1_RL2_TC,ATTACK_DIVERSE_MODERATE,19,r19-t033-20fde6be,1789129437897327376,1789129438236319044,0.0,30,0,0.0,False,False,False,False
B1_RL2_TC,ATTACK_DIVERSE_MODERATE,19,r19-t034-437f2b03,1789129438246776027,1789129438543910327,0.0,30,0,0.0,False,False,False,False
B1_RL2_TC,ATTACK_DIVERSE_MODERATE,19,r19-t035-2c93ccbf,1789129438553778091,1789129438878333555,0.0,30,0,0.0,False,False,False,False
B1_RL2_TC,ATTACK_DIVERSE_MODERATE,19,r19-t036-4a8f50ec,1789129438888184818,1789129439226300489,0.0,30,0,0.0,False,False,False,False
B1_RL2_TC,ATTACK_DIVERSE_MODERATE,19,r19-t037-adc66b2c,1789129439235855034,1789129439542708785,0.0,30,0,0.0,False,False,False,False
B1_RL2_TC,ATTACK_DIVERSE_MODERATE,19,r19-t038-40d4c4e0,1789129439552601488,1789129439902203706,0.0,30,0,0.0,False,False,False,False
B1_RL2_TC,ATTACK_DIVERSE_MODERATE,19,r19-t039-36511917,1789129439912770564,1789129440207975392,0.0,30,0,0.0,False,False,False,False
B1_RL2_TC,ATTACK_DIVERSE_MODERATE,19,r19-t040-ed7701d6,1789129440220187566,1789129440563215931,0.0,30,0,0.0,False,False,False,False
B1_RL2_TC,ATTACK_DIVERSE_MODERATE,19,r19-t041-aab8f90e,1789129440573726915,1789129440894070841,0.0,30,0,0.0,False,False,False,False
B1_RL2_TC,ATTACK_DIVERSE_MODERATE,19,r19-t042-054b9541,1789129440903731230,1789129441231262886,0.0,30,0,0.0,False,False,False,False
B1_RL2_TC,ATTACK_DIVERSE_MODERATE,19,r19-t043-fbc2a4f5,1789129441242186276,1789129441543347144,0.0,30,0,0.0,False,False,False,False
B1_RL2_TC,ATTACK_DIVERSE_MODERATE,19,r19-t044-49db8f96,1789129441554462816,1789129441907905134,0.0,30,0,0.0,False,False,False,False
B1_RL2_TC,ATTACK_DIVERSE_MODERATE,19,r19-t045-25af6145,1789129441918425867,1789129442210345878,0.0,30,0,0.0,False,False,False,False
B1_RL2_TC,ATTACK_DIVERSE_MODERATE,19,r19-t046-5a8eb53b,1789129442220284423,1789129442554057869,0.0,30,0,0.0,False,False,False,False
B1_RL2_TC,ATTACK_DIVERSE_MODERATE,19,r19-t047-44956814,1789129442564030071,1789129442873730638,0.0,30,0,0.0,False,False,False,False
B1_RL2_TC,ATTACK_DIVERSE_MODERATE,19,r19-t048-f50cb3a8,1789129442883201934,1789129443157341576,0.0,30,0,0.0,False,False,False,False
B1_RL2_TC,ATTACK_DIVERSE_MODERATE,19,r19-t049-aeddb9fe,1789129443167247121,1789129443501941568,0.0,30,0,0.0,False,False,False,False
B5_LOCKED_TC,BENIGN_DIVERSE_MODERATE,19,r19-t000-f04be204,1789129454962920139,1789129455323650177,0.0,24,0,0.0,False,False,False,False
B5_LOCKED_TC,BENIGN_DIVERSE_MODERATE,19,r19-t001-8166c22c,1789129455333760564,1789129455661455579,0.0,25,0,0.0,False,False,False,False
B5_LOCKED_TC,BENIGN_DIVERSE_MODERATE,19,r19-t002-a3fbc48c,1789129455671800550,1789129456002589309,0.0,26,0,0.0,False,False,False,False
B5_LOCKED_TC,BENIGN_DIVERSE_MODERATE,19,r19-t003-50f9eb9d,1789129456013683490,1789129456329244297,0.0,27,0,0.0,False,False,False,False
B5_LOCKED_TC,BENIGN_DIVERSE_MODERATE,19,r19-t004-346b4892,1789129456341115242,1789129456686516109,0.0,28,0,0.0,False,False,False,False
B5_LOCKED_TC,BENIGN_DIVERSE_MODERATE,19,r19-t005-c75d9703,1789129456698237567,1789129457038403530,0.0,29,0,0.0,False,False,False,False
B5_LOCKED_TC,BENIGN_DIVERSE_MODERATE,19,r19-t006-6b1aa761,1789129457049788247,1789129457403281023,0.0,30,0,0.0,False,False,False,False
B5_LOCKED_TC,BENIGN_DIVERSE_MODERATE,19,r19-t007-5137d7be,1789129457413861328,1789129457755472944,0.0,30,0,0.0,False,False,False,False
B5_LOCKED_TC,BENIGN_DIVERSE_MODERATE,19,r19-t008-6d2d2870,1789129457766371997,1789129458094962895,0.0,30,0,0.0,False,False,False,False
B5_LOCKED_TC,BENIGN_DIVERSE_MODERATE,19,r19-t009-ddfb691f,1789129458106753519,1789129458458180299,0.0,30,0,0.0,False,False,False,False
B5_LOCKED_TC,BENIGN_DIVERSE_MODERATE,19,r19-t010-76da2008,1789129458470299606,1789129458809230321,0.0,30,0,0.0,False,False,False,False
B5_LOCKED_TC,BENIGN_DIVERSE_MODERATE,19,r19-t011-42325d99,1789129458819677447,1789129459157528679,0.0,30,0,0.0,False,False,False,False
B5_LOCKED_TC,BENIGN_DIVERSE_MODERATE,19,r19-t012-a8357284,1789129459167427724,1789129459502651381,0.0,30,0,0.0,False,False,False,False
B5_LOCKED_TC,BENIGN_DIVERSE_MODERATE,19,r19-t013-5fa652f7,1789129459514474152,1789129459842363544,0.0,30,0,0.0,False,False,False,False
B5_LOCKED_TC,BENIGN_DIVERSE_MODERATE,19,r19-t014-f5f1f79a,1789129459853375063,1789129460177017751,0.0,30,0,0.0,False,False,False,False
B5_LOCKED_TC,BENIGN_DIVERSE_MODERATE,19,r19-t015-3ffedc81,1789129460193718441,1789129460528702827,0.0,30,0,0.0,False,False,False,False
B5_LOCKED_TC,BENIGN_DIVERSE_MODERATE,19,r19-t016-e1198df5,1789129460538803092,1789129460873809503,0.0,30,0,0.0,False,False,False,False
B5_LOCKED_TC,BENIGN_DIVERSE_MODERATE,19,r19-t017-cd8b9d09,1789129460885184098,1789129461207038674,0.0,30,0,0.0,False,False,False,False
B5_LOCKED_TC,BENIGN_DIVERSE_MODERATE,19,r19-t018-bf16307f,1789129461221155652,1789129461557845769,0.0,30,0,0.0,False,False,False,False
B5_LOCKED_TC,BENIGN_DIVERSE_MODERATE,19,r19-t019-9bb70f11,1789129461568030007,1789129461922029066,0.0,30,0,0.0,False,False,False,False
B5_LOCKED_TC,BENIGN_DIVERSE_MODERATE,19,r19-t020-0b1cd335,1789129461932270663,1789129462265852695,0.0,30,0,0.0,False,False,False,False
B5_LOCKED_TC,BENIGN_DIVERSE_MODERATE,19,r19-t021-d36333b8,1789129462277420170,1789129462609634619,0.0,30,0,0.0,False,False,False,False
B5_LOCKED_TC,BENIGN_DIVERSE_MODERATE,19,r19-t022-b7a7d3b5,1789129462620141448,1789129462961712076,0.0,30,0,0.0,False,False,False,False
B5_LOCKED_TC,BENIGN_DIVERSE_MODERATE,19,r19-t023-12c4fb6d,1789129465117149625,1789129467137763600,0.0,2,0,0.0,False,False,False,False
B5_LOCKED_TC,BENIGN_DIVERSE_MODERATE,19,r19-t024-d33c87e8,1789129467149100272,1789129467473714188,0.0,22,0,0.0,False,False,False,False
B5_LOCKED_TC,BENIGN_DIVERSE_MODERATE,19,r19-t025-09b1fef2,1789129467484782444,1789129467822932881,0.0,25,0,0.0,False,False,False,False
B5_LOCKED_TC,BENIGN_DIVERSE_MODERATE,19,r19-t026-494dfaac,1789129467832838795,1789129468166514121,0.0,26,0,0.0,False,False,False,False
B5_LOCKED_TC,BENIGN_DIVERSE_MODERATE,19,r19-t027-0d48a694,1789129468177236950,1789129468523156435,0.0,27,0,0.0,False,False,False,False
B5_LOCKED_TC,BENIGN_DIVERSE_MODERATE,19,r19-t028-d51f4a34,1789129468533145008,1789129468866011326,0.0,28,0,0.0,False,False,False,False
B5_LOCKED_TC,BENIGN_DIVERSE_MODERATE,19,r19-t029-ce541740,1789129468876309833,1789129469234035785,0.0,29,0,0.0,False,False,False,False
B5_LOCKED_TC,BENIGN_DIVERSE_MODERATE,19,r19-t030-75662424,1789129469245054615,1789129469565780053,0.0,30,0,0.0,False,False,False,False
B5_LOCKED_TC,BENIGN_DIVERSE_MODERATE,19,r19-t031-8900308a,1789129469575478746,1789129469926390117,0.0,30,0,0.0,False,False,False,False
B5_LOCKED_TC,BENIGN_DIVERSE_MODERATE,19,r19-t032-a60a5313,1789129469937983530,1789129470305916477,0.0,30,0,0.0,False,False,False,False
B5_LOCKED_TC,BENIGN_DIVERSE_MODERATE,19,r19-t033-20fde6be,1789129470316285971,1789129470656441560,0.0,30,0,0.0,False,False,False,False
B5_LOCKED_TC,BENIGN_DIVERSE_MODERATE,19,r19-t034-437f2b03,1789129470668334831,1789129471010717384,0.0,30,0,0.0,False,False,False,False
B5_LOCKED_TC,BENIGN_DIVERSE_MODERATE,19,r19-t035-2c93ccbf,1789129471021984575,1789129471369622815,0.0,30,0,0.0,False,False,False,False
B5_LOCKED_TC,BENIGN_DIVERSE_MODERATE,19,r19-t036-4a8f50ec,1789129471379866247,1789129471746689761,0.0,30,0,0.0,False,False,False,False
B5_LOCKED_TC,BENIGN_DIVERSE_MODERATE,19,r19-t037-adc66b2c,1789129471763936256,1789129472118108329,0.0,30,0,0.0,False,False,False,False
B5_LOCKED_TC,BENIGN_DIVERSE_MODERATE,19,r19-t038-40d4c4e0,1789129472128051430,1789129472453712266,0.0,30,0,0.0,False,False,False,False
B5_LOCKED_TC,BENIGN_DIVERSE_MODERATE,19,r19-t039-36511917,1789129472464100590,1789129472793723527,0.0,30,0,0.0,False,False,False,False
B5_LOCKED_TC,BENIGN_DIVERSE_MODERATE,19,r19-t040-ed7701d6,1789129472805312508,1789129473139269802,0.0,30,0,0.0,False,False,False,False
B5_LOCKED_TC,BENIGN_DIVERSE_MODERATE,19,r19-t041-aab8f90e,1789129473150157770,1789129473488128376,0.0,30,0,0.0,False,False,False,False
B5_LOCKED_TC,BENIGN_DIVERSE_MODERATE,19,r19-t042-054b9541,1789129473498239906,1789129473826312042,0.0,30,0,0.0,False,False,False,False
B5_LOCKED_TC,BENIGN_DIVERSE_MODERATE,19,r19-t043-fbc2a4f5,1789129473837669644,1789129474174375963,0.0,30,0,0.0,False,False,False,False
B5_LOCKED_TC,BENIGN_DIVERSE_MODERATE,19,r19-t044-49db8f96,1789129474184967340,1789129474513119787,0.0,30,0,0.0,False,False,False,False
B5_LOCKED_TC,BENIGN_DIVERSE_MODERATE,19,r19-t045-25af6145,1789129474524131948,1789129474872191454,0.0,30,0,0.0,False,False,False,False
B5_LOCKED_TC,BENIGN_DIVERSE_MODERATE,19,r19-t046-5a8eb53b,1789129474882518713,1789129475218368928,0.0,30,0,0.0,False,False,False,False
B5_LOCKED_TC,BENIGN_DIVERSE_MODERATE,19,r19-t047-44956814,1789129475228883396,1789129475557413574,0.0,30,0,0.0,False,False,False,False
B5_LOCKED_TC,BENIGN_DIVERSE_MODERATE,19,r19-t048-f50cb3a8,1789129475568362719,1789129475917785222,0.0,30,0,0.0,False,False,False,False
B5_LOCKED_TC,BENIGN_DIVERSE_MODERATE,19,r19-t049-aeddb9fe,1789129475930448048,1789129476243773212,0.0,30,0,0.0,False,False,False,False
B0_OFF,BENIGN_DIVERSE_MODERATE,19,r19-t000-f04be204,1789129488558807475,1789129488945281112,0.0,24,0,0.0,False,False,False,False
B0_OFF,BENIGN_DIVERSE_MODERATE,19,r19-t001-8166c22c,1789129488955255042,1789129489283602953,0.0,25,0,0.0,False,False,False,False
B0_OFF,BENIGN_DIVERSE_MODERATE,19,r19-t002-a3fbc48c,1789129489293989139,1789129489642243178,0.0,26,0,0.0,False,False,False,False
B0_OFF,BENIGN_DIVERSE_MODERATE,19,r19-t003-50f9eb9d,1789129489654857566,1789129490011286749,0.0,27,0,0.0,False,False,False,False
B0_OFF,BENIGN_DIVERSE_MODERATE,19,r19-t004-346b4892,1789129490021700016,1789129490338856615,0.0,28,0,0.0,False,False,False,False
B0_OFF,BENIGN_DIVERSE_MODERATE,19,r19-t005-c75d9703,1789129490349869833,1789129490698186094,0.0,29,0,0.0,False,False,False,False
B0_OFF,BENIGN_DIVERSE_MODERATE,19,r19-t006-6b1aa761,1789129490708264255,1789129491047322591,0.0,30,0,0.0,False,False,False,False
B0_OFF,BENIGN_DIVERSE_MODERATE,19,r19-t007-5137d7be,1789129491058751879,1789129491402514987,0.0,30,0,0.0,False,False,False,False
B0_OFF,BENIGN_DIVERSE_MODERATE,19,r19-t008-6d2d2870,1789129491413895571,1789129491742902082,0.0,30,0,0.0,False,False,False,False
B0_OFF,BENIGN_DIVERSE_MODERATE,19,r19-t009-ddfb691f,1789129491752498511,1789129492078803761,0.0,30,0,0.0,False,False,False,False
B0_OFF,BENIGN_DIVERSE_MODERATE,19,r19-t010-76da2008,1789129492088587434,1789129492423494978,0.0,30,0,0.0,False,False,False,False
B0_OFF,BENIGN_DIVERSE_MODERATE,19,r19-t011-42325d99,1789129492434564929,1789129492779314504,0.0,30,0,0.0,False,False,False,False
B0_OFF,BENIGN_DIVERSE_MODERATE,19,r19-t012-a8357284,1789129492790461300,1789129493145301574,0.0,30,0,0.0,False,False,False,False
B0_OFF,BENIGN_DIVERSE_MODERATE,19,r19-t013-5fa652f7,1789129493155935338,1789129493480916249,0.0,30,0,0.0,False,False,False,False
B0_OFF,BENIGN_DIVERSE_MODERATE,19,r19-t014-f5f1f79a,1789129493491983224,1789129493854990960,0.0,30,0,0.0,False,False,False,False
B0_OFF,BENIGN_DIVERSE_MODERATE,19,r19-t015-3ffedc81,1789129493864941674,1789129494203522245,0.0,30,0,0.0,False,False,False,False
B0_OFF,BENIGN_DIVERSE_MODERATE,19,r19-t016-e1198df5,1789129494213372122,1789129494546798749,0.0,30,0,0.0,False,False,False,False
B0_OFF,BENIGN_DIVERSE_MODERATE,19,r19-t017-cd8b9d09,1789129494557110878,1789129494898549741,0.0,30,0,0.0,False,False,False,False
B0_OFF,BENIGN_DIVERSE_MODERATE,19,r19-t018-bf16307f,1789129494909772393,1789129495249632566,0.0,30,0,0.0,False,False,False,False
B0_OFF,BENIGN_DIVERSE_MODERATE,19,r19-t019-9bb70f11,1789129495260033807,1789129495603106920,0.0,30,0,0.0,False,False,False,False
B0_OFF,BENIGN_DIVERSE_MODERATE,19,r19-t020-0b1cd335,1789129495620316569,1789129495966300661,0.0,30,0,0.0,False,False,False,False
B0_OFF,BENIGN_DIVERSE_MODERATE,19,r19-t021-d36333b8,1789129495979043432,1789129496325834904,0.0,30,0,0.0,False,False,False,False
B0_OFF,BENIGN_DIVERSE_MODERATE,19,r19-t022-b7a7d3b5,1789129496336639349,1789129496672272502,0.0,30,0,0.0,False,False,False,False
B0_OFF,BENIGN_DIVERSE_MODERATE,19,r19-t023-12c4fb6d,1789129496683890847,1789129497027191649,0.0,30,0,0.0,False,False,False,False
B0_OFF,BENIGN_DIVERSE_MODERATE,19,r19-t024-d33c87e8,1789129497038273942,1789129497363886708,0.0,30,0,0.0,False,False,False,False
B0_OFF,BENIGN_DIVERSE_MODERATE,19,r19-t025-09b1fef2,1789129497373902563,1789129497713365338,0.0,30,0,0.0,False,False,False,False
B0_OFF,BENIGN_DIVERSE_MODERATE,19,r19-t026-494dfaac,1789129497725678587,1789129498067080067,0.0,30,0,0.0,False,False,False,False
B0_OFF,BENIGN_DIVERSE_MODERATE,19,r19-t027-0d48a694,1789129498077471891,1789129498403367984,0.0,30,0,0.0,False,False,False,False
B0_OFF,BENIGN_DIVERSE_MODERATE,19,r19-t028-d51f4a34,1789129498413799702,1789129498753500327,0.0,30,0,0.0,False,False,False,False
B0_OFF,BENIGN_DIVERSE_MODERATE,19,r19-t029-ce541740,1789129498765426468,1789129499107650171,0.0,30,0,0.0,False,False,False,False
B0_OFF,BENIGN_DIVERSE_MODERATE,19,r19-t030-75662424,1789129499118036761,1789129499443591471,0.0,30,0,0.0,False,False,False,False
B0_OFF,BENIGN_DIVERSE_MODERATE,19,r19-t031-8900308a,1789129499453758903,1789129499795082851,0.0,30,0,0.0,False,False,False,False
B0_OFF,BENIGN_DIVERSE_MODERATE,19,r19-t032-a60a5313,1789129499805333489,1789129500151173987,0.0,30,0,0.0,False,False,False,False
B0_OFF,BENIGN_DIVERSE_MODERATE,19,r19-t033-20fde6be,1789129500161298171,1789129500483007340,0.0,30,0,0.0,False,False,False,False
B0_OFF,BENIGN_DIVERSE_MODERATE,19,r19-t034-437f2b03,1789129500492914906,1789129500811051564,0.0,30,0,0.0,False,False,False,False
B0_OFF,BENIGN_DIVERSE_MODERATE,19,r19-t035-2c93ccbf,1789129500821309818,1789129501146747005,0.0,30,0,0.0,False,False,False,False
B0_OFF,BENIGN_DIVERSE_MODERATE,19,r19-t036-4a8f50ec,1789129501157370897,1789129501502896903,0.0,30,0,0.0,False,False,False,False
B0_OFF,BENIGN_DIVERSE_MODERATE,19,r19-t037-adc66b2c,1789129501513998972,1789129501847041590,0.0,30,0,0.0,False,False,False,False
B0_OFF,BENIGN_DIVERSE_MODERATE,19,r19-t038-40d4c4e0,1789129501857363871,1789129502192525664,0.0,30,0,0.0,False,False,False,False
B0_OFF,BENIGN_DIVERSE_MODERATE,19,r19-t039-36511917,1789129502203000254,1789129502556390900,0.0,30,0,0.0,False,False,False,False
B0_OFF,BENIGN_DIVERSE_MODERATE,19,r19-t040-ed7701d6,1789129502566790745,1789129502892408166,0.0,30,0,0.0,False,False,False,False
B0_OFF,BENIGN_DIVERSE_MODERATE,19,r19-t041-aab8f90e,1789129502905423228,1789129503228702316,0.0,30,0,0.0,False,False,False,False
B0_OFF,BENIGN_DIVERSE_MODERATE,19,r19-t042-054b9541,1789129503238984639,1789129503571609346,0.0,30,0,0.0,False,False,False,False
B0_OFF,BENIGN_DIVERSE_MODERATE,19,r19-t043-fbc2a4f5,1789129503582024141,1789129503923211668,0.0,30,0,0.0,False,False,False,False
B0_OFF,BENIGN_DIVERSE_MODERATE,19,r19-t044-49db8f96,1789129503933600701,1789129504268906530,0.0,30,0,0.0,False,False,False,False
B0_OFF,BENIGN_DIVERSE_MODERATE,19,r19-t045-25af6145,1789129504279030432,1789129504607461541,0.0,30,0,0.0,False,False,False,False
B0_OFF,BENIGN_DIVERSE_MODERATE,19,r19-t046-5a8eb53b,1789129504618860520,1789129505318857161,0.0,30,0,0.0,False,False,False,False
B0_OFF,BENIGN_DIVERSE_MODERATE,19,r19-t047-44956814,1789129505329105919,1789129505648180035,0.0,30,0,0.0,False,False,False,False
B0_OFF,BENIGN_DIVERSE_MODERATE,19,r19-t048-f50cb3a8,1789129505658864851,1789129505975259818,0.0,30,0,0.0,False,False,False,False
B0_OFF,BENIGN_DIVERSE_MODERATE,19,r19-t049-aeddb9fe,1789129505986164355,1789129506318365555,0.0,30,0,0.0,False,False,False,False
B1_RL2_TC,ATTACK_DIVERSE_HIGH,19,r19-t000-4d2b6598,1789129520945109715,1789129521282121510,0.0,400,0,0.0,False,False,False,False
B1_RL2_TC,ATTACK_DIVERSE_HIGH,19,r19-t001-90492c1b,1789129521294284068,1789129521520427586,0.0,401,0,0.0,False,False,False,False
B1_RL2_TC,ATTACK_DIVERSE_HIGH,19,r19-t002-ad845aa5,1789129521531282097,1789129521841481812,0.0,402,0,0.0,False,False,False,False
B1_RL2_TC,ATTACK_DIVERSE_HIGH,19,r19-t003-345d88c8,1789129521853776038,1789129522193154492,0.0,403,0,0.0,False,False,False,False
B1_RL2_TC,ATTACK_DIVERSE_HIGH,19,r19-t004-f15811f4,1789129522205413126,1789129522531385211,0.0,404,0,0.0,False,False,False,False
B1_RL2_TC,ATTACK_DIVERSE_HIGH,19,r19-t005-42bdaa07,1789129522543261141,1789129522858742917,0.0,405,0,0.0,False,False,False,False
B1_RL2_TC,ATTACK_DIVERSE_HIGH,19,r19-t006-3e22b745,1789129522869791456,1789129523227986723,0.0,406,0,0.0,False,False,False,False
B1_RL2_TC,ATTACK_DIVERSE_HIGH,19,r19-t007-4c4c54f5,1789129523238729568,1789129523592096288,0.0,406,0,0.0,False,False,False,False
B1_RL2_TC,ATTACK_DIVERSE_HIGH,19,r19-t008-460e9abf,1789129523604100694,1789129523893938881,0.0,406,0,0.0,False,False,False,False
B1_RL2_TC,ATTACK_DIVERSE_HIGH,19,r19-t009-3070b96d,1789129523905605850,1789129524232004872,0.0,406,0,0.0,False,False,False,False
B1_RL2_TC,ATTACK_DIVERSE_HIGH,19,r19-t010-a1b4b1aa,1789129524244337505,1789129524611178370,0.0,406,0,0.0,False,False,False,False
B1_RL2_TC,ATTACK_DIVERSE_HIGH,19,r19-t011-152899d9,1789129524622736452,1789129524976311720,0.0,405,0,0.0,False,False,False,False
B1_RL2_TC,ATTACK_DIVERSE_HIGH,19,r19-t012-eb3da8d8,1789129524987790105,1789129525323047569,0.0,406,0,0.0,False,False,False,False
B1_RL2_TC,ATTACK_DIVERSE_HIGH,19,r19-t013-b5ce7569,1789129525334195698,1789129525684513933,0.0,406,0,0.0,False,False,False,False
B1_RL2_TC,ATTACK_DIVERSE_HIGH,19,r19-t014-9ff120e7,1789129525695089850,1789129526056082394,0.0,406,0,0.0,False,False,False,False
B1_RL2_TC,ATTACK_DIVERSE_HIGH,19,r19-t015-f164efa5,1789129526068058202,1789129526402031476,0.0,406,0,0.0,False,False,False,False
B1_RL2_TC,ATTACK_DIVERSE_HIGH,19,r19-t016-a794e4aa,1789129526412644788,1789129526746004661,0.0,406,0,0.0,False,False,False,False
B1_RL2_TC,ATTACK_DIVERSE_HIGH,19,r19-t017-d2f91727,1789129526758339698,1789129527080490260,0.0,406,0,0.0,False,False,False,False
B1_RL2_TC,ATTACK_DIVERSE_HIGH,19,r19-t018-8b47b53b,1789129527092492540,1789129527443263861,0.0,405,0,0.0,False,False,False,False
B1_RL2_TC,ATTACK_DIVERSE_HIGH,19,r19-t019-a793bfed,1789129527455054918,1789129527833766397,0.0,406,0,0.0,False,False,False,False
B1_RL2_TC,ATTACK_DIVERSE_HIGH,19,r19-t020-161c6356,1789129527844808265,1789129528175384646,0.0,406,0,0.0,False,False,False,False
B1_RL2_TC,ATTACK_DIVERSE_HIGH,19,r19-t021-c708c036,1789129528187243273,1789129528514068901,0.0,406,0,0.0,False,False,False,False
B1_RL2_TC,ATTACK_DIVERSE_HIGH,19,r19-t022-8d297fe2,1789129528524630193,1789129528850140068,0.0,406,0,0.0,False,False,False,False
B1_RL2_TC,ATTACK_DIVERSE_HIGH,19,r19-t023-b765194d,1789129528860951646,1789129529218518510,0.0,406,0,0.0,False,False,False,False
B1_RL2_TC,ATTACK_DIVERSE_HIGH,19,r19-t024-c67424a1,1789129529230586693,1789129529555769365,0.0,406,0,0.0,False,False,False,False
B1_RL2_TC,ATTACK_DIVERSE_HIGH,19,r19-t025-8f1349fc,1789129529567118073,1789129529904130493,0.0,406,0,0.0,False,False,False,False
B1_RL2_TC,ATTACK_DIVERSE_HIGH,19,r19-t026-02d8a331,1789129529915418573,1789129530262506340,0.0,406,0,0.0,False,False,False,False
B1_RL2_TC,ATTACK_DIVERSE_HIGH,19,r19-t027-1e316679,1789129530274127732,1789129530583293665,0.0,406,0,0.0,False,False,False,False
B1_RL2_TC,ATTACK_DIVERSE_HIGH,19,r19-t028-d96a1e69,1789129530594099318,1789129530949794138,0.0,406,0,0.0,False,False,False,False
B1_RL2_TC,ATTACK_DIVERSE_HIGH,19,r19-t029-a4eefd59,1789129530960974479,1789129531285262550,0.0,406,0,0.0,False,False,False,False
B1_RL2_TC,ATTACK_DIVERSE_HIGH,19,r19-t030-485240dc,1789129531299386510,1789129531631358248,0.0,406,0,0.0,False,False,False,False
B1_RL2_TC,ATTACK_DIVERSE_HIGH,19,r19-t031-6950c516,1789129531642151312,1789129531954505042,0.0,406,0,0.0,False,False,False,False
B1_RL2_TC,ATTACK_DIVERSE_HIGH,19,r19-t032-c2ec516b,1789129531965367714,1789129532294426929,0.0,406,0,0.0,False,False,False,False
B1_RL2_TC,ATTACK_DIVERSE_HIGH,19,r19-t033-4d77bba0,1789129532305733992,1789129532639700385,0.0,406,0,0.0,False,False,False,False
B1_RL2_TC,ATTACK_DIVERSE_HIGH,19,r19-t034-77a59453,1789129532650724579,1789129532953843289,0.0,406,0,0.0,False,False,False,False
B1_RL2_TC,ATTACK_DIVERSE_HIGH,19,r19-t035-53a3e525,1789129532965026855,1789129533305919497,0.0,406,0,0.0,False,False,False,False
B1_RL2_TC,ATTACK_DIVERSE_HIGH,19,r19-t036-7314f839,1789129533317275569,1789129533624383190,0.0,406,0,0.0,False,False,False,False
B1_RL2_TC,ATTACK_DIVERSE_HIGH,19,r19-t037-9cc0dfd0,1789129533636699906,1789129533968614403,0.0,406,0,0.0,False,False,False,False
B1_RL2_TC,ATTACK_DIVERSE_HIGH,19,r19-t038-bffcf90c,1789129533980037732,1789129534324072707,0.0,406,0,0.0,False,False,False,False
B1_RL2_TC,ATTACK_DIVERSE_HIGH,19,r19-t039-eac5a933,1789129534335706436,1789129534662763961,0.0,406,0,0.0,False,False,False,False
B1_RL2_TC,ATTACK_DIVERSE_HIGH,19,r19-t040-4bd7bcad,1789129534675417058,1789129535027988551,0.0,406,0,0.0,False,False,False,False
B1_RL2_TC,ATTACK_DIVERSE_HIGH,19,r19-t041-e24e25d3,1789129535038490351,1789129535374414021,0.0,406,0,0.0,False,False,False,False
B1_RL2_TC,ATTACK_DIVERSE_HIGH,19,r19-t042-350a3432,1789129535384652983,1789129535720225826,0.0,406,0,0.0,False,False,False,False
B1_RL2_TC,ATTACK_DIVERSE_HIGH,19,r19-t043-4286d1b6,1789129535732423975,1789129536033753378,0.0,405,0,0.0,False,False,False,False
B1_RL2_TC,ATTACK_DIVERSE_HIGH,19,r19-t044-4e9bcd82,1789129536045242838,1789129536423656705,0.0,406,0,0.0,False,False,False,False
B1_RL2_TC,ATTACK_DIVERSE_HIGH,19,r19-t045-ef7ce933,1789129536435990119,1789129536761014635,0.0,406,0,0.0,False,False,False,False
B1_RL2_TC,ATTACK_DIVERSE_HIGH,19,r19-t046-c1bd63a1,1789129536772049240,1789129537109072196,0.0,406,0,0.0,False,False,False,False
B1_RL2_TC,ATTACK_DIVERSE_HIGH,19,r19-t047-f3ce951f,1789129537119885425,1789129537428607691,0.0,406,0,0.0,False,False,False,False
B1_RL2_TC,ATTACK_DIVERSE_HIGH,19,r19-t048-23767c50,1789129537440329596,1789129537828979143,0.0,406,0,0.0,False,False,False,False
B1_RL2_TC,ATTACK_DIVERSE_HIGH,19,r19-t049-44e1c108,1789129537841839265,1789129538165861956,0.0,406,0,0.0,False,False,False,False
B5_LOCKED_TC,ATTACK_DIVERSE_HIGH,19,r19-t000-4d2b6598,1789129553827769402,1789129554122938783,0.0,400,0,0.0,False,False,False,False
B5_LOCKED_TC,ATTACK_DIVERSE_HIGH,19,r19-t001-90492c1b,1789129554134695283,1789129554372278135,0.0,401,0,0.0,False,False,False,False
B5_LOCKED_TC,ATTACK_DIVERSE_HIGH,19,r19-t002-ad845aa5,1789129554384719672,1789129554701594596,0.0,402,0,0.0,False,False,False,False
B5_LOCKED_TC,ATTACK_DIVERSE_HIGH,19,r19-t003-345d88c8,1789129554713895200,1789129555021143413,0.0,403,0,0.0,False,False,False,False
B5_LOCKED_TC,ATTACK_DIVERSE_HIGH,19,r19-t004-f15811f4,1789129555032696550,1789129555373890443,0.0,404,0,0.0,False,False,False,False
B5_LOCKED_TC,ATTACK_DIVERSE_HIGH,19,r19-t005-42bdaa07,1789129555385385358,1789129555735368776,0.0,405,0,0.0,False,False,False,False
B5_LOCKED_TC,ATTACK_DIVERSE_HIGH,19,r19-t006-3e22b745,1789129555746857802,1789129556095887773,0.0,406,0,0.0,False,False,False,False
B5_LOCKED_TC,ATTACK_DIVERSE_HIGH,19,r19-t007-4c4c54f5,1789129556107287360,1789129556441062835,0.0,406,0,0.0,False,False,False,False
B5_LOCKED_TC,ATTACK_DIVERSE_HIGH,19,r19-t008-460e9abf,1789129556452064296,1789129556789379356,0.0,406,0,0.0,False,False,False,False
B5_LOCKED_TC,ATTACK_DIVERSE_HIGH,19,r19-t009-3070b96d,1789129556801971734,1789129557131165206,0.0,406,0,0.0,False,False,False,False
B5_LOCKED_TC,ATTACK_DIVERSE_HIGH,19,r19-t010-a1b4b1aa,1789129557142290966,1789129557510941177,0.0,406,0,0.0,False,False,False,False
B5_LOCKED_TC,ATTACK_DIVERSE_HIGH,19,r19-t011-152899d9,1789129557522035627,1789129557826967324,0.0,406,0,0.0,False,False,False,False
B5_LOCKED_TC,ATTACK_DIVERSE_HIGH,19,r19-t012-eb3da8d8,1789129557838816906,1789129558183221511,0.0,406,0,0.0,False,False,False,False
B5_LOCKED_TC,ATTACK_DIVERSE_HIGH,19,r19-t013-b5ce7569,1789129558194486144,1789129558527208218,0.0,406,0,0.0,False,False,False,False
B5_LOCKED_TC,ATTACK_DIVERSE_HIGH,19,r19-t014-9ff120e7,1789129558538142470,1789129558873677892,0.0,406,0,0.0,False,False,False,False
B5_LOCKED_TC,ATTACK_DIVERSE_HIGH,19,r19-t015-f164efa5,1789129558889204402,1789129559201730090,0.0,406,0,0.0,False,False,False,False
B5_LOCKED_TC,ATTACK_DIVERSE_HIGH,19,r19-t016-a794e4aa,1789129559212350697,1789129559546545618,0.0,406,0,0.0,False,False,False,False
B5_LOCKED_TC,ATTACK_DIVERSE_HIGH,19,r19-t017-d2f91727,1789129559556887636,1789129559898391338,0.0,406,0,0.0,False,False,False,False
B5_LOCKED_TC,ATTACK_DIVERSE_HIGH,19,r19-t018-8b47b53b,1789129559910416234,1789129560272465514,0.0,406,0,0.0,False,False,False,False
B5_LOCKED_TC,ATTACK_DIVERSE_HIGH,19,r19-t019-a793bfed,1789129560284464746,1789129560590734267,0.0,406,0,0.0,False,False,False,False
B5_LOCKED_TC,ATTACK_DIVERSE_HIGH,19,r19-t020-161c6356,1789129560602473229,1789129560934665489,0.0,406,0,0.0,False,False,False,False
B5_LOCKED_TC,ATTACK_DIVERSE_HIGH,19,r19-t021-c708c036,1789129560947295080,1789129561282953617,0.0,406,0,0.0,False,False,False,False
B5_LOCKED_TC,ATTACK_DIVERSE_HIGH,19,r19-t022-8d297fe2,1789129561294743536,1789129561635758963,0.0,406,0,0.0,False,False,False,False
B5_LOCKED_TC,ATTACK_DIVERSE_HIGH,19,r19-t023-b765194d,1789129561646739801,1789129562012513211,0.0,406,0,0.0,False,False,False,False
B5_LOCKED_TC,ATTACK_DIVERSE_HIGH,19,r19-t024-c67424a1,1789129562024047508,1789129562351221536,0.0,406,0,0.0,False,False,False,False
B5_LOCKED_TC,ATTACK_DIVERSE_HIGH,19,r19-t025-8f1349fc,1789129562362152255,1789129562677629538,0.0,406,0,0.0,False,False,False,False
B5_LOCKED_TC,ATTACK_DIVERSE_HIGH,19,r19-t026-02d8a331,1789129562689372219,1789129563012694074,0.0,406,0,0.0,False,False,False,False
B5_LOCKED_TC,ATTACK_DIVERSE_HIGH,19,r19-t027-1e316679,1789129563023654548,1789129563377294917,0.0,406,0,0.0,False,False,False,False
B5_LOCKED_TC,ATTACK_DIVERSE_HIGH,19,r19-t028-d96a1e69,1789129563389116265,1789129563722371088,0.0,406,0,0.0,False,False,False,False
B5_LOCKED_TC,ATTACK_DIVERSE_HIGH,19,r19-t029-a4eefd59,1789129563733281070,1789129564086458735,0.0,406,0,0.0,False,False,False,False
B5_LOCKED_TC,ATTACK_DIVERSE_HIGH,19,r19-t030-485240dc,1789129564099480267,1789129564389157462,0.0,406,0,0.0,False,False,False,False
B5_LOCKED_TC,ATTACK_DIVERSE_HIGH,19,r19-t031-6950c516,1789129564400676509,1789129564733258942,0.0,406,0,0.0,False,False,False,False
B5_LOCKED_TC,ATTACK_DIVERSE_HIGH,19,r19-t032-c2ec516b,1789129564744112202,1789129565066135865,0.0,406,0,0.0,False,False,False,False
B5_LOCKED_TC,ATTACK_DIVERSE_HIGH,19,r19-t033-4d77bba0,1789129565078011890,1789129565403751036,0.0,406,0,0.0,False,False,False,False
B5_LOCKED_TC,ATTACK_DIVERSE_HIGH,19,r19-t034-77a59453,1789129565415970554,1789129565757172327,0.0,406,0,0.0,False,False,False,False
B5_LOCKED_TC,ATTACK_DIVERSE_HIGH,19,r19-t035-53a3e525,1789129565769769559,1789129566114304824,0.0,406,0,0.0,False,False,False,False
B5_LOCKED_TC,ATTACK_DIVERSE_HIGH,19,r19-t036-7314f839,1789129566125598936,1789129566451432277,0.0,406,0,0.0,False,False,False,False
B5_LOCKED_TC,ATTACK_DIVERSE_HIGH,19,r19-t037-9cc0dfd0,1789129566463126980,1789129566823227815,0.0,406,0,0.0,False,False,False,False
B5_LOCKED_TC,ATTACK_DIVERSE_HIGH,19,r19-t038-bffcf90c,1789129566834564397,1789129567149751224,0.0,406,0,0.0,False,False,False,False
B5_LOCKED_TC,ATTACK_DIVERSE_HIGH,19,r19-t039-eac5a933,1789129567161928651,1789129567487517801,0.0,406,0,0.0,False,False,False,False
B5_LOCKED_TC,ATTACK_DIVERSE_HIGH,19,r19-t040-4bd7bcad,1789129567499084693,1789129567852444073,0.0,406,0,0.0,False,False,False,False
B5_LOCKED_TC,ATTACK_DIVERSE_HIGH,19,r19-t041-e24e25d3,1789129567863482323,1789129568197057987,0.0,406,0,0.0,False,False,False,False
B5_LOCKED_TC,ATTACK_DIVERSE_HIGH,19,r19-t042-350a3432,1789129568216002640,1789129568548812793,0.0,406,0,0.0,False,False,False,False
B5_LOCKED_TC,ATTACK_DIVERSE_HIGH,19,r19-t043-4286d1b6,1789129568560453520,1789129568897708413,0.0,406,0,0.0,False,False,False,False
B5_LOCKED_TC,ATTACK_DIVERSE_HIGH,19,r19-t044-4e9bcd82,1789129568908809346,1789129569213043938,0.0,406,0,0.0,False,False,False,False
B5_LOCKED_TC,ATTACK_DIVERSE_HIGH,19,r19-t045-ef7ce933,1789129569224949454,1789129569557700672,0.0,406,0,0.0,False,False,False,False
B5_LOCKED_TC,ATTACK_DIVERSE_HIGH,19,r19-t046-c1bd63a1,1789129569568915260,1789129569907498974,0.0,406,0,0.0,False,False,False,False
B5_LOCKED_TC,ATTACK_DIVERSE_HIGH,19,r19-t047-f3ce951f,1789129569919888534,1789129570246497958,0.0,406,0,0.0,False,False,False,False
B5_LOCKED_TC,ATTACK_DIVERSE_HIGH,19,r19-t048-23767c50,1789129570257916433,1789129570603546311,0.0,406,0,0.0,False,False,False,False
B5_LOCKED_TC,ATTACK_DIVERSE_HIGH,19,r19-t049-44e1c108,1789129570615058297,1789129570937199463,0.0,406,0,0.0,False,False,False,False
B0_OFF,ATTACK_DIVERSE_MODERATE,19,r19-t000-f04be204,1789129585404289946,1789129585570526541,0.0,24,0,0.0,False,False,False,False
B0_OFF,ATTACK_DIVERSE_MODERATE,19,r19-t001-8166c22c,1789129585580979525,1789129585834559249,0.0,25,0,0.0,False,False,False,False
B0_OFF,ATTACK_DIVERSE_MODERATE,19,r19-t002-a3fbc48c,1789129585844454659,1789129586156335198,0.0,26,0,0.0,False,False,False,False
B0_OFF,ATTACK_DIVERSE_MODERATE,19,r19-t003-50f9eb9d,1789129586168168776,1789129586480654383,0.0,27,0,0.0,False,False,False,False
B0_OFF,ATTACK_DIVERSE_MODERATE,19,r19-t004-346b4892,1789129586491751655,1789129586802993202,0.0,28,0,0.0,False,False,False,False
B0_OFF,ATTACK_DIVERSE_MODERATE,19,r19-t005-c75d9703,1789129586813502231,1789129587126814670,0.0,29,0,0.0,False,False,False,False
B0_OFF,ATTACK_DIVERSE_MODERATE,19,r19-t006-6b1aa761,1789129587136916417,1789129587467973880,0.0,30,0,0.0,False,False,False,False
B0_OFF,ATTACK_DIVERSE_MODERATE,19,r19-t007-5137d7be,1789129587479157034,1789129587814466328,0.0,31,0,0.0,False,False,False,False
B0_OFF,ATTACK_DIVERSE_MODERATE,19,r19-t008-6d2d2870,1789129587826128332,1789129588156137290,0.0,31,0,0.0,False,False,False,False
B0_OFF,ATTACK_DIVERSE_MODERATE,19,r19-t009-ddfb691f,1789129588166027217,1789129588465899163,0.0,30,0,0.0,False,False,False,False
B0_OFF,ATTACK_DIVERSE_MODERATE,19,r19-t010-76da2008,1789129588476811942,1789129588813409165,0.0,30,0,0.0,False,False,False,False
B0_OFF,ATTACK_DIVERSE_MODERATE,19,r19-t011-42325d99,1789129588825587939,1789129589142424827,0.0,30,0,0.0,False,False,False,False
B0_OFF,ATTACK_DIVERSE_MODERATE,19,r19-t012-a8357284,1789129589153876311,1789129589462682716,0.0,30,0,0.0,False,False,False,False
B0_OFF,ATTACK_DIVERSE_MODERATE,19,r19-t013-5fa652f7,1789129589474820037,1789129589814977400,0.0,30,0,0.0,False,False,False,False
B0_OFF,ATTACK_DIVERSE_MODERATE,19,r19-t014-f5f1f79a,1789129589825433915,1789129590130517714,0.0,30,0,0.0,False,False,False,False
B0_OFF,ATTACK_DIVERSE_MODERATE,19,r19-t015-3ffedc81,1789129590140817060,1789129590440266109,0.0,30,0,0.0,False,False,False,False
B0_OFF,ATTACK_DIVERSE_MODERATE,19,r19-t016-e1198df5,1789129590452791380,1789129590755798618,0.0,31,0,0.0,False,False,False,False
B0_OFF,ATTACK_DIVERSE_MODERATE,19,r19-t017-cd8b9d09,1789129590766036062,1789129591094621392,0.0,31,0,0.0,False,False,False,False
B0_OFF,ATTACK_DIVERSE_MODERATE,19,r19-t018-bf16307f,1789129591104662447,1789129591409262657,0.0,31,0,0.0,False,False,False,False
B0_OFF,ATTACK_DIVERSE_MODERATE,19,r19-t019-9bb70f11,1789129591419791669,1789129591741344923,0.0,31,0,0.0,False,False,False,False
B0_OFF,ATTACK_DIVERSE_MODERATE,19,r19-t020-0b1cd335,1789129591751123410,1789129592060881937,0.0,31,0,0.0,False,False,False,False
B0_OFF,ATTACK_DIVERSE_MODERATE,19,r19-t021-d36333b8,1789129592072727041,1789129592427841376,0.0,31,0,0.0,False,False,False,False
B0_OFF,ATTACK_DIVERSE_MODERATE,19,r19-t022-b7a7d3b5,1789129592437878527,1789129592780718687,0.0,30,0,0.0,False,False,False,False
B0_OFF,ATTACK_DIVERSE_MODERATE,19,r19-t023-12c4fb6d,1789129592790329396,1789129593091078579,0.0,30,0,0.0,False,False,False,False
B0_OFF,ATTACK_DIVERSE_MODERATE,19,r19-t024-d33c87e8,1789129593101932118,1789129593423809328,0.0,30,0,0.0,False,False,False,False
B0_OFF,ATTACK_DIVERSE_MODERATE,19,r19-t025-09b1fef2,1789129593434258200,1789129593726550779,0.0,30,0,0.0,False,False,False,False
B0_OFF,ATTACK_DIVERSE_MODERATE,19,r19-t026-494dfaac,1789129593739131427,1789129594066427873,0.0,30,0,0.0,False,False,False,False
B0_OFF,ATTACK_DIVERSE_MODERATE,19,r19-t027-0d48a694,1789129594087567897,1789129594412023030,0.0,30,0,0.0,False,False,False,False
B0_OFF,ATTACK_DIVERSE_MODERATE,19,r19-t028-d51f4a34,1789129594422285520,1789129594790410851,0.0,30,0,0.0,False,False,False,False
B0_OFF,ATTACK_DIVERSE_MODERATE,19,r19-t029-ce541740,1789129594801337679,1789129595101106586,0.0,30,0,0.0,False,False,False,False
B0_OFF,ATTACK_DIVERSE_MODERATE,19,r19-t030-75662424,1789129595111784437,1789129595415141305,0.0,30,0,0.0,False,False,False,False
B0_OFF,ATTACK_DIVERSE_MODERATE,19,r19-t031-8900308a,1789129595426498003,1789129595727890783,0.0,30,0,0.0,False,False,False,False
B0_OFF,ATTACK_DIVERSE_MODERATE,19,r19-t032-a60a5313,1789129595740102108,1789129596090654356,0.0,30,0,0.0,False,False,False,False
B0_OFF,ATTACK_DIVERSE_MODERATE,19,r19-t033-20fde6be,1789129596101482319,1789129596409727641,0.0,30,0,0.0,False,False,False,False
B0_OFF,ATTACK_DIVERSE_MODERATE,19,r19-t034-437f2b03,1789129596420437952,1789129596746112570,0.0,30,0,0.0,False,False,False,False
B0_OFF,ATTACK_DIVERSE_MODERATE,19,r19-t035-2c93ccbf,1789129596757106268,1789129597078264919,0.0,31,0,0.0,False,False,False,False
B0_OFF,ATTACK_DIVERSE_MODERATE,19,r19-t036-4a8f50ec,1789129597088256298,1789129597414934444,0.0,30,0,0.0,False,False,False,False
B0_OFF,ATTACK_DIVERSE_MODERATE,19,r19-t037-adc66b2c,1789129597425375411,1789129597730989519,0.0,30,0,0.0,False,False,False,False
B0_OFF,ATTACK_DIVERSE_MODERATE,19,r19-t038-40d4c4e0,1789129597742991767,1789129598071143304,0.0,30,0,0.0,False,False,False,False
B0_OFF,ATTACK_DIVERSE_MODERATE,19,r19-t039-36511917,1789129598082580638,1789129598409097420,0.0,31,0,0.0,False,False,False,False
B0_OFF,ATTACK_DIVERSE_MODERATE,19,r19-t040-ed7701d6,1789129598419485281,1789129598731057219,0.0,30,0,0.0,False,False,False,False
B0_OFF,ATTACK_DIVERSE_MODERATE,19,r19-t041-aab8f90e,1789129598743441068,1789129599046964043,0.0,30,0,0.0,False,False,False,False
B0_OFF,ATTACK_DIVERSE_MODERATE,19,r19-t042-054b9541,1789129599057424355,1789129599384770466,0.0,31,0,0.0,False,False,False,False
B0_OFF,ATTACK_DIVERSE_MODERATE,19,r19-t043-fbc2a4f5,1789129599396372233,1789129599730761825,0.0,31,0,0.0,False,False,False,False
B0_OFF,ATTACK_DIVERSE_MODERATE,19,r19-t044-49db8f96,1789129599742513703,1789129600076323500,0.0,30,0,0.0,False,False,False,False
B0_OFF,ATTACK_DIVERSE_MODERATE,19,r19-t045-25af6145,1789129600086427043,1789129600426630029,0.0,30,0,0.0,False,False,False,False
B0_OFF,ATTACK_DIVERSE_MODERATE,19,r19-t046-5a8eb53b,1789129600436785194,1789129600765327506,0.0,30,0,0.0,False,False,False,False
B0_OFF,ATTACK_DIVERSE_MODERATE,19,r19-t047-44956814,1789129600778423294,1789129601077238146,0.0,30,0,0.0,False,False,False,False
B0_OFF,ATTACK_DIVERSE_MODERATE,19,r19-t048-f50cb3a8,1789129601087823377,1789129601378907572,0.0,30,0,0.0,False,False,False,False
B0_OFF,ATTACK_DIVERSE_MODERATE,19,r19-t049-aeddb9fe,1789129601389175199,1789129601703132353,0.0,30,0,0.0,False,False,False,False
B5_LOCKED_TC,ATTACK_DIVERSE_MODERATE,19,r19-t000-f04be204,1789129614596692507,1789129614763445430,0.0,24,0,0.0,False,False,False,False
B5_LOCKED_TC,ATTACK_DIVERSE_MODERATE,19,r19-t001-8166c22c,1789129614776583732,1789129615046429014,0.0,25,0,0.0,False,False,False,False
B5_LOCKED_TC,ATTACK_DIVERSE_MODERATE,19,r19-t002-a3fbc48c,1789129615056814228,1789129615391316016,0.0,26,0,0.0,False,False,False,False
B5_LOCKED_TC,ATTACK_DIVERSE_MODERATE,19,r19-t003-50f9eb9d,1789129615401947197,1789129615693675559,0.0,27,0,0.0,False,False,False,False
B5_LOCKED_TC,ATTACK_DIVERSE_MODERATE,19,r19-t004-346b4892,1789129615704041054,1789129616032924582,0.0,28,0,0.0,False,False,False,False
B5_LOCKED_TC,ATTACK_DIVERSE_MODERATE,19,r19-t005-c75d9703,1789129616043290455,1789129616380053303,0.0,29,0,0.0,False,False,False,False
B5_LOCKED_TC,ATTACK_DIVERSE_MODERATE,19,r19-t006-6b1aa761,1789129616390995362,1789129616707666240,0.0,30,0,0.0,False,False,False,False
B5_LOCKED_TC,ATTACK_DIVERSE_MODERATE,19,r19-t007-5137d7be,1789129616718712742,1789129617011081729,0.0,31,0,0.0,False,False,False,False
B5_LOCKED_TC,ATTACK_DIVERSE_MODERATE,19,r19-t008-6d2d2870,1789129617022007939,1789129617337857891,0.0,31,0,0.0,False,False,False,False
B5_LOCKED_TC,ATTACK_DIVERSE_MODERATE,19,r19-t009-ddfb691f,1789129617348616820,1789129617674975395,0.0,31,0,0.0,False,False,False,False
B5_LOCKED_TC,ATTACK_DIVERSE_MODERATE,19,r19-t010-76da2008,1789129617688017933,1789129618014309332,0.0,30,0,0.0,False,False,False,False
B5_LOCKED_TC,ATTACK_DIVERSE_MODERATE,19,r19-t011-42325d99,1789129618024720587,1789129618361516362,0.0,31,0,0.0,False,False,False,False
B5_LOCKED_TC,ATTACK_DIVERSE_MODERATE,19,r19-t012-a8357284,1789129618371520314,1789129618718435148,0.0,30,0,0.0,False,False,False,False
B5_LOCKED_TC,ATTACK_DIVERSE_MODERATE,19,r19-t013-5fa652f7,1789129618731377856,1789129619061933106,0.0,30,0,0.0,False,False,False,False
B5_LOCKED_TC,ATTACK_DIVERSE_MODERATE,19,r19-t014-f5f1f79a,1789129619072863890,1789129619416826921,0.0,30,0,0.0,False,False,False,False
B5_LOCKED_TC,ATTACK_DIVERSE_MODERATE,19,r19-t015-3ffedc81,1789129619428481714,1789129619740272281,0.0,30,0,0.0,False,False,False,False
B5_LOCKED_TC,ATTACK_DIVERSE_MODERATE,19,r19-t016-e1198df5,1789129619754554145,1789129620081723575,0.0,30,0,0.0,False,False,False,False
B5_LOCKED_TC,ATTACK_DIVERSE_MODERATE,19,r19-t017-cd8b9d09,1789129620092416852,1789129620425910893,0.0,31,0,0.0,False,False,False,False
B5_LOCKED_TC,ATTACK_DIVERSE_MODERATE,19,r19-t018-bf16307f,1789129620437401117,1789129620750368004,0.0,30,0,0.0,False,False,False,False
B5_LOCKED_TC,ATTACK_DIVERSE_MODERATE,19,r19-t019-9bb70f11,1789129620761693751,1789129621087595232,0.0,30,0,0.0,False,False,False,False
B5_LOCKED_TC,ATTACK_DIVERSE_MODERATE,19,r19-t020-0b1cd335,1789129621098977053,1789129621409948791,0.0,30,0,0.0,False,False,False,False
B5_LOCKED_TC,ATTACK_DIVERSE_MODERATE,19,r19-t021-d36333b8,1789129621420854228,1789129621751150633,0.0,30,0,0.0,False,False,False,False
B5_LOCKED_TC,ATTACK_DIVERSE_MODERATE,19,r19-t022-b7a7d3b5,1789129621764387195,1789129622077234189,0.0,30,0,0.0,False,False,False,False
B5_LOCKED_TC,ATTACK_DIVERSE_MODERATE,19,r19-t023-12c4fb6d,1789129622088366101,1789129622385395596,0.0,30,0,0.0,False,False,False,False
B5_LOCKED_TC,ATTACK_DIVERSE_MODERATE,19,r19-t024-d33c87e8,1789129622396056416,1789129622741698954,0.0,31,0,0.0,False,False,False,False
B5_LOCKED_TC,ATTACK_DIVERSE_MODERATE,19,r19-t025-09b1fef2,1789129622752276533,1789129623074025793,0.0,30,0,0.0,False,False,False,False
B5_LOCKED_TC,ATTACK_DIVERSE_MODERATE,19,r19-t026-494dfaac,1789129623084784440,1789129623377306959,0.0,30,0,0.0,False,False,False,False
B5_LOCKED_TC,ATTACK_DIVERSE_MODERATE,19,r19-t027-0d48a694,1789129623386718429,1789129623706326572,0.0,31,0,0.0,False,False,False,False
B5_LOCKED_TC,ATTACK_DIVERSE_MODERATE,19,r19-t028-d51f4a34,1789129623716481561,1789129624015703777,0.0,31,0,0.0,False,False,False,False
B5_LOCKED_TC,ATTACK_DIVERSE_MODERATE,19,r19-t029-ce541740,1789129624026950204,1789129624361734531,0.0,31,0,0.0,False,False,False,False
B5_LOCKED_TC,ATTACK_DIVERSE_MODERATE,19,r19-t030-75662424,1789129624371852869,1789129624698598616,0.0,31,0,0.0,False,False,False,False
B5_LOCKED_TC,ATTACK_DIVERSE_MODERATE,19,r19-t031-8900308a,1789129624708371498,1789129625041781568,0.0,31,0,0.0,False,False,False,False
B5_LOCKED_TC,ATTACK_DIVERSE_MODERATE,19,r19-t032-a60a5313,1789129625052845381,1789129625342047901,0.0,31,0,0.0,False,False,False,False
B5_LOCKED_TC,ATTACK_DIVERSE_MODERATE,19,r19-t033-20fde6be,1789129625353480479,1789129625665800160,0.0,31,0,0.0,False,False,False,False
B5_LOCKED_TC,ATTACK_DIVERSE_MODERATE,19,r19-t034-437f2b03,1789129625677625806,1789129626020729508,0.0,31,0,0.0,False,False,False,False
B5_LOCKED_TC,ATTACK_DIVERSE_MODERATE,19,r19-t035-2c93ccbf,1789129626032281837,1789129626314916047,0.0,30,0,0.0,False,False,False,False
B5_LOCKED_TC,ATTACK_DIVERSE_MODERATE,19,r19-t036-4a8f50ec,1789129626324904798,1789129626658737037,0.0,31,0,0.0,False,False,False,False
B5_LOCKED_TC,ATTACK_DIVERSE_MODERATE,19,r19-t037-adc66b2c,1789129626669377150,1789129626970420483,0.0,31,0,0.0,False,False,False,False
B5_LOCKED_TC,ATTACK_DIVERSE_MODERATE,19,r19-t038-40d4c4e0,1789129626980923789,1789129627302296557,0.0,31,0,0.0,False,False,False,False
B5_LOCKED_TC,ATTACK_DIVERSE_MODERATE,19,r19-t039-36511917,1789129627312512122,1789129627630134112,0.0,31,0,0.0,False,False,False,False
B5_LOCKED_TC,ATTACK_DIVERSE_MODERATE,19,r19-t040-ed7701d6,1789129627640995592,1789129627954086314,0.0,31,0,0.0,False,False,False,False
B5_LOCKED_TC,ATTACK_DIVERSE_MODERATE,19,r19-t041-aab8f90e,1789129627965265211,1789129628305810617,0.0,31,0,0.0,False,False,False,False
B5_LOCKED_TC,ATTACK_DIVERSE_MODERATE,19,r19-t042-054b9541,1789129628315939971,1789129628641969940,0.0,30,0,0.0,False,False,False,False
B5_LOCKED_TC,ATTACK_DIVERSE_MODERATE,19,r19-t043-fbc2a4f5,1789129628652423850,1789129629016141721,0.0,30,0,0.0,False,False,False,False
B5_LOCKED_TC,ATTACK_DIVERSE_MODERATE,19,r19-t044-49db8f96,1789129629030142811,1789129629322022009,0.0,30,0,0.0,False,False,False,False
B5_LOCKED_TC,ATTACK_DIVERSE_MODERATE,19,r19-t045-25af6145,1789129629333603781,1789129629658168749,0.0,30,0,0.0,False,False,False,False
B5_LOCKED_TC,ATTACK_DIVERSE_MODERATE,19,r19-t046-5a8eb53b,1789129629668195459,1789129629993577822,0.0,30,0,0.0,False,False,False,False
B5_LOCKED_TC,ATTACK_DIVERSE_MODERATE,19,r19-t047-44956814,1789129630004244815,1789129630305854813,0.0,30,0,0.0,False,False,False,False
B5_LOCKED_TC,ATTACK_DIVERSE_MODERATE,19,r19-t048-f50cb3a8,1789129630315978909,1789129630669688381,0.0,30,0,0.0,False,False,False,False
B5_LOCKED_TC,ATTACK_DIVERSE_MODERATE,19,r19-t049-aeddb9fe,1789129630680175347,1789129631002534831,0.0,30,0,0.0,False,False,False,False
RFC_DROP_NATIVE,ATTACK_DIVERSE_MODERATE,20,r20-t000-a0ac7b21,1789129643751673146,1789129645774850798,0.0,22,0,0.0,False,False,False,False
RFC_DROP_NATIVE,ATTACK_DIVERSE_MODERATE,20,r20-t001-9e0a6b8f,1789129643758916891,1789129645779609647,0.0,22,0,0.0,False,False,False,False
RFC_DROP_NATIVE,ATTACK_DIVERSE_MODERATE,20,r20-t002-9b6a49c7,1789129643767134103,1789129645787406675,0.0,22,0,0.0,False,False,False,False
RFC_DROP_NATIVE,ATTACK_DIVERSE_MODERATE,20,r20-t003-58ded0b1,1789129643776969171,1789129645786961957,0.0,22,0,0.0,False,False,False,False
RFC_DROP_NATIVE,ATTACK_DIVERSE_MODERATE,20,r20-t004-88fb956d,1789129643787661661,1789129645798512097,0.0,22,0,0.0,False,False,False,False
RFC_DROP_NATIVE,ATTACK_DIVERSE_MODERATE,20,r20-t005-2d387358,1789129643797280109,1789129645806842691,0.0,22,0,0.0,False,False,False,False
RFC_DROP_NATIVE,ATTACK_DIVERSE_MODERATE,20,r20-t006-f147e2a4,1789129643807262546,1789129645816887750,0.0,22,0,0.0,False,False,False,False
RFC_DROP_NATIVE,ATTACK_DIVERSE_MODERATE,20,r20-t007-60ba80d0,1789129643817788609,1789129645826747212,0.0,22,0,0.0,False,False,False,False
RFC_DROP_NATIVE,ATTACK_DIVERSE_MODERATE,20,r20-t008-67d569e3,1789129643827829635,1789129645838836182,0.0,22,0,0.0,False,False,False,False
RFC_DROP_NATIVE,ATTACK_DIVERSE_MODERATE,20,r20-t009-8be188af,1789129643838090677,1789129645848955517,0.0,23,0,0.0,False,False,False,False
RFC_DROP_NATIVE,ATTACK_DIVERSE_MODERATE,20,r20-t010-6e880c43,1789129643847794131,1789129645858364151,0.0,23,0,0.0,False,False,False,False
RFC_DROP_NATIVE,ATTACK_DIVERSE_MODERATE,20,r20-t011-7076b4ab,1789129643857287193,1789129645866909112,0.0,23,0,0.0,False,False,False,False
RFC_DROP_NATIVE,ATTACK_DIVERSE_MODERATE,20,r20-t012-a6fa0c7c,1789129643868004118,1789129645878871531,0.0,23,0,0.0,False,False,False,False
RFC_DROP_NATIVE,ATTACK_DIVERSE_MODERATE,20,r20-t013-2049bf99,1789129643877300655,1789129645887024239,0.0,23,0,0.0,False,False,False,False
RFC_DROP_NATIVE,ATTACK_DIVERSE_MODERATE,20,r20-t014-e3aa30ef,1789129643887508958,1789129645898221801,0.0,23,0,0.0,False,False,False,False
RFC_DROP_NATIVE,ATTACK_DIVERSE_MODERATE,20,r20-t015-2b9b4dbd,1789129643897229488,1789129645907083235,0.0,23,0,0.0,False,False,False,False
RFC_DROP_NATIVE,ATTACK_DIVERSE_MODERATE,20,r20-t016-8c80d27d,1789129643908017646,1789129645918667128,0.0,23,0,0.0,False,False,False,False
RFC_DROP_NATIVE,ATTACK_DIVERSE_MODERATE,20,r20-t017-05576fc7,1789129643917285974,1789129645937065441,0.0,24,0,0.0,False,False,False,False
RFC_DROP_NATIVE,ATTACK_DIVERSE_MODERATE,20,r20-t018-95535184,1789129643927752030,1789129645939253109,0.0,24,0,0.0,False,False,False,False
RFC_DROP_NATIVE,ATTACK_DIVERSE_MODERATE,20,r20-t019-9b43401b,1789129643937600024,1789129645948915974,0.0,24,0,0.0,False,False,False,False
RFC_DROP_NATIVE,ATTACK_DIVERSE_MODERATE,20,r20-t020-96e4993d,1789129643947651898,1789129645959202948,0.0,25,0,0.0,False,False,False,False
RFC_DROP_NATIVE,ATTACK_DIVERSE_MODERATE,20,r20-t021-5a474551,1789129643957400358,1789129645966981924,0.0,25,0,0.0,False,False,False,False
RFC_DROP_NATIVE,ATTACK_DIVERSE_MODERATE,20,r20-t022-9ab399fa,1789129643967524503,1789129645978954215,0.0,25,0,0.0,False,False,False,False
RFC_DROP_NATIVE,ATTACK_DIVERSE_MODERATE,20,r20-t023-5d83d04e,1789129643977649026,1789129645986755945,0.0,25,0,0.0,False,False,False,False
RFC_DROP_NATIVE,ATTACK_DIVERSE_MODERATE,20,r20-t024-ddcd8a4e,1789129643987269550,1789129645998632898,0.0,25,0,0.0,False,False,False,False
RFC_DROP_NATIVE,ATTACK_DIVERSE_MODERATE,20,r20-t025-2517ec0b,1789129643998011478,1789129646019854742,0.0,25,0,0.0,False,False,False,False
RFC_DROP_NATIVE,ATTACK_DIVERSE_MODERATE,20,r20-t026-772e69ae,1789129644006876094,1789129646016609246,0.0,25,0,0.0,False,False,False,False
RFC_DROP_NATIVE,ATTACK_DIVERSE_MODERATE,20,r20-t027-0072c5d7,1789129644017623777,1789129646036925013,0.0,25,0,0.0,False,False,False,False
RFC_DROP_NATIVE,ATTACK_DIVERSE_MODERATE,20,r20-t028-936aa88d,1789129644027240810,1789129646076946540,0.0,25,0,0.0,False,False,False,False
RFC_DROP_NATIVE,ATTACK_DIVERSE_MODERATE,20,r20-t029-cf013bd1,1789129644059020992,1789129646079995344,0.0,25,0,0.0,False,False,False,False
RFC_DROP_NATIVE,ATTACK_DIVERSE_MODERATE,20,r20-t030-f3190b22,1789129644060546954,1789129646081297246,0.0,25,0,0.0,False,False,False,False
RFC_DROP_NATIVE,ATTACK_DIVERSE_MODERATE,20,r20-t031-737307be,1789129644062850899,1789129646074636644,0.0,25,0,0.0,False,False,False,False
RFC_DROP_NATIVE,ATTACK_DIVERSE_MODERATE,20,r20-t032-89ad237e,1789129644067768055,1789129646078027024,0.0,25,0,0.0,False,False,False,False
RFC_DROP_NATIVE,ATTACK_DIVERSE_MODERATE,20,r20-t033-1d344630,1789129644077095915,1789129646086674468,0.0,25,0,0.0,False,False,False,False
RFC_DROP_NATIVE,ATTACK_DIVERSE_MODERATE,20,r20-t034-73f27da1,1789129644087060238,1789129646097510427,0.0,25,0,0.0,False,False,False,False
RFC_DROP_NATIVE,ATTACK_DIVERSE_MODERATE,20,r20-t035-b79a5ee7,1789129644096987765,1789129646106960054,0.0,25,0,0.0,False,False,False,False
RFC_DROP_NATIVE,ATTACK_DIVERSE_MODERATE,20,r20-t036-b80283fb,1789129644107067380,1789129646118379692,0.0,25,0,0.0,False,False,False,False
RFC_DROP_NATIVE,ATTACK_DIVERSE_MODERATE,20,r20-t037-f03034c4,1789129644117212470,1789129646126886576,0.0,25,0,0.0,False,False,False,False
RFC_DROP_NATIVE,ATTACK_DIVERSE_MODERATE,20,r20-t038-f797fe4a,1789129644127250289,1789129646137913396,0.0,25,0,0.0,False,False,False,False
RFC_DROP_NATIVE,ATTACK_DIVERSE_MODERATE,20,r20-t039-6bc63740,1789129644137326032,1789129646149042887,0.0,25,0,0.0,False,False,False,False
RFC_DROP_NATIVE,ATTACK_DIVERSE_MODERATE,20,r20-t040-5e74d53c,1789129644147130062,1789129646158530122,0.0,25,0,0.0,False,False,False,False
RFC_DROP_NATIVE,ATTACK_DIVERSE_MODERATE,20,r20-t041-892896e6,1789129644157772454,1789129646169376236,0.0,25,0,0.0,False,False,False,False
RFC_DROP_NATIVE,ATTACK_DIVERSE_MODERATE,20,r20-t042-314cc1a7,1789129644167514685,1789129646178005627,0.0,25,0,0.0,False,False,False,False
RFC_DROP_NATIVE,ATTACK_DIVERSE_MODERATE,20,r20-t043-812ded35,1789129644177516556,1789129646188981583,0.0,25,0,0.0,False,False,False,False
RFC_DROP_NATIVE,ATTACK_DIVERSE_MODERATE,20,r20-t044-23e5fb76,1789129644187306056,1789129646197848753,0.0,25,0,0.0,False,False,False,False
RFC_DROP_NATIVE,ATTACK_DIVERSE_MODERATE,20,r20-t045-f68c1ceb,1789129644197298116,1789129646206726358,0.0,25,0,0.0,False,False,False,False
RFC_DROP_NATIVE,ATTACK_DIVERSE_MODERATE,20,r20-t046-8699444a,1789129644207150166,1789129646218701188,0.0,25,0,0.0,False,False,False,False
RFC_DROP_NATIVE,ATTACK_DIVERSE_MODERATE,20,r20-t047-e8870632,1789129644217773782,1789129646229234965,0.0,25,0,0.0,False,False,False,False
RFC_DROP_NATIVE,ATTACK_DIVERSE_MODERATE,20,r20-t048-8db78130,1789129644227353359,1789129646238738842,0.0,25,0,0.0,False,False,False,False
RFC_DROP_NATIVE,ATTACK_DIVERSE_MODERATE,20,r20-t049-0d670819,1789129644237389196,1789129646257957107,0.0,25,0,0.0,False,False,False,False
B5_LOCKED_TC,ATTACK_DIVERSE_HIGH,20,r20-t000-72906941,1789129678958370656,1789129679239162148,0.0,400,0,0.0,False,False,False,False
B5_LOCKED_TC,ATTACK_DIVERSE_HIGH,20,r20-t001-6c4158ab,1789129679250560794,1789129679472593792,0.0,401,0,0.0,False,False,False,False
B5_LOCKED_TC,ATTACK_DIVERSE_HIGH,20,r20-t002-d95b26a5,1789129679484186066,1789129679870456339,0.0,402,0,0.0,False,False,False,False
B5_LOCKED_TC,ATTACK_DIVERSE_HIGH,20,r20-t003-033be66f,1789129679881595380,1789129680203509064,0.0,403,0,0.0,False,False,False,False
B5_LOCKED_TC,ATTACK_DIVERSE_HIGH,20,r20-t004-dc0f3698,1789129680214545536,1789129680565704047,0.0,404,0,0.0,False,False,False,False
B5_LOCKED_TC,ATTACK_DIVERSE_HIGH,20,r20-t005-f5f414c5,1789129680576923198,1789129680916453218,0.0,405,0,0.0,False,False,False,False
B5_LOCKED_TC,ATTACK_DIVERSE_HIGH,20,r20-t006-6d0f8967,1789129680927630721,1789129681217184041,0.0,406,0,0.0,False,False,False,False
B5_LOCKED_TC,ATTACK_DIVERSE_HIGH,20,r20-t007-2ec78d60,1789129681228246811,1789129681570134891,0.0,406,0,0.0,False,False,False,False
B5_LOCKED_TC,ATTACK_DIVERSE_HIGH,20,r20-t008-950033b5,1789129681581349082,1789129681932078412,0.0,406,0,0.0,False,False,False,False
B5_LOCKED_TC,ATTACK_DIVERSE_HIGH,20,r20-t009-3e9c8acc,1789129681946200567,1789129682268402211,0.0,406,0,0.0,False,False,False,False
B5_LOCKED_TC,ATTACK_DIVERSE_HIGH,20,r20-t010-2751d446,1789129682279300834,1789129682638246268,0.0,406,0,0.0,False,False,False,False
B5_LOCKED_TC,ATTACK_DIVERSE_HIGH,20,r20-t011-824234e9,1789129682648650012,1789129682955015305,0.0,406,0,0.0,False,False,False,False
B5_LOCKED_TC,ATTACK_DIVERSE_HIGH,20,r20-t012-53a0d01d,1789129682966936249,1789129683304211434,0.0,406,0,0.0,False,False,False,False
B5_LOCKED_TC,ATTACK_DIVERSE_HIGH,20,r20-t013-26f7f382,1789129683315155913,1789129683630383139,0.0,406,0,0.0,False,False,False,False
B5_LOCKED_TC,ATTACK_DIVERSE_HIGH,20,r20-t014-f9260e49,1789129683641946869,1789129683984241107,0.0,406,0,0.0,False,False,False,False
B5_LOCKED_TC,ATTACK_DIVERSE_HIGH,20,r20-t015-624a254b,1789129684000342678,1789129684306336720,0.0,406,0,0.0,False,False,False,False
B5_LOCKED_TC,ATTACK_DIVERSE_HIGH,20,r20-t016-4a02ebac,1789129684317789458,1789129684621505081,0.0,406,0,0.0,False,False,False,False
B5_LOCKED_TC,ATTACK_DIVERSE_HIGH,20,r20-t017-ab164700,1789129684632924410,1789129684985033557,0.0,406,0,0.0,False,False,False,False
B5_LOCKED_TC,ATTACK_DIVERSE_HIGH,20,r20-t018-d850d262,1789129684995796293,1789129685351738492,0.0,406,0,0.0,False,False,False,False
B5_LOCKED_TC,ATTACK_DIVERSE_HIGH,20,r20-t019-174ea670,1789129685363448870,1789129685708255490,0.0,406,0,0.0,False,False,False,False
B5_LOCKED_TC,ATTACK_DIVERSE_HIGH,20,r20-t020-ee237da3,1789129685719335948,1789129686042751108,0.0,406,0,0.0,False,False,False,False
B5_LOCKED_TC,ATTACK_DIVERSE_HIGH,20,r20-t021-4602bacf,1789129686058082754,1789129686393858521,0.0,406,0,0.0,False,False,False,False
B5_LOCKED_TC,ATTACK_DIVERSE_HIGH,20,r20-t022-902c498b,1789129686404733747,1789129686739109295,0.0,406,0,0.0,False,False,False,False
B5_LOCKED_TC,ATTACK_DIVERSE_HIGH,20,r20-t023-18a3d025,1789129686750799176,1789129687138330496,0.0,406,0,0.0,False,False,False,False
B5_LOCKED_TC,ATTACK_DIVERSE_HIGH,20,r20-t024-c7a17e81,1789129687149994336,1789129687475517325,0.0,406,0,0.0,False,False,False,False
B5_LOCKED_TC,ATTACK_DIVERSE_HIGH,20,r20-t025-2dba087e,1789129687488058023,1789129687797556880,0.0,406,0,0.0,False,False,False,False
B5_LOCKED_TC,ATTACK_DIVERSE_HIGH,20,r20-t026-b961c32b,1789129687808764900,1789129688125710906,0.0,406,0,0.0,False,False,False,False
B5_LOCKED_TC,ATTACK_DIVERSE_HIGH,20,r20-t027-2fb9ece3,1789129688137467101,1789129688483258629,0.0,406,0,0.0,False,False,False,False
B5_LOCKED_TC,ATTACK_DIVERSE_HIGH,20,r20-t028-b5f99a58,1789129688494210232,1789129688828098058,0.0,406,0,0.0,False,False,False,False
B5_LOCKED_TC,ATTACK_DIVERSE_HIGH,20,r20-t029-da43d1ca,1789129688839970417,1789129689162240161,0.0,406,0,0.0,False,False,False,False
B5_LOCKED_TC,ATTACK_DIVERSE_HIGH,20,r20-t030-405634c6,1789129689173985381,1789129689547245946,0.0,406,0,0.0,False,False,False,False
B5_LOCKED_TC,ATTACK_DIVERSE_HIGH,20,r20-t031-d42238e1,1789129689558592172,1789129689866777696,0.0,406,0,0.0,False,False,False,False
B5_LOCKED_TC,ATTACK_DIVERSE_HIGH,20,r20-t032-2bd57884,1789129689877897732,1789129690217195604,0.0,406,0,0.0,False,False,False,False
B5_LOCKED_TC,ATTACK_DIVERSE_HIGH,20,r20-t033-bc5e4a50,1789129690228897949,1789129690566941361,0.0,406,0,0.0,False,False,False,False
B5_LOCKED_TC,ATTACK_DIVERSE_HIGH,20,r20-t034-8f91461c,1789129690578257081,1789129690882481401,0.0,406,0,0.0,False,False,False,False
B5_LOCKED_TC,ATTACK_DIVERSE_HIGH,20,r20-t035-2febff5c,1789129690893755734,1789129691252631856,0.0,406,0,0.0,False,False,False,False
B5_LOCKED_TC,ATTACK_DIVERSE_HIGH,20,r20-t036-ad1f27db,1789129691263682138,1789129691594191812,0.0,406,0,0.0,False,False,False,False
B5_LOCKED_TC,ATTACK_DIVERSE_HIGH,20,r20-t037-8e46b311,1789129691605613931,1789129691977006756,0.0,405,0,0.0,False,False,False,False
B5_LOCKED_TC,ATTACK_DIVERSE_HIGH,20,r20-t038-d5c33820,1789129691987740912,1789129692306020434,0.0,406,0,0.0,False,False,False,False
B5_LOCKED_TC,ATTACK_DIVERSE_HIGH,20,r20-t039-2abc67c6,1789129692317373914,1789129692659244509,0.0,406,0,0.0,False,False,False,False
B5_LOCKED_TC,ATTACK_DIVERSE_HIGH,20,r20-t040-d82cdc07,1789129692670155747,1789129693036989528,0.0,406,0,0.0,False,False,False,False
B5_LOCKED_TC,ATTACK_DIVERSE_HIGH,20,r20-t041-506a55fb,1789129693047825246,1789129693373095538,0.0,406,0,0.0,False,False,False,False
B5_LOCKED_TC,ATTACK_DIVERSE_HIGH,20,r20-t042-537873dc,1789129693384176326,1789129693728767709,0.0,406,0,0.0,False,False,False,False
B5_LOCKED_TC,ATTACK_DIVERSE_HIGH,20,r20-t043-c7664445,1789129693741237815,1789129694016617358,0.0,406,0,0.0,False,False,False,False
B5_LOCKED_TC,ATTACK_DIVERSE_HIGH,20,r20-t044-c5eef11e,1789129694029050542,1789129694382679471,0.0,406,0,0.0,False,False,False,False
B5_LOCKED_TC,ATTACK_DIVERSE_HIGH,20,r20-t045-2f2f7fba,1789129694393579362,1789129694740798341,0.0,406,0,0.0,False,False,False,False
B5_LOCKED_TC,ATTACK_DIVERSE_HIGH,20,r20-t046-1aef5044,1789129694753405635,1789129695102276079,0.0,406,0,0.0,False,False,False,False
B5_LOCKED_TC,ATTACK_DIVERSE_HIGH,20,r20-t047-76e07a30,1789129695114592345,1789129695446047118,0.0,406,0,0.0,False,False,False,False
B5_LOCKED_TC,ATTACK_DIVERSE_HIGH,20,r20-t048-f0156722,1789129695458350357,1789129695827439471,0.0,406,0,0.0,False,False,False,False
B5_LOCKED_TC,ATTACK_DIVERSE_HIGH,20,r20-t049-f3864e5c,1789129695841042386,1789129696203315798,0.0,406,0,0.0,False,False,False,False
B5_LOCKED_TC,ATTACK_DIVERSE_MODERATE,20,r20-t000-a0ac7b21,1789129710661785476,1789129710813873949,0.0,24,0,0.0,False,False,False,False
B5_LOCKED_TC,ATTACK_DIVERSE_MODERATE,20,r20-t001-9e0a6b8f,1789129710826683931,1789129711153731054,0.0,25,0,0.0,False,False,False,False
B5_LOCKED_TC,ATTACK_DIVERSE_MODERATE,20,r20-t002-9b6a49c7,1789129711164206663,1789129711480829564,0.0,26,0,0.0,False,False,False,False
B5_LOCKED_TC,ATTACK_DIVERSE_MODERATE,20,r20-t003-58ded0b1,1789129711491899733,1789129711812881561,0.0,27,0,0.0,False,False,False,False
B5_LOCKED_TC,ATTACK_DIVERSE_MODERATE,20,r20-t004-88fb956d,1789129711826255195,1789129712157795864,0.0,28,0,0.0,False,False,False,False
B5_LOCKED_TC,ATTACK_DIVERSE_MODERATE,20,r20-t005-2d387358,1789129712167827971,1789129712500251321,0.0,29,0,0.0,False,False,False,False
B5_LOCKED_TC,ATTACK_DIVERSE_MODERATE,20,r20-t006-f147e2a4,1789129712510412598,1789129712878321271,0.0,30,0,0.0,False,False,False,False
B5_LOCKED_TC,ATTACK_DIVERSE_MODERATE,20,r20-t007-60ba80d0,1789129712889314211,1789129713207671910,0.0,30,0,0.0,False,False,False,False
B5_LOCKED_TC,ATTACK_DIVERSE_MODERATE,20,r20-t008-67d569e3,1789129713217880423,1789129713535347056,0.0,30,0,0.0,False,False,False,False
B5_LOCKED_TC,ATTACK_DIVERSE_MODERATE,20,r20-t009-8be188af,1789129713545493639,1789129713863801056,0.0,30,0,0.0,False,False,False,False
B5_LOCKED_TC,ATTACK_DIVERSE_MODERATE,20,r20-t010-6e880c43,1789129713874699619,1789129714215600871,0.0,30,0,0.0,False,False,False,False
B5_LOCKED_TC,ATTACK_DIVERSE_MODERATE,20,r20-t011-7076b4ab,1789129714226544999,1789129714558875787,0.0,30,0,0.0,False,False,False,False
B5_LOCKED_TC,ATTACK_DIVERSE_MODERATE,20,r20-t012-a6fa0c7c,1789129714569317602,1789129714867445482,0.0,30,0,0.0,False,False,False,False
B5_LOCKED_TC,ATTACK_DIVERSE_MODERATE,20,r20-t013-2049bf99,1789129714878210703,1789129715215574938,0.0,30,0,0.0,False,False,False,False
B5_LOCKED_TC,ATTACK_DIVERSE_MODERATE,20,r20-t014-e3aa30ef,1789129715225480315,1789129715550910768,0.0,30,0,0.0,False,False,False,False
B5_LOCKED_TC,ATTACK_DIVERSE_MODERATE,20,r20-t015-2b9b4dbd,1789129715561357325,1789129715913415086,0.0,30,0,0.0,False,False,False,False
B5_LOCKED_TC,ATTACK_DIVERSE_MODERATE,20,r20-t016-8c80d27d,1789129715924129071,1789129716245240586,0.0,30,0,0.0,False,False,False,False
B5_LOCKED_TC,ATTACK_DIVERSE_MODERATE,20,r20-t017-05576fc7,1789129716255317522,1789129716576517094,0.0,30,0,0.0,False,False,False,False
B5_LOCKED_TC,ATTACK_DIVERSE_MODERATE,20,r20-t018-95535184,1789129716586862296,1789129716910313720,0.0,30,0,0.0,False,False,False,False
B5_LOCKED_TC,ATTACK_DIVERSE_MODERATE,20,r20-t019-9b43401b,1789129716920655761,1789129717228996802,0.0,30,0,0.0,False,False,False,False
B5_LOCKED_TC,ATTACK_DIVERSE_MODERATE,20,r20-t020-96e4993d,1789129717238898552,1789129717545209328,0.0,30,0,0.0,False,False,False,False
B5_LOCKED_TC,ATTACK_DIVERSE_MODERATE,20,r20-t021-5a474551,1789129717555707305,1789129717891558838,0.0,30,0,0.0,False,False,False,False
B5_LOCKED_TC,ATTACK_DIVERSE_MODERATE,20,r20-t022-9ab399fa,1789129717901610390,1789129718227760465,0.0,30,0,0.0,False,False,False,False
B5_LOCKED_TC,ATTACK_DIVERSE_MODERATE,20,r20-t023-5d83d04e,1789129718237677464,1789129718555442119,0.0,30,0,0.0,False,False,False,False
B5_LOCKED_TC,ATTACK_DIVERSE_MODERATE,20,r20-t024-ddcd8a4e,1789129718566119096,1789129718905779165,0.0,31,0,0.0,False,False,False,False
B5_LOCKED_TC,ATTACK_DIVERSE_MODERATE,20,r20-t025-2517ec0b,1789129718916843525,1789129719216407952,0.0,30,0,0.0,False,False,False,False
B5_LOCKED_TC,ATTACK_DIVERSE_MODERATE,20,r20-t026-772e69ae,1789129719227373187,1789129719539032262,0.0,30,0,0.0,False,False,False,False
B5_LOCKED_TC,ATTACK_DIVERSE_MODERATE,20,r20-t027-0072c5d7,1789129719549143789,1789129719984809991,0.0,30,0,0.0,False,False,False,False
B5_LOCKED_TC,ATTACK_DIVERSE_MODERATE,20,r20-t028-936aa88d,1789129719997202661,1789129720199880653,0.0,30,0,0.0,False,False,False,False
B5_LOCKED_TC,ATTACK_DIVERSE_MODERATE,20,r20-t029-cf013bd1,1789129720212771171,1789129720537681738,0.0,31,0,0.0,False,False,False,False
B5_LOCKED_TC,ATTACK_DIVERSE_MODERATE,20,r20-t030-f3190b22,1789129720548614800,1789129720859781791,0.0,31,0,0.0,False,False,False,False
B5_LOCKED_TC,ATTACK_DIVERSE_MODERATE,20,r20-t031-737307be,1789129720870350904,1789129721181388187,0.0,31,0,0.0,False,False,False,False
B5_LOCKED_TC,ATTACK_DIVERSE_MODERATE,20,r20-t032-89ad237e,1789129721192307759,1789129721523781281,0.0,31,0,0.0,False,False,False,False
B5_LOCKED_TC,ATTACK_DIVERSE_MODERATE,20,r20-t033-1d344630,1789129721534345409,1789129721875560886,0.0,30,0,0.0,False,False,False,False
B5_LOCKED_TC,ATTACK_DIVERSE_MODERATE,20,r20-t034-73f27da1,1789129721885524389,1789129722223205990,0.0,30,0,0.0,False,False,False,False
B5_LOCKED_TC,ATTACK_DIVERSE_MODERATE,20,r20-t035-b79a5ee7,1789129722233650739,1789129722559806093,0.0,30,0,0.0,False,False,False,False
B5_LOCKED_TC,ATTACK_DIVERSE_MODERATE,20,r20-t036-b80283fb,1789129722571558539,1789129722913734830,0.0,30,0,0.0,False,False,False,False
B5_LOCKED_TC,ATTACK_DIVERSE_MODERATE,20,r20-t037-f03034c4,1789129722924257460,1789129723232500766,0.0,30,0,0.0,False,False,False,False
B5_LOCKED_TC,ATTACK_DIVERSE_MODERATE,20,r20-t038-f797fe4a,1789129723243390191,1789129723571847277,0.0,30,0,0.0,False,False,False,False
B5_LOCKED_TC,ATTACK_DIVERSE_MODERATE,20,r20-t039-6bc63740,1789129723582499057,1789129723913992212,0.0,30,0,0.0,False,False,False,False
B5_LOCKED_TC,ATTACK_DIVERSE_MODERATE,20,r20-t040-5e74d53c,1789129723924835206,1789129724231223970,0.0,30,0,0.0,False,False,False,False
B5_LOCKED_TC,ATTACK_DIVERSE_MODERATE,20,r20-t041-892896e6,1789129724242822422,1789129724585760592,0.0,30,0,0.0,False,False,False,False
B5_LOCKED_TC,ATTACK_DIVERSE_MODERATE,20,r20-t042-314cc1a7,1789129724595944711,1789129724909813708,0.0,30,0,0.0,False,False,False,False
B5_LOCKED_TC,ATTACK_DIVERSE_MODERATE,20,r20-t043-812ded35,1789129724920029279,1789129725235834236,0.0,30,0,0.0,False,False,False,False
B5_LOCKED_TC,ATTACK_DIVERSE_MODERATE,20,r20-t044-23e5fb76,1789129725247511406,1789129725563557637,0.0,30,0,0.0,False,False,False,False
B5_LOCKED_TC,ATTACK_DIVERSE_MODERATE,20,r20-t045-f68c1ceb,1789129725574780919,1789129725906346651,0.0,30,0,0.0,False,False,False,False
B5_LOCKED_TC,ATTACK_DIVERSE_MODERATE,20,r20-t046-8699444a,1789129725918804217,1789129726211789208,0.0,30,0,0.0,False,False,False,False
B5_LOCKED_TC,ATTACK_DIVERSE_MODERATE,20,r20-t047-e8870632,1789129726222445920,1789129726566537887,0.0,31,0,0.0,False,False,False,False
B5_LOCKED_TC,ATTACK_DIVERSE_MODERATE,20,r20-t048-8db78130,1789129726580302127,1789129726908619176,0.0,30,0,0.0,False,False,False,False
B5_LOCKED_TC,ATTACK_DIVERSE_MODERATE,20,r20-t049-0d670819,1789129726919154367,1789129727235037391,0.0,30,0,0.0,False,False,False,False
B0_OFF,ATTACK_DIVERSE_HIGH,20,r20-t000-72906941,1789129740765177378,1789129740961807097,0.0,400,0,0.0,False,False,False,False
B0_OFF,ATTACK_DIVERSE_HIGH,20,r20-t001-6c4158ab,1789129740974807061,1789129741252229444,0.0,401,0,0.0,False,False,False,False
B0_OFF,ATTACK_DIVERSE_HIGH,20,r20-t002-d95b26a5,1789129741264246762,1789129741577827177,0.0,402,0,0.0,False,False,False,False
B0_OFF,ATTACK_DIVERSE_HIGH,20,r20-t003-033be66f,1789129741590905379,1789129741911976917,0.0,403,0,0.0,False,False,False,False
B0_OFF,ATTACK_DIVERSE_HIGH,20,r20-t004-dc0f3698,1789129741924690732,1789129742266589430,0.0,404,0,0.0,False,False,False,False
B0_OFF,ATTACK_DIVERSE_HIGH,20,r20-t005-f5f414c5,1789129742279397999,1789129742627298749,0.0,405,0,0.0,False,False,False,False
B0_OFF,ATTACK_DIVERSE_HIGH,20,r20-t006-6d0f8967,1789129742639224334,1789129742975670061,0.0,406,0,0.0,False,False,False,False
B0_OFF,ATTACK_DIVERSE_HIGH,20,r20-t007-2ec78d60,1789129742987410384,1789129743320554638,0.0,406,0,0.0,False,False,False,False
B0_OFF,ATTACK_DIVERSE_HIGH,20,r20-t008-950033b5,1789129743331837990,1789129743666192809,0.0,406,0,0.0,False,False,False,False
B0_OFF,ATTACK_DIVERSE_HIGH,20,r20-t009-3e9c8acc,1789129743679759221,1789129744000441173,0.0,406,0,0.0,False,False,False,False
B0_OFF,ATTACK_DIVERSE_HIGH,20,r20-t010-2751d446,1789129744012390446,1789129744328679179,0.0,406,0,0.0,False,False,False,False
B0_OFF,ATTACK_DIVERSE_HIGH,20,r20-t011-824234e9,1789129744339610885,1789129744709817957,0.0,406,0,0.0,False,False,False,False
B0_OFF,ATTACK_DIVERSE_HIGH,20,r20-t012-53a0d01d,1789129744722792628,1789129745055865439,0.0,406,0,0.0,False,False,False,False
B0_OFF,ATTACK_DIVERSE_HIGH,20,r20-t013-26f7f382,1789129745066943806,1789129745402309208,0.0,406,0,0.0,False,False,False,False
B0_OFF,ATTACK_DIVERSE_HIGH,20,r20-t014-f9260e49,1789129745414224882,1789129745721390065,0.0,406,0,0.0,False,False,False,False
B0_OFF,ATTACK_DIVERSE_HIGH,20,r20-t015-624a254b,1789129745733326785,1789129746076854230,0.0,406,0,0.0,False,False,False,False
B0_OFF,ATTACK_DIVERSE_HIGH,20,r20-t016-4a02ebac,1789129746089346733,1789129746435378454,0.0,406,0,0.0,False,False,False,False
B0_OFF,ATTACK_DIVERSE_HIGH,20,r20-t017-ab164700,1789129746446902278,1789129746772634213,0.0,406,0,0.0,False,False,False,False
B0_OFF,ATTACK_DIVERSE_HIGH,20,r20-t018-d850d262,1789129746785049423,1789129747116076815,0.0,406,0,0.0,False,False,False,False
B0_OFF,ATTACK_DIVERSE_HIGH,20,r20-t019-174ea670,1789129747127198680,1789129747455689831,0.0,406,0,0.0,False,False,False,False
B0_OFF,ATTACK_DIVERSE_HIGH,20,r20-t020-ee237da3,1789129747466532846,1789129747797238204,0.0,406,0,0.0,False,False,False,False
B0_OFF,ATTACK_DIVERSE_HIGH,20,r20-t021-4602bacf,1789129747809101175,1789129748116263881,0.0,406,0,0.0,False,False,False,False
B0_OFF,ATTACK_DIVERSE_HIGH,20,r20-t022-902c498b,1789129748129579963,1789129748448466575,0.0,406,0,0.0,False,False,False,False
B0_OFF,ATTACK_DIVERSE_HIGH,20,r20-t023-18a3d025,1789129748461256309,1789129748795844619,0.0,406,0,0.0,False,False,False,False
B0_OFF,ATTACK_DIVERSE_HIGH,20,r20-t024-c7a17e81,1789129748807998576,1789129749151575465,0.0,406,0,0.0,False,False,False,False
B0_OFF,ATTACK_DIVERSE_HIGH,20,r20-t025-2dba087e,1789129749163646168,1789129749515596286,0.0,406,0,0.0,False,False,False,False
B0_OFF,ATTACK_DIVERSE_HIGH,20,r20-t026-b961c32b,1789129749526931907,1789129749877881126,0.0,406,0,0.0,False,False,False,False
B0_OFF,ATTACK_DIVERSE_HIGH,20,r20-t027-2fb9ece3,1789129749891585858,1789129750245084835,0.0,406,0,0.0,False,False,False,False
B0_OFF,ATTACK_DIVERSE_HIGH,20,r20-t028-b5f99a58,1789129750256198682,1789129750585487223,0.0,406,0,0.0,False,False,False,False
B0_OFF,ATTACK_DIVERSE_HIGH,20,r20-t029-da43d1ca,1789129750596167555,1789129750948298776,0.0,406,0,0.0,False,False,False,False
B0_OFF,ATTACK_DIVERSE_HIGH,20,r20-t030-405634c6,1789129750959567920,1789129751307518454,0.0,406,0,0.0,False,False,False,False
B0_OFF,ATTACK_DIVERSE_HIGH,20,r20-t031-d42238e1,1789129751319341758,1789129751647301847,0.0,406,0,0.0,False,False,False,False
B0_OFF,ATTACK_DIVERSE_HIGH,20,r20-t032-2bd57884,1789129751658947057,1789129752002210070,0.0,406,0,0.0,False,False,False,False
B0_OFF,ATTACK_DIVERSE_HIGH,20,r20-t033-bc5e4a50,1789129752016320597,1789129752328293382,0.0,406,0,0.0,False,False,False,False
B0_OFF,ATTACK_DIVERSE_HIGH,20,r20-t034-8f91461c,1789129752340603914,1789129752691464040,0.0,406,0,0.0,False,False,False,False
B0_OFF,ATTACK_DIVERSE_HIGH,20,r20-t035-2febff5c,1789129752703165788,1789129753026505655,0.0,406,0,0.0,False,False,False,False
B0_OFF,ATTACK_DIVERSE_HIGH,20,r20-t036-ad1f27db,1789129753038462734,1789129753367876753,0.0,406,0,0.0,False,False,False,False
B0_OFF,ATTACK_DIVERSE_HIGH,20,r20-t037-8e46b311,1789129753379066562,1789129753707512692,0.0,406,0,0.0,False,False,False,False
B0_OFF,ATTACK_DIVERSE_HIGH,20,r20-t038-d5c33820,1789129753721665909,1789129754042224128,0.0,406,0,0.0,False,False,False,False
B0_OFF,ATTACK_DIVERSE_HIGH,20,r20-t039-2abc67c6,1789129754055168156,1789129754395609539,0.0,406,0,0.0,False,False,False,False
B0_OFF,ATTACK_DIVERSE_HIGH,20,r20-t040-d82cdc07,1789129754406361661,1789129754740447950,0.0,406,0,0.0,False,False,False,False
B0_OFF,ATTACK_DIVERSE_HIGH,20,r20-t041-506a55fb,1789129754752013314,1789129755102086549,0.0,406,0,0.0,False,False,False,False
B0_OFF,ATTACK_DIVERSE_HIGH,20,r20-t042-537873dc,1789129755121258644,1789129755455915701,0.0,406,0,0.0,False,False,False,False
B0_OFF,ATTACK_DIVERSE_HIGH,20,r20-t043-c7664445,1789129755467973112,1789129755812253808,0.0,406,0,0.0,False,False,False,False
B0_OFF,ATTACK_DIVERSE_HIGH,20,r20-t044-c5eef11e,1789129755825575315,1789129756137035186,0.0,406,0,0.0,False,False,False,False
B0_OFF,ATTACK_DIVERSE_HIGH,20,r20-t045-2f2f7fba,1789129756149286863,1789129756486193132,0.0,406,0,0.0,False,False,False,False
B0_OFF,ATTACK_DIVERSE_HIGH,20,r20-t046-1aef5044,1789129756497805900,1789129756812088137,0.0,406,0,0.0,False,False,False,False
B0_OFF,ATTACK_DIVERSE_HIGH,20,r20-t047-76e07a30,1789129756823999682,1789129757179979425,0.0,406,0,0.0,False,False,False,False
B0_OFF,ATTACK_DIVERSE_HIGH,20,r20-t048-f0156722,1789129757195160140,1789129757505494919,0.0,406,0,0.0,False,False,False,False
B0_OFF,ATTACK_DIVERSE_HIGH,20,r20-t049-f3864e5c,1789129757516326203,1789129757871677845,0.0,406,0,0.0,False,False,False,False
B0_OFF,BENIGN_DIVERSE_MODERATE,20,r20-t000-a0ac7b21,1789129772376476622,1789129772754722000,0.0,24,0,0.0,False,False,False,False
B0_OFF,BENIGN_DIVERSE_MODERATE,20,r20-t001-9e0a6b8f,1789129772766040304,1789129773115671907,0.0,25,0,0.0,False,False,False,False
B0_OFF,BENIGN_DIVERSE_MODERATE,20,r20-t002-9b6a49c7,1789129773128390322,1789129773450172304,0.0,26,0,0.0,False,False,False,False
B0_OFF,BENIGN_DIVERSE_MODERATE,20,r20-t003-58ded0b1,1789129773461009275,1789129773784156181,0.0,27,0,0.0,False,False,False,False
B0_OFF,BENIGN_DIVERSE_MODERATE,20,r20-t004-88fb956d,1789129773795189550,1789129774136656758,0.0,28,0,0.0,False,False,False,False
B0_OFF,BENIGN_DIVERSE_MODERATE,20,r20-t005-2d387358,1789129774147850238,1789129774473203444,0.0,29,0,0.0,False,False,False,False
B0_OFF,BENIGN_DIVERSE_MODERATE,20,r20-t006-f147e2a4,1789129774483261275,1789129774837087727,0.0,30,0,0.0,False,False,False,False
B0_OFF,BENIGN_DIVERSE_MODERATE,20,r20-t007-60ba80d0,1789129774846993957,1789129775181930833,0.0,30,0,0.0,False,False,False,False
B0_OFF,BENIGN_DIVERSE_MODERATE,20,r20-t008-67d569e3,1789129775192763876,1789129775538960914,0.0,30,0,0.0,False,False,False,False
B0_OFF,BENIGN_DIVERSE_MODERATE,20,r20-t009-8be188af,1789129775550822987,1789129775892000275,0.0,30,0,0.0,False,False,False,False
B0_OFF,BENIGN_DIVERSE_MODERATE,20,r20-t010-6e880c43,1789129775903587393,1789129776246066333,0.0,30,0,0.0,False,False,False,False
B0_OFF,BENIGN_DIVERSE_MODERATE,20,r20-t011-7076b4ab,1789129776256910598,1789129776597223172,0.0,30,0,0.0,False,False,False,False
B0_OFF,BENIGN_DIVERSE_MODERATE,20,r20-t012-a6fa0c7c,1789129776607429330,1789129776941155458,0.0,30,0,0.0,False,False,False,False
B0_OFF,BENIGN_DIVERSE_MODERATE,20,r20-t013-2049bf99,1789129776951778261,1789129777273282531,0.0,30,0,0.0,False,False,False,False
B0_OFF,BENIGN_DIVERSE_MODERATE,20,r20-t014-e3aa30ef,1789129777285188375,1789129777620869319,0.0,30,0,0.0,False,False,False,False
B0_OFF,BENIGN_DIVERSE_MODERATE,20,r20-t015-2b9b4dbd,1789129777632880095,1789129777968583485,0.0,30,0,0.0,False,False,False,False
B0_OFF,BENIGN_DIVERSE_MODERATE,20,r20-t016-8c80d27d,1789129777978965560,1789129778294887165,0.0,30,0,0.0,False,False,False,False
B0_OFF,BENIGN_DIVERSE_MODERATE,20,r20-t017-05576fc7,1789129778304857365,1789129778652760635,0.0,30,0,0.0,False,False,False,False
B0_OFF,BENIGN_DIVERSE_MODERATE,20,r20-t018-95535184,1789129778662839322,1789129778996847515,0.0,30,0,0.0,False,False,False,False
B0_OFF,BENIGN_DIVERSE_MODERATE,20,r20-t019-9b43401b,1789129779008138539,1789129779335223323,0.0,30,0,0.0,False,False,False,False
B0_OFF,BENIGN_DIVERSE_MODERATE,20,r20-t020-96e4993d,1789129779346458887,1789129779685093659,0.0,30,0,0.0,False,False,False,False
B0_OFF,BENIGN_DIVERSE_MODERATE,20,r20-t021-5a474551,1789129779695455159,1789129780028707500,0.0,30,0,0.0,False,False,False,False
B0_OFF,BENIGN_DIVERSE_MODERATE,20,r20-t022-9ab399fa,1789129780040342034,1789129780353416334,0.0,30,0,0.0,False,False,False,False
B0_OFF,BENIGN_DIVERSE_MODERATE,20,r20-t023-5d83d04e,1789129780363680757,1789129780698305453,0.0,30,0,0.0,False,False,False,False
B0_OFF,BENIGN_DIVERSE_MODERATE,20,r20-t024-ddcd8a4e,1789129780709175344,1789129781064222270,0.0,30,0,0.0,False,False,False,False
B0_OFF,BENIGN_DIVERSE_MODERATE,20,r20-t025-2517ec0b,1789129781074902211,1789129781412546022,0.0,30,0,0.0,False,False,False,False
B0_OFF,BENIGN_DIVERSE_MODERATE,20,r20-t026-772e69ae,1789129781423100126,1789129781749431215,0.0,30,0,0.0,False,False,False,False
B0_OFF,BENIGN_DIVERSE_MODERATE,20,r20-t027-0072c5d7,1789129781759735156,1789129782072499580,0.0,30,0,0.0,False,False,False,False
B0_OFF,BENIGN_DIVERSE_MODERATE,20,r20-t028-936aa88d,1789129782082592432,1789129782431193418,0.0,30,0,0.0,False,False,False,False
B0_OFF,BENIGN_DIVERSE_MODERATE,20,r20-t029-cf013bd1,1789129782442226450,1789129782790141140,0.0,30,0,0.0,False,False,False,False
B0_OFF,BENIGN_DIVERSE_MODERATE,20,r20-t030-f3190b22,1789129782800711152,1789129783131989216,0.0,30,0,0.0,False,False,False,False
B0_OFF,BENIGN_DIVERSE_MODERATE,20,r20-t031-737307be,1789129783142159004,1789129783457923895,0.0,30,0,0.0,False,False,False,False
B0_OFF,BENIGN_DIVERSE_MODERATE,20,r20-t032-89ad237e,1789129783469363291,1789129783801023623,0.0,30,0,0.0,False,False,False,False
B0_OFF,BENIGN_DIVERSE_MODERATE,20,r20-t033-1d344630,1789129783811608985,1789129784159080657,0.0,30,0,0.0,False,False,False,False
B0_OFF,BENIGN_DIVERSE_MODERATE,20,r20-t034-73f27da1,1789129784168974421,1789129784509007722,0.0,30,0,0.0,False,False,False,False
B0_OFF,BENIGN_DIVERSE_MODERATE,20,r20-t035-b79a5ee7,1789129784519591130,1789129784843618003,0.0,30,0,0.0,False,False,False,False
B0_OFF,BENIGN_DIVERSE_MODERATE,20,r20-t036-b80283fb,1789129784854371288,1789129785189157494,0.0,30,0,0.0,False,False,False,False
B0_OFF,BENIGN_DIVERSE_MODERATE,20,r20-t037-f03034c4,1789129785199609634,1789129785560643784,0.0,30,0,0.0,False,False,False,False
B0_OFF,BENIGN_DIVERSE_MODERATE,20,r20-t038-f797fe4a,1789129785571064666,1789129785918507684,0.0,30,0,0.0,False,False,False,False
B0_OFF,BENIGN_DIVERSE_MODERATE,20,r20-t039-6bc63740,1789129785929376607,1789129786286210550,0.0,30,0,0.0,False,False,False,False
B0_OFF,BENIGN_DIVERSE_MODERATE,20,r20-t040-5e74d53c,1789129786298530123,1789129786630368890,0.0,30,0,0.0,False,False,False,False
B0_OFF,BENIGN_DIVERSE_MODERATE,20,r20-t041-892896e6,1789129786640767350,1789129786977506855,0.0,30,0,0.0,False,False,False,False
B0_OFF,BENIGN_DIVERSE_MODERATE,20,r20-t042-314cc1a7,1789129786987810423,1789129787355091018,0.0,30,0,0.0,False,False,False,False
B0_OFF,BENIGN_DIVERSE_MODERATE,20,r20-t043-812ded35,1789129787366450313,1789129787676590306,0.0,30,0,0.0,False,False,False,False
B0_OFF,BENIGN_DIVERSE_MODERATE,20,r20-t044-23e5fb76,1789129787687025515,1789129788021146356,0.0,30,0,0.0,False,False,False,False
B0_OFF,BENIGN_DIVERSE_MODERATE,20,r20-t045-f68c1ceb,1789129788031094542,1789129788379954437,0.0,30,0,0.0,False,False,False,False
B0_OFF,BENIGN_DIVERSE_MODERATE,20,r20-t046-8699444a,1789129788391840852,1789129788733101524,0.0,30,0,0.0,False,False,False,False
B0_OFF,BENIGN_DIVERSE_MODERATE,20,r20-t047-e8870632,1789129788743549756,1789129789073209808,0.0,30,0,0.0,False,False,False,False
B0_OFF,BENIGN_DIVERSE_MODERATE,20,r20-t048-8db78130,1789129789083643533,1789129789389922511,0.0,30,0,0.0,False,False,False,False
B0_OFF,BENIGN_DIVERSE_MODERATE,20,r20-t049-0d670819,1789129789400078575,1789129789741935327,0.0,30,0,0.0,False,False,False,False
B1_RL2_TC,BENIGN_DIVERSE_HIGH,20,r20-t000-72906941,1789129804236418866,1789129805450953138,0.0,381,0,0.0,False,False,False,False
B1_RL2_TC,BENIGN_DIVERSE_HIGH,20,r20-t001-6c4158ab,1789129805462850439,1789129805864330589,0.0,403,0,0.0,False,False,False,False
B1_RL2_TC,BENIGN_DIVERSE_HIGH,20,r20-t002-d95b26a5,1789129805875737058,1789129806268813989,0.0,404,0,0.0,False,False,False,False
B1_RL2_TC,BENIGN_DIVERSE_HIGH,20,r20-t003-033be66f,1789129806280035162,1789129806665172355,0.0,405,0,0.0,False,False,False,False
B1_RL2_TC,BENIGN_DIVERSE_HIGH,20,r20-t004-dc0f3698,1789129806676446241,1789129807085470070,0.0,405,0,0.0,False,False,False,False
B1_RL2_TC,BENIGN_DIVERSE_HIGH,20,r20-t005-f5f414c5,1789129807097316634,1789129807518021921,0.0,405,0,0.0,False,False,False,False
B1_RL2_TC,BENIGN_DIVERSE_HIGH,20,r20-t006-6d0f8967,1789129807531451666,1789129807941707268,0.0,405,0,0.0,False,False,False,False
B1_RL2_TC,BENIGN_DIVERSE_HIGH,20,r20-t007-2ec78d60,1789129807953497456,1789129808336672695,0.0,405,0,0.0,False,False,False,False
B1_RL2_TC,BENIGN_DIVERSE_HIGH,20,r20-t008-950033b5,1789129808347419374,1789129808734976878,0.0,405,0,0.0,False,False,False,False
B1_RL2_TC,BENIGN_DIVERSE_HIGH,20,r20-t009-3e9c8acc,1789129808746971929,1789129809130234525,0.0,405,0,0.0,False,False,False,False
B1_RL2_TC,BENIGN_DIVERSE_HIGH,20,r20-t010-2751d446,1789129809142253544,1789129809528415866,0.0,405,0,0.0,False,False,False,False
B1_RL2_TC,BENIGN_DIVERSE_HIGH,20,r20-t011-824234e9,1789129809540194163,1789129809940474504,0.0,405,0,0.0,False,False,False,False
B1_RL2_TC,BENIGN_DIVERSE_HIGH,20,r20-t012-53a0d01d,1789129809950993662,1789129810369238443,0.0,405,0,0.0,False,False,False,False
B1_RL2_TC,BENIGN_DIVERSE_HIGH,20,r20-t013-26f7f382,1789129810380142047,1789129810781902681,0.0,405,0,0.0,False,False,False,False
B1_RL2_TC,BENIGN_DIVERSE_HIGH,20,r20-t014-f9260e49,1789129810795200782,1789129811195424009,0.0,405,0,0.0,False,False,False,False
B1_RL2_TC,BENIGN_DIVERSE_HIGH,20,r20-t015-624a254b,1789129811208014078,1789129811615075207,0.0,405,0,0.0,False,False,False,False
B1_RL2_TC,BENIGN_DIVERSE_HIGH,20,r20-t016-4a02ebac,1789129811626480668,1789129812025209277,0.0,405,0,0.0,False,False,False,False
B1_RL2_TC,BENIGN_DIVERSE_HIGH,20,r20-t017-ab164700,1789129812036742264,1789129812421422046,0.0,405,0,0.0,False,False,False,False
B1_RL2_TC,BENIGN_DIVERSE_HIGH,20,r20-t018-d850d262,1789129812434020074,1789129812815747323,0.0,405,0,0.0,False,False,False,False
B1_RL2_TC,BENIGN_DIVERSE_HIGH,20,r20-t019-174ea670,1789129812826377808,1789129813234023657,0.0,405,0,0.0,False,False,False,False
B1_RL2_TC,BENIGN_DIVERSE_HIGH,20,r20-t020-ee237da3,1789129813245046826,1789129813643217306,0.0,405,0,0.0,False,False,False,False
B1_RL2_TC,BENIGN_DIVERSE_HIGH,20,r20-t021-4602bacf,1789129813655357390,1789129814044331425,0.0,405,0,0.0,False,False,False,False
B1_RL2_TC,BENIGN_DIVERSE_HIGH,20,r20-t022-902c498b,1789129814056673187,1789129814449078673,0.0,405,0,0.0,False,False,False,False
B1_RL2_TC,BENIGN_DIVERSE_HIGH,20,r20-t023-18a3d025,1789129814460162982,1789129814857197915,0.0,405,0,0.0,False,False,False,False
B1_RL2_TC,BENIGN_DIVERSE_HIGH,20,r20-t024-c7a17e81,1789129814868665547,1789129815269027721,0.0,405,0,0.0,False,False,False,False
B1_RL2_TC,BENIGN_DIVERSE_HIGH,20,r20-t025-2dba087e,1789129815280605647,1789129815681553484,0.0,405,0,0.0,False,False,False,False
B1_RL2_TC,BENIGN_DIVERSE_HIGH,20,r20-t026-b961c32b,1789129815692448727,1789129816110725361,0.0,405,0,0.0,False,False,False,False
B1_RL2_TC,BENIGN_DIVERSE_HIGH,20,r20-t027-2fb9ece3,1789129816121749997,1789129816522188132,0.0,405,0,0.0,False,False,False,False
B1_RL2_TC,BENIGN_DIVERSE_HIGH,20,r20-t028-b5f99a58,1789129816534907977,1789129816916315643,0.0,405,0,0.0,False,False,False,False
B1_RL2_TC,BENIGN_DIVERSE_HIGH,20,r20-t029-da43d1ca,1789129816927106424,1789129817292749209,0.0,405,0,0.0,False,False,False,False
B1_RL2_TC,BENIGN_DIVERSE_HIGH,20,r20-t030-405634c6,1789129817305598261,1789129817699211369,0.0,405,0,0.0,False,False,False,False
B1_RL2_TC,BENIGN_DIVERSE_HIGH,20,r20-t031-d42238e1,1789129817710093217,1789129818087126489,0.0,405,0,0.0,False,False,False,False
B1_RL2_TC,BENIGN_DIVERSE_HIGH,20,r20-t032-2bd57884,1789129818099230537,1789129818495601803,0.0,405,0,0.0,False,False,False,False
B1_RL2_TC,BENIGN_DIVERSE_HIGH,20,r20-t033-bc5e4a50,1789129818508349556,1789129818921297588,0.0,405,0,0.0,False,False,False,False
B1_RL2_TC,BENIGN_DIVERSE_HIGH,20,r20-t034-8f91461c,1789129818932586310,1789129819324575832,0.0,405,0,0.0,False,False,False,False
B1_RL2_TC,BENIGN_DIVERSE_HIGH,20,r20-t035-2febff5c,1789129819336252450,1789129819754734753,0.0,405,0,0.0,False,False,False,False
B1_RL2_TC,BENIGN_DIVERSE_HIGH,20,r20-t036-ad1f27db,1789129819769704772,1789129820178073113,0.0,405,0,0.0,False,False,False,False
B1_RL2_TC,BENIGN_DIVERSE_HIGH,20,r20-t037-8e46b311,1789129820190145907,1789129820582999128,0.0,405,0,0.0,False,False,False,False
B1_RL2_TC,BENIGN_DIVERSE_HIGH,20,r20-t038-d5c33820,1789129820596074033,1789129821014955768,0.0,405,0,0.0,False,False,False,False
B1_RL2_TC,BENIGN_DIVERSE_HIGH,20,r20-t039-2abc67c6,1789129821025978543,1789129821416787260,0.0,405,0,0.0,False,False,False,False
B1_RL2_TC,BENIGN_DIVERSE_HIGH,20,r20-t040-d82cdc07,1789129821428573364,1789129821826718722,0.0,405,0,0.0,False,False,False,False
B1_RL2_TC,BENIGN_DIVERSE_HIGH,20,r20-t041-506a55fb,1789129821839012347,1789129822216364400,0.0,405,0,0.0,False,False,False,False
B1_RL2_TC,BENIGN_DIVERSE_HIGH,20,r20-t042-537873dc,1789129822227306898,1789129822615122021,0.0,405,0,0.0,False,False,False,False
B1_RL2_TC,BENIGN_DIVERSE_HIGH,20,r20-t043-c7664445,1789129822626866639,1789129823016928771,0.0,405,0,0.0,False,False,False,False
B1_RL2_TC,BENIGN_DIVERSE_HIGH,20,r20-t044-c5eef11e,1789129823029178585,1789129823412204261,0.0,405,0,0.0,False,False,False,False
B1_RL2_TC,BENIGN_DIVERSE_HIGH,20,r20-t045-2f2f7fba,1789129823422904879,1789129823811552300,0.0,405,0,0.0,False,False,False,False
B1_RL2_TC,BENIGN_DIVERSE_HIGH,20,r20-t046-1aef5044,1789129823823934045,1789129824220525897,0.0,405,0,0.0,False,False,False,False
B1_RL2_TC,BENIGN_DIVERSE_HIGH,20,r20-t047-76e07a30,1789129824231537893,1789129824603639002,0.0,405,0,0.0,False,False,False,False
B1_RL2_TC,BENIGN_DIVERSE_HIGH,20,r20-t048-f0156722,1789129824615516880,1789129824990533851,0.0,405,0,0.0,False,False,False,False
B1_RL2_TC,BENIGN_DIVERSE_HIGH,20,r20-t049-f3864e5c,1789129825003011045,1789129825419110074,0.0,405,0,0.0,False,False,False,False
RFC_DROP_NATIVE,BENIGN_DIVERSE_MODERATE,20,r20-t000-a0ac7b21,1789129839819164854,1789129841839263269,0.0,24,0,0.0,False,False,False,False
RFC_DROP_NATIVE,BENIGN_DIVERSE_MODERATE,20,r20-t001-9e0a6b8f,1789129839825025825,1789129841846101220,0.0,24,0,0.0,False,False,False,False
RFC_DROP_NATIVE,BENIGN_DIVERSE_MODERATE,20,r20-t002-9b6a49c7,1789129839834233183,1789129841855260452,0.0,24,0,0.0,False,False,False,False
RFC_DROP_NATIVE,BENIGN_DIVERSE_MODERATE,20,r20-t003-58ded0b1,1789129839844396040,1789129841855470936,0.0,24,0,0.0,False,False,False,False
RFC_DROP_NATIVE,BENIGN_DIVERSE_MODERATE,20,r20-t004-88fb956d,1789129839854338911,1789129841865200488,0.0,24,0,0.0,False,False,False,False
RFC_DROP_NATIVE,BENIGN_DIVERSE_MODERATE,20,r20-t005-2d387358,1789129839865234556,1789129841876024055,0.0,24,0,0.0,False,False,False,False
RFC_DROP_NATIVE,BENIGN_DIVERSE_MODERATE,20,r20-t006-f147e2a4,1789129839874590673,1789129841885646317,0.0,24,0,0.0,False,False,False,False
RFC_DROP_NATIVE,BENIGN_DIVERSE_MODERATE,20,r20-t007-60ba80d0,1789129839884578088,1789129841893608713,0.0,24,0,0.0,False,False,False,False
RFC_DROP_NATIVE,BENIGN_DIVERSE_MODERATE,20,r20-t008-67d569e3,1789129839895199144,1789129841904657745,0.0,24,0,0.0,False,False,False,False
RFC_DROP_NATIVE,BENIGN_DIVERSE_MODERATE,20,r20-t009-8be188af,1789129839904961406,1789129841913726904,0.0,24,0,0.0,False,False,False,False
RFC_DROP_NATIVE,BENIGN_DIVERSE_MODERATE,20,r20-t010-6e880c43,1789129839914495598,1789129841925517657,0.0,24,0,0.0,False,False,False,False
RFC_DROP_NATIVE,BENIGN_DIVERSE_MODERATE,20,r20-t011-7076b4ab,1789129839924448620,1789129841933624284,0.0,24,0,0.0,False,False,False,False
RFC_DROP_NATIVE,BENIGN_DIVERSE_MODERATE,20,r20-t012-a6fa0c7c,1789129839934340840,1789129841944923720,0.0,24,0,0.0,False,False,False,False
RFC_DROP_NATIVE,BENIGN_DIVERSE_MODERATE,20,r20-t013-2049bf99,1789129839944225917,1789129841953654726,0.0,24,0,0.0,False,False,False,False
RFC_DROP_NATIVE,BENIGN_DIVERSE_MODERATE,20,r20-t014-e3aa30ef,1789129839954144731,1789129841974277820,0.0,24,0,0.0,False,False,False,False
RFC_DROP_NATIVE,BENIGN_DIVERSE_MODERATE,20,r20-t015-2b9b4dbd,1789129839964339722,1789129841983739660,0.0,24,0,0.0,False,False,False,False
RFC_DROP_NATIVE,BENIGN_DIVERSE_MODERATE,20,r20-t016-8c80d27d,1789129839974029719,1789129841984373811,0.0,24,0,0.0,False,False,False,False
RFC_DROP_NATIVE,BENIGN_DIVERSE_MODERATE,20,r20-t017-05576fc7,1789129839984074176,1789129841994119833,0.0,24,0,0.0,False,False,False,False
RFC_DROP_NATIVE,BENIGN_DIVERSE_MODERATE,20,r20-t018-95535184,1789129839993941026,1789129842004075874,0.0,24,0,0.0,False,False,False,False
RFC_DROP_NATIVE,BENIGN_DIVERSE_MODERATE,20,r20-t019-9b43401b,1789129840004063005,1789129842024067421,0.0,24,0,0.0,False,False,False,False
RFC_DROP_NATIVE,BENIGN_DIVERSE_MODERATE,20,r20-t020-96e4993d,1789129840014079926,1789129842024291026,0.0,24,0,0.0,False,False,False,False
RFC_DROP_NATIVE,BENIGN_DIVERSE_MODERATE,20,r20-t021-5a474551,1789129840024193543,1789129842033942320,0.0,24,0,0.0,False,False,False,False
RFC_DROP_NATIVE,BENIGN_DIVERSE_MODERATE,20,r20-t022-9ab399fa,1789129840033974602,1789129842043962940,0.0,24,0,0.0,False,False,False,False
RFC_DROP_NATIVE,BENIGN_DIVERSE_MODERATE,20,r20-t023-5d83d04e,1789129840044074211,1789129842053650618,0.0,24,0,0.0,False,False,False,False
RFC_DROP_NATIVE,BENIGN_DIVERSE_MODERATE,20,r20-t024-ddcd8a4e,1789129840054144793,1789129842064536250,0.0,24,0,0.0,False,False,False,False
RFC_DROP_NATIVE,BENIGN_DIVERSE_MODERATE,20,r20-t025-2517ec0b,1789129840064758991,1789129842076520553,0.0,24,0,0.0,False,False,False,False
RFC_DROP_NATIVE,BENIGN_DIVERSE_MODERATE,20,r20-t026-772e69ae,1789129840074269974,1789129842094040258,0.0,24,0,0.0,False,False,False,False
RFC_DROP_NATIVE,BENIGN_DIVERSE_MODERATE,20,r20-t027-0072c5d7,1789129840084367051,1789129842093743794,0.0,24,0,0.0,False,False,False,False
RFC_DROP_NATIVE,BENIGN_DIVERSE_MODERATE,20,r20-t028-936aa88d,1789129840094154212,1789129842121545782,0.0,24,0,0.0,False,False,False,False
RFC_DROP_NATIVE,BENIGN_DIVERSE_MODERATE,20,r20-t029-cf013bd1,1789129840114198579,1789129842124220012,0.0,24,0,0.0,False,False,False,False
RFC_DROP_NATIVE,BENIGN_DIVERSE_MODERATE,20,r20-t030-f3190b22,1789129840115640562,1789129842125810277,0.0,24,0,0.0,False,False,False,False
RFC_DROP_NATIVE,BENIGN_DIVERSE_MODERATE,20,r20-t031-737307be,1789129840124058848,1789129842133661567,0.0,24,0,0.0,False,False,False,False
RFC_DROP_NATIVE,BENIGN_DIVERSE_MODERATE,20,r20-t032-89ad237e,1789129840134071356,1789129842143966181,0.0,24,0,0.0,False,False,False,False
RFC_DROP_NATIVE,BENIGN_DIVERSE_MODERATE,20,r20-t033-1d344630,1789129840143900802,1789129842164094609,0.0,24,0,0.0,False,False,False,False
RFC_DROP_NATIVE,BENIGN_DIVERSE_MODERATE,20,r20-t034-73f27da1,1789129840153975983,1789129842164447278,0.0,24,0,0.0,False,False,False,False
RFC_DROP_NATIVE,BENIGN_DIVERSE_MODERATE,20,r20-t035-b79a5ee7,1789129840164020629,1789129842173784427,0.0,24,0,0.0,False,False,False,False
RFC_DROP_NATIVE,BENIGN_DIVERSE_MODERATE,20,r20-t036-b80283fb,1789129840174124096,1789129842184109141,0.0,24,0,0.0,False,False,False,False
RFC_DROP_NATIVE,BENIGN_DIVERSE_MODERATE,20,r20-t037-f03034c4,1789129840183741454,1789129842193597408,0.0,24,0,0.0,False,False,False,False
RFC_DROP_NATIVE,BENIGN_DIVERSE_MODERATE,20,r20-t038-f797fe4a,1789129840193860427,1789129842204395944,0.0,24,0,0.0,False,False,False,False
RFC_DROP_NATIVE,BENIGN_DIVERSE_MODERATE,20,r20-t039-6bc63740,1789129840204141876,1789129842213537219,0.0,24,0,0.0,False,False,False,False
RFC_DROP_NATIVE,BENIGN_DIVERSE_MODERATE,20,r20-t040-5e74d53c,1789129840215108279,1789129842224600768,0.0,25,0,0.0,False,False,False,False
RFC_DROP_NATIVE,BENIGN_DIVERSE_MODERATE,20,r20-t041-892896e6,1789129840224728454,1789129842233688816,0.0,25,0,0.0,False,False,False,False
RFC_DROP_NATIVE,BENIGN_DIVERSE_MODERATE,20,r20-t042-314cc1a7,1789129840234611090,1789129842244702490,0.0,25,0,0.0,False,False,False,False
RFC_DROP_NATIVE,BENIGN_DIVERSE_MODERATE,20,r20-t043-812ded35,1789129840244478127,1789129842253886662,0.0,25,0,0.0,False,False,False,False
RFC_DROP_NATIVE,BENIGN_DIVERSE_MODERATE,20,r20-t044-23e5fb76,1789129840254219430,1789129842263939197,0.0,25,0,0.0,False,False,False,False
RFC_DROP_NATIVE,BENIGN_DIVERSE_MODERATE,20,r20-t045-f68c1ceb,1789129840264336432,1789129842273520144,0.0,25,0,0.0,False,False,False,False
RFC_DROP_NATIVE,BENIGN_DIVERSE_MODERATE,20,r20-t046-8699444a,1789129840274146240,1789129842283578729,0.0,25,0,0.0,False,False,False,False
RFC_DROP_NATIVE,BENIGN_DIVERSE_MODERATE,20,r20-t047-e8870632,1789129840284492810,1789129842303689011,0.0,25,0,0.0,False,False,False,False
RFC_DROP_NATIVE,BENIGN_DIVERSE_MODERATE,20,r20-t048-8db78130,1789129840294360411,1789129842314843379,0.0,25,0,0.0,False,False,False,False
RFC_DROP_NATIVE,BENIGN_DIVERSE_MODERATE,20,r20-t049-0d670819,1789129840303937640,1789129842313882800,0.0,25,0,0.0,False,False,False,False
B0_OFF,ATTACK_DIVERSE_MODERATE,20,r20-t000-a0ac7b21,1789129873839324516,1789129874013497829,0.0,24,0,0.0,False,False,False,False
B0_OFF,ATTACK_DIVERSE_MODERATE,20,r20-t001-9e0a6b8f,1789129874026202965,1789129874314462292,0.0,25,0,0.0,False,False,False,False
B0_OFF,ATTACK_DIVERSE_MODERATE,20,r20-t002-9b6a49c7,1789129874324287382,1789129874626285897,0.0,26,0,0.0,False,False,False,False
B0_OFF,ATTACK_DIVERSE_MODERATE,20,r20-t003-58ded0b1,1789129874636391663,1789129874949302228,0.0,27,0,0.0,False,False,False,False
B0_OFF,ATTACK_DIVERSE_MODERATE,20,r20-t004-88fb956d,1789129874960572104,1789129875249461822,0.0,28,0,0.0,False,False,False,False
B0_OFF,ATTACK_DIVERSE_MODERATE,20,r20-t005-2d387358,1789129875261212216,1789129875584408032,0.0,29,0,0.0,False,False,False,False
B0_OFF,ATTACK_DIVERSE_MODERATE,20,r20-t006-f147e2a4,1789129875595862263,1789129875922936240,0.0,30,0,0.0,False,False,False,False
B0_OFF,ATTACK_DIVERSE_MODERATE,20,r20-t007-60ba80d0,1789129875933059240,1789129876287113151,0.0,31,0,0.0,False,False,False,False
B0_OFF,ATTACK_DIVERSE_MODERATE,20,r20-t008-67d569e3,1789129876298513306,1789129876597517768,0.0,31,0,0.0,False,False,False,False
B0_OFF,ATTACK_DIVERSE_MODERATE,20,r20-t009-8be188af,1789129876608704911,1789129876936872495,0.0,31,0,0.0,False,False,False,False
B0_OFF,ATTACK_DIVERSE_MODERATE,20,r20-t010-6e880c43,1789129876947302660,1789129877261070082,0.0,30,0,0.0,False,False,False,False
B0_OFF,ATTACK_DIVERSE_MODERATE,20,r20-t011-7076b4ab,1789129877270886282,1789129877568785334,0.0,30,0,0.0,False,False,False,False
B0_OFF,ATTACK_DIVERSE_MODERATE,20,r20-t012-a6fa0c7c,1789129877578901928,1789129877906954862,0.0,30,0,0.0,False,False,False,False
B0_OFF,ATTACK_DIVERSE_MODERATE,20,r20-t013-2049bf99,1789129877917274221,1789129878200731478,0.0,30,0,0.0,False,False,False,False
B0_OFF,ATTACK_DIVERSE_MODERATE,20,r20-t014-e3aa30ef,1789129878211384354,1789129878547261078,0.0,31,0,0.0,False,False,False,False
B0_OFF,ATTACK_DIVERSE_MODERATE,20,r20-t015-2b9b4dbd,1789129878556969767,1789129878860998671,0.0,31,0,0.0,False,False,False,False
B0_OFF,ATTACK_DIVERSE_MODERATE,20,r20-t016-8c80d27d,1789129878871286187,1789129879202331626,0.0,31,0,0.0,False,False,False,False
B0_OFF,ATTACK_DIVERSE_MODERATE,20,r20-t017-05576fc7,1789129879214182967,1789129879549046696,0.0,31,0,0.0,False,False,False,False
B0_OFF,ATTACK_DIVERSE_MODERATE,20,r20-t018-95535184,1789129879560180403,1789129879881058465,0.0,31,0,0.0,False,False,False,False
B0_OFF,ATTACK_DIVERSE_MODERATE,20,r20-t019-9b43401b,1789129879891709053,1789129880189135233,0.0,30,0,0.0,False,False,False,False
B0_OFF,ATTACK_DIVERSE_MODERATE,20,r20-t020-96e4993d,1789129880200703108,1789129880529182889,0.0,30,0,0.0,False,False,False,False
B0_OFF,ATTACK_DIVERSE_MODERATE,20,r20-t021-5a474551,1789129880539189501,1789129880852998463,0.0,30,0,0.0,False,False,False,False
B0_OFF,ATTACK_DIVERSE_MODERATE,20,r20-t022-9ab399fa,1789129880862739634,1789129881169899482,0.0,30,0,0.0,False,False,False,False
B0_OFF,ATTACK_DIVERSE_MODERATE,20,r20-t023-5d83d04e,1789129881181133382,1789129881530507073,0.0,31,0,0.0,False,False,False,False
B0_OFF,ATTACK_DIVERSE_MODERATE,20,r20-t024-ddcd8a4e,1789129881541662558,1789129881829403382,0.0,30,0,0.0,False,False,False,False
B0_OFF,ATTACK_DIVERSE_MODERATE,20,r20-t025-2517ec0b,1789129881840205586,1789129882174498173,0.0,31,0,0.0,False,False,False,False
B0_OFF,ATTACK_DIVERSE_MODERATE,20,r20-t026-772e69ae,1789129882185241908,1789129882488885049,0.0,30,0,0.0,False,False,False,False
B0_OFF,ATTACK_DIVERSE_MODERATE,20,r20-t027-0072c5d7,1789129882500444877,1789129882846914172,0.0,31,0,0.0,False,False,False,False
B0_OFF,ATTACK_DIVERSE_MODERATE,20,r20-t028-936aa88d,1789129882856835962,1789129883148924379,0.0,30,0,0.0,False,False,False,False
B0_OFF,ATTACK_DIVERSE_MODERATE,20,r20-t029-cf013bd1,1789129883160115563,1789129883484574815,0.0,31,0,0.0,False,False,False,False
B0_OFF,ATTACK_DIVERSE_MODERATE,20,r20-t030-f3190b22,1789129883496381004,1789129883843422326,0.0,31,0,0.0,False,False,False,False
B0_OFF,ATTACK_DIVERSE_MODERATE,20,r20-t031-737307be,1789129883853740903,1789129884170166145,0.0,30,0,0.0,False,False,False,False
B0_OFF,ATTACK_DIVERSE_MODERATE,20,r20-t032-89ad237e,1789129884182450165,1789129884525496048,0.0,30,0,0.0,False,False,False,False
B0_OFF,ATTACK_DIVERSE_MODERATE,20,r20-t033-1d344630,1789129884535887021,1789129884867215840,0.0,30,0,0.0,False,False,False,False
B0_OFF,ATTACK_DIVERSE_MODERATE,20,r20-t034-73f27da1,1789129884877666142,1789129885197609231,0.0,30,0,0.0,False,False,False,False
B0_OFF,ATTACK_DIVERSE_MODERATE,20,r20-t035-b79a5ee7,1789129885209187236,1789129885500459339,0.0,30,0,0.0,False,False,False,False
B0_OFF,ATTACK_DIVERSE_MODERATE,20,r20-t036-b80283fb,1789129885513151793,1789129885859319500,0.0,30,0,0.0,False,False,False,False
B0_OFF,ATTACK_DIVERSE_MODERATE,20,r20-t037-f03034c4,1789129885869872285,1789129886185224263,0.0,30,0,0.0,False,False,False,False
B0_OFF,ATTACK_DIVERSE_MODERATE,20,r20-t038-f797fe4a,1789129886196356226,1789129886559134861,0.0,30,0,0.0,False,False,False,False
B0_OFF,ATTACK_DIVERSE_MODERATE,20,r20-t039-6bc63740,1789129886570142809,1789129886852834527,0.0,30,0,0.0,False,False,False,False
B0_OFF,ATTACK_DIVERSE_MODERATE,20,r20-t040-5e74d53c,1789129886863582315,1789129887219743752,0.0,30,0,0.0,False,False,False,False
B0_OFF,ATTACK_DIVERSE_MODERATE,20,r20-t041-892896e6,1789129887231154679,1789129887537148425,0.0,30,0,0.0,False,False,False,False
B0_OFF,ATTACK_DIVERSE_MODERATE,20,r20-t042-314cc1a7,1789129887547375800,1789129887876800572,0.0,30,0,0.0,False,False,False,False
B0_OFF,ATTACK_DIVERSE_MODERATE,20,r20-t043-812ded35,1789129887887277670,1789129888214490942,0.0,30,0,0.0,False,False,False,False
B0_OFF,ATTACK_DIVERSE_MODERATE,20,r20-t044-23e5fb76,1789129888227856971,1789129888555481685,0.0,30,0,0.0,False,False,False,False
B0_OFF,ATTACK_DIVERSE_MODERATE,20,r20-t045-f68c1ceb,1789129888565519041,1789129888877467410,0.0,30,0,0.0,False,False,False,False
B0_OFF,ATTACK_DIVERSE_MODERATE,20,r20-t046-8699444a,1789129888888115722,1789129889229164853,0.0,30,0,0.0,False,False,False,False
B0_OFF,ATTACK_DIVERSE_MODERATE,20,r20-t047-e8870632,1789129889239658405,1789129889572889578,0.0,30,0,0.0,False,False,False,False
B0_OFF,ATTACK_DIVERSE_MODERATE,20,r20-t048-8db78130,1789129889582899573,1789129889953004240,0.0,30,0,0.0,False,False,False,False
B0_OFF,ATTACK_DIVERSE_MODERATE,20,r20-t049-0d670819,1789129889963654245,1789129890309813679,0.0,30,0,0.0,False,False,False,False
RFC_DROP_NATIVE,BENIGN_DIVERSE_HIGH,20,r20-t000-72906941,1789129903873906236,1789129905887113119,0.0,400,0,0.0,False,False,False,False
RFC_DROP_NATIVE,BENIGN_DIVERSE_HIGH,20,r20-t001-6c4158ab,1789129903881555942,1789129905902400264,0.0,400,0,0.0,False,False,False,False
RFC_DROP_NATIVE,BENIGN_DIVERSE_HIGH,20,r20-t002-d95b26a5,1789129903890867732,1789129905900221015,0.0,400,0,0.0,False,False,False,False
RFC_DROP_NATIVE,BENIGN_DIVERSE_HIGH,20,r20-t003-033be66f,1789129903900943423,1789129905911062108,0.0,400,0,0.0,False,False,False,False
RFC_DROP_NATIVE,BENIGN_DIVERSE_HIGH,20,r20-t004-dc0f3698,1789129903910626116,1789129905920194955,0.0,400,0,0.0,False,False,False,False
RFC_DROP_NATIVE,BENIGN_DIVERSE_HIGH,20,r20-t005-f5f414c5,1789129903920765481,1789129905931447588,0.0,400,0,0.0,False,False,False,False
RFC_DROP_NATIVE,BENIGN_DIVERSE_HIGH,20,r20-t006-6d0f8967,1789129903930909155,1789129905940633153,0.0,400,0,0.0,False,False,False,False
RFC_DROP_NATIVE,BENIGN_DIVERSE_HIGH,20,r20-t007-2ec78d60,1789129903941142348,1789129905962400271,0.0,400,0,0.0,False,False,False,False
RFC_DROP_NATIVE,BENIGN_DIVERSE_HIGH,20,r20-t008-950033b5,1789129903951159141,1789129905960186656,0.0,400,0,0.0,False,False,False,False
RFC_DROP_NATIVE,BENIGN_DIVERSE_HIGH,20,r20-t009-3e9c8acc,1789129903961508819,1789129905971560178,0.0,400,0,0.0,False,False,False,False
RFC_DROP_NATIVE,BENIGN_DIVERSE_HIGH,20,r20-t010-2751d446,1789129903970633987,1789129905980507994,0.0,400,0,0.0,False,False,False,False
RFC_DROP_NATIVE,BENIGN_DIVERSE_HIGH,20,r20-t011-824234e9,1789129903981043876,1789129905991461922,0.0,400,0,0.0,False,False,False,False
RFC_DROP_NATIVE,BENIGN_DIVERSE_HIGH,20,r20-t012-53a0d01d,1789129903991066007,1789129906000017019,0.0,400,0,0.0,False,False,False,False
RFC_DROP_NATIVE,BENIGN_DIVERSE_HIGH,20,r20-t013-26f7f382,1789129904000815462,1789129906011606284,0.0,400,0,0.0,False,False,False,False
RFC_DROP_NATIVE,BENIGN_DIVERSE_HIGH,20,r20-t014-f9260e49,1789129904010778976,1789129906030224806,0.0,400,0,0.0,False,False,False,False
RFC_DROP_NATIVE,BENIGN_DIVERSE_HIGH,20,r20-t015-624a254b,1789129904021263774,1789129906031888950,0.0,400,0,0.0,False,False,False,False
RFC_DROP_NATIVE,BENIGN_DIVERSE_HIGH,20,r20-t016-4a02ebac,1789129904031137395,1789129906040552386,0.0,400,0,0.0,False,False,False,False
RFC_DROP_NATIVE,BENIGN_DIVERSE_HIGH,20,r20-t017-ab164700,1789129904041729223,1789129906052180511,0.0,400,0,0.0,False,False,False,False
RFC_DROP_NATIVE,BENIGN_DIVERSE_HIGH,20,r20-t018-d850d262,1789129904051105904,1789129906060030416,0.0,400,0,0.0,False,False,False,False
RFC_DROP_NATIVE,BENIGN_DIVERSE_HIGH,20,r20-t019-174ea670,1789129904060903208,1789129906071758547,0.0,400,0,0.0,False,False,False,False
RFC_DROP_NATIVE,BENIGN_DIVERSE_HIGH,20,r20-t020-ee237da3,1789129904070986298,1789129906082455531,0.0,400,0,0.0,False,False,False,False
RFC_DROP_NATIVE,BENIGN_DIVERSE_HIGH,20,r20-t021-4602bacf,1789129904081395062,1789129906092270065,0.0,400,0,0.0,False,False,False,False
RFC_DROP_NATIVE,BENIGN_DIVERSE_HIGH,20,r20-t022-902c498b,1789129904091423749,1789129906102330120,0.0,400,0,0.0,False,False,False,False
RFC_DROP_NATIVE,BENIGN_DIVERSE_HIGH,20,r20-t023-18a3d025,1789129904101644955,1789129906112129204,0.0,400,0,0.0,False,False,False,False
RFC_DROP_NATIVE,BENIGN_DIVERSE_HIGH,20,r20-t024-c7a17e81,1789129904111458085,1789129906120344580,0.0,400,0,0.0,False,False,False,False
RFC_DROP_NATIVE,BENIGN_DIVERSE_HIGH,20,r20-t025-2dba087e,1789129904120790568,1789129906141222693,0.0,400,0,0.0,False,False,False,False
RFC_DROP_NATIVE,BENIGN_DIVERSE_HIGH,20,r20-t026-b961c32b,1789129904131046421,1789129906142672686,0.0,400,0,0.0,False,False,False,False
RFC_DROP_NATIVE,BENIGN_DIVERSE_HIGH,20,r20-t027-2fb9ece3,1789129904140704672,1789129906151939434,0.0,400,0,0.0,False,False,False,False
RFC_DROP_NATIVE,BENIGN_DIVERSE_HIGH,20,r20-t028-b5f99a58,1789129904150870165,1789129906182835091,0.0,400,0,0.0,False,False,False,False
RFC_DROP_NATIVE,BENIGN_DIVERSE_HIGH,20,r20-t029-da43d1ca,1789129904172554693,1789129906184360931,0.0,400,0,0.0,False,False,False,False
RFC_DROP_NATIVE,BENIGN_DIVERSE_HIGH,20,r20-t030-405634c6,1789129904174349369,1789129906187667869,0.0,400,0,0.0,False,False,False,False
RFC_DROP_NATIVE,BENIGN_DIVERSE_HIGH,20,r20-t031-d42238e1,1789129904181119902,1789129906192534637,0.0,400,0,0.0,False,False,False,False
RFC_DROP_NATIVE,BENIGN_DIVERSE_HIGH,20,r20-t032-2bd57884,1789129904191558537,1789129906203433786,0.0,400,0,0.0,False,False,False,False
RFC_DROP_NATIVE,BENIGN_DIVERSE_HIGH,20,r20-t033-bc5e4a50,1789129904201077455,1789129906212145259,0.0,400,0,0.0,False,False,False,False
RFC_DROP_NATIVE,BENIGN_DIVERSE_HIGH,20,r20-t034-8f91461c,1789129904211436404,1789129906223136174,0.0,400,0,0.0,False,False,False,False
RFC_DROP_NATIVE,BENIGN_DIVERSE_HIGH,20,r20-t035-2febff5c,1789129904221715198,1789129906235468836,0.0,400,0,0.0,False,False,False,False
RFC_DROP_NATIVE,BENIGN_DIVERSE_HIGH,20,r20-t036-ad1f27db,1789129904231158080,1789129906244297637,0.0,400,0,0.0,False,False,False,False
RFC_DROP_NATIVE,BENIGN_DIVERSE_HIGH,20,r20-t037-8e46b311,1789129904241231151,1789129906252084992,0.0,400,0,0.0,False,False,False,False
RFC_DROP_NATIVE,BENIGN_DIVERSE_HIGH,20,r20-t038-d5c33820,1789129904251166011,1789129906261932393,0.0,400,0,0.0,False,False,False,False
RFC_DROP_NATIVE,BENIGN_DIVERSE_HIGH,20,r20-t039-2abc67c6,1789129904261332158,1789129906272551376,0.0,400,0,0.0,False,False,False,False
RFC_DROP_NATIVE,BENIGN_DIVERSE_HIGH,20,r20-t040-d82cdc07,1789129904270760341,1789129906293276578,0.0,400,0,0.0,False,False,False,False
RFC_DROP_NATIVE,BENIGN_DIVERSE_HIGH,20,r20-t041-506a55fb,1789129904281416217,1789129906292118082,0.0,401,0,0.0,False,False,False,False
RFC_DROP_NATIVE,BENIGN_DIVERSE_HIGH,20,r20-t042-537873dc,1789129904291584236,1789129906304186589,0.0,401,0,0.0,False,False,False,False
RFC_DROP_NATIVE,BENIGN_DIVERSE_HIGH,20,r20-t043-c7664445,1789129904300772703,1789129906312065240,0.0,401,0,0.0,False,False,False,False
RFC_DROP_NATIVE,BENIGN_DIVERSE_HIGH,20,r20-t044-c5eef11e,1789129904310920217,1789129906322626168,0.0,401,0,0.0,False,False,False,False
RFC_DROP_NATIVE,BENIGN_DIVERSE_HIGH,20,r20-t045-2f2f7fba,1789129904320897683,1789129906332638280,0.0,401,0,0.0,False,False,False,False
RFC_DROP_NATIVE,BENIGN_DIVERSE_HIGH,20,r20-t046-1aef5044,1789129904331224420,1789129906342528193,0.0,401,0,0.0,False,False,False,False
RFC_DROP_NATIVE,BENIGN_DIVERSE_HIGH,20,r20-t047-76e07a30,1789129904340964231,1789129906352159946,0.0,401,0,0.0,False,False,False,False
RFC_DROP_NATIVE,BENIGN_DIVERSE_HIGH,20,r20-t048-f0156722,1789129904350802456,1789129906362174586,0.0,401,0,0.0,False,False,False,False
RFC_DROP_NATIVE,BENIGN_DIVERSE_HIGH,20,r20-t049-f3864e5c,1789129904361007463,1789129906372491959,0.0,401,0,0.0,False,False,False,False
B5_LOCKED_TC,BENIGN_DIVERSE_HIGH,20,r20-t000-72906941,1789129940610415670,1789129941799896521,0.0,400,0,0.0,False,False,False,False
B5_LOCKED_TC,BENIGN_DIVERSE_HIGH,20,r20-t001-6c4158ab,1789129941810240173,1789129942205132239,0.0,403,0,0.0,False,False,False,False
B5_LOCKED_TC,BENIGN_DIVERSE_HIGH,20,r20-t002-d95b26a5,1789129942217411823,1789129942605005752,0.0,404,0,0.0,False,False,False,False
B5_LOCKED_TC,BENIGN_DIVERSE_HIGH,20,r20-t003-033be66f,1789129942616468257,1789129943006379066,0.0,405,0,0.0,False,False,False,False
B5_LOCKED_TC,BENIGN_DIVERSE_HIGH,20,r20-t004-dc0f3698,1789129943017414810,1789129943401308421,0.0,405,0,0.0,False,False,False,False
B5_LOCKED_TC,BENIGN_DIVERSE_HIGH,20,r20-t005-f5f414c5,1789129943413519327,1789129943815884011,0.0,405,0,0.0,False,False,False,False
B5_LOCKED_TC,BENIGN_DIVERSE_HIGH,20,r20-t006-6d0f8967,1789129943827656158,1789129944222317651,0.0,404,0,0.0,False,False,False,False
B5_LOCKED_TC,BENIGN_DIVERSE_HIGH,20,r20-t007-2ec78d60,1789129944233616003,1789129944618751002,0.0,405,0,0.0,False,False,False,False
B5_LOCKED_TC,BENIGN_DIVERSE_HIGH,20,r20-t008-950033b5,1789129944630119077,1789129945041171532,0.0,405,0,0.0,False,False,False,False
B5_LOCKED_TC,BENIGN_DIVERSE_HIGH,20,r20-t009-3e9c8acc,1789129945054060911,1789129945450404406,0.0,405,0,0.0,False,False,False,False
B5_LOCKED_TC,BENIGN_DIVERSE_HIGH,20,r20-t010-2751d446,1789129945462203491,1789129945875044023,0.0,405,0,0.0,False,False,False,False
B5_LOCKED_TC,BENIGN_DIVERSE_HIGH,20,r20-t011-824234e9,1789129945885891977,1789129946309065283,0.0,405,0,0.0,False,False,False,False
B5_LOCKED_TC,BENIGN_DIVERSE_HIGH,20,r20-t012-53a0d01d,1789129946320292608,1789129946719223001,0.0,405,0,0.0,False,False,False,False
B5_LOCKED_TC,BENIGN_DIVERSE_HIGH,20,r20-t013-26f7f382,1789129946730415838,1789129947114311777,0.0,405,0,0.0,False,False,False,False
B5_LOCKED_TC,BENIGN_DIVERSE_HIGH,20,r20-t014-f9260e49,1789129947125997981,1789129947519321051,0.0,405,0,0.0,False,False,False,False
B5_LOCKED_TC,BENIGN_DIVERSE_HIGH,20,r20-t015-624a254b,1789129947531943473,1789129947926910420,0.0,405,0,0.0,False,False,False,False
B5_LOCKED_TC,BENIGN_DIVERSE_HIGH,20,r20-t016-4a02ebac,1789129947938056744,1789129948330130872,0.0,405,0,0.0,False,False,False,False
B5_LOCKED_TC,BENIGN_DIVERSE_HIGH,20,r20-t017-ab164700,1789129948341386161,1789129948739973629,0.0,405,0,0.0,False,False,False,False
B5_LOCKED_TC,BENIGN_DIVERSE_HIGH,20,r20-t018-d850d262,1789129948751767308,1789129949129561901,0.0,405,0,0.0,False,False,False,False
B5_LOCKED_TC,BENIGN_DIVERSE_HIGH,20,r20-t019-174ea670,1789129949141000629,1789129949550053325,0.0,405,0,0.0,False,False,False,False
B5_LOCKED_TC,BENIGN_DIVERSE_HIGH,20,r20-t020-ee237da3,1789129949561673537,1789129949947316632,0.0,405,0,0.0,False,False,False,False
B5_LOCKED_TC,BENIGN_DIVERSE_HIGH,20,r20-t021-4602bacf,1789129949958677714,1789129950352193079,0.0,405,0,0.0,False,False,False,False
B5_LOCKED_TC,BENIGN_DIVERSE_HIGH,20,r20-t022-902c498b,1789129950365091780,1789129950761319413,0.0,405,0,0.0,False,False,False,False
B5_LOCKED_TC,BENIGN_DIVERSE_HIGH,20,r20-t023-18a3d025,1789129950774510704,1789129951167997173,0.0,405,0,0.0,False,False,False,False
B5_LOCKED_TC,BENIGN_DIVERSE_HIGH,20,r20-t024-c7a17e81,1789129951178872346,1789129952021667370,0.0,405,0,0.0,False,False,False,False
B5_LOCKED_TC,BENIGN_DIVERSE_HIGH,20,r20-t025-2dba087e,1789129952033035670,1789129952409840418,0.0,404,0,0.0,False,False,False,False
B5_LOCKED_TC,BENIGN_DIVERSE_HIGH,20,r20-t026-b961c32b,1789129952421189131,1789129952826153026,0.0,404,0,0.0,False,False,False,False
B5_LOCKED_TC,BENIGN_DIVERSE_HIGH,20,r20-t027-2fb9ece3,1789129952838152300,1789129953235498500,0.0,404,0,0.0,False,False,False,False
B5_LOCKED_TC,BENIGN_DIVERSE_HIGH,20,r20-t028-b5f99a58,1789129953246399638,1789129953655118074,0.0,404,0,0.0,False,False,False,False
B5_LOCKED_TC,BENIGN_DIVERSE_HIGH,20,r20-t029-da43d1ca,1789129953666626757,1789129954073450866,0.0,405,0,0.0,False,False,False,False
B5_LOCKED_TC,BENIGN_DIVERSE_HIGH,20,r20-t030-405634c6,1789129954084322108,1789129954472018341,0.0,405,0,0.0,False,False,False,False
B5_LOCKED_TC,BENIGN_DIVERSE_HIGH,20,r20-t031-d42238e1,1789129954484752892,1789129954870539804,0.0,405,0,0.0,False,False,False,False
B5_LOCKED_TC,BENIGN_DIVERSE_HIGH,20,r20-t032-2bd57884,1789129954884647070,1789129955283623793,0.0,405,0,0.0,False,False,False,False
B5_LOCKED_TC,BENIGN_DIVERSE_HIGH,20,r20-t033-bc5e4a50,1789129955296033438,1789129955685101075,0.0,405,0,0.0,False,False,False,False
B5_LOCKED_TC,BENIGN_DIVERSE_HIGH,20,r20-t034-8f91461c,1789129955696598511,1789129956083400717,0.0,405,0,0.0,False,False,False,False
B5_LOCKED_TC,BENIGN_DIVERSE_HIGH,20,r20-t035-2febff5c,1789129956095301216,1789129956516715592,0.0,405,0,0.0,False,False,False,False
B5_LOCKED_TC,BENIGN_DIVERSE_HIGH,20,r20-t036-ad1f27db,1789129956528503635,1789129956924040789,0.0,405,0,0.0,False,False,False,False
B5_LOCKED_TC,BENIGN_DIVERSE_HIGH,20,r20-t037-8e46b311,1789129956936286247,1789129957347740745,0.0,405,0,0.0,False,False,False,False
B5_LOCKED_TC,BENIGN_DIVERSE_HIGH,20,r20-t038-d5c33820,1789129957359269577,1789129957760174831,0.0,405,0,0.0,False,False,False,False
B5_LOCKED_TC,BENIGN_DIVERSE_HIGH,20,r20-t039-2abc67c6,1789129957771691291,1789129958150512474,0.0,405,0,0.0,False,False,False,False
B5_LOCKED_TC,BENIGN_DIVERSE_HIGH,20,r20-t040-d82cdc07,1789129958163894772,1789129958534152314,0.0,405,0,0.0,False,False,False,False
B5_LOCKED_TC,BENIGN_DIVERSE_HIGH,20,r20-t041-506a55fb,1789129958545277802,1789129958939931799,0.0,405,0,0.0,False,False,False,False
B5_LOCKED_TC,BENIGN_DIVERSE_HIGH,20,r20-t042-537873dc,1789129958950828251,1789129959347058697,0.0,405,0,0.0,False,False,False,False
B5_LOCKED_TC,BENIGN_DIVERSE_HIGH,20,r20-t043-c7664445,1789129959358519869,1789129959771080988,0.0,405,0,0.0,False,False,False,False
B5_LOCKED_TC,BENIGN_DIVERSE_HIGH,20,r20-t044-c5eef11e,1789129959783603926,1789129960185013223,0.0,405,0,0.0,False,False,False,False
B5_LOCKED_TC,BENIGN_DIVERSE_HIGH,20,r20-t045-2f2f7fba,1789129962220212660,1789129964230652975,0.0,73,0,0.0,False,False,False,False
B5_LOCKED_TC,BENIGN_DIVERSE_HIGH,20,r20-t046-1aef5044,1789129964243707610,1789129964661070065,0.0,328,0,0.0,False,False,False,False
B5_LOCKED_TC,BENIGN_DIVERSE_HIGH,20,r20-t047-76e07a30,1789129964673069674,1789129965057019292,0.0,401,0,0.0,False,False,False,False
B5_LOCKED_TC,BENIGN_DIVERSE_HIGH,20,r20-t048-f0156722,1789129965068617897,1789129965489635003,0.0,402,0,0.0,False,False,False,False
B5_LOCKED_TC,BENIGN_DIVERSE_HIGH,20,r20-t049-f3864e5c,1789129965501052424,1789129965888272988,0.0,403,0,0.0,False,False,False,False
RFC_DROP_NATIVE,ATTACK_DIVERSE_HIGH,20,r20-t000-72906941,1789129979439055532,1789129981451429003,0.0,400,0,0.0,False,False,False,False
RFC_DROP_NATIVE,ATTACK_DIVERSE_HIGH,20,r20-t001-6c4158ab,1789129979446729003,1789129981455745965,0.0,400,0,0.0,False,False,False,False
RFC_DROP_NATIVE,ATTACK_DIVERSE_HIGH,20,r20-t002-d95b26a5,1789129979456155651,1789129981476725332,0.0,399,0,0.0,False,False,False,False
RFC_DROP_NATIVE,ATTACK_DIVERSE_HIGH,20,r20-t003-033be66f,1789129979466167622,1789129981475114457,0.0,400,0,0.0,False,False,False,False
RFC_DROP_NATIVE,ATTACK_DIVERSE_HIGH,20,r20-t004-dc0f3698,1789129979475661045,1789129981486495910,0.0,400,0,0.0,False,False,False,False
RFC_DROP_NATIVE,ATTACK_DIVERSE_HIGH,20,r20-t005-f5f414c5,1789129979486143418,1789129981505383385,0.0,400,0,0.0,False,False,False,False
RFC_DROP_NATIVE,ATTACK_DIVERSE_HIGH,20,r20-t006-6d0f8967,1789129979496055554,1789129981506702296,0.0,400,0,0.0,False,False,False,False
RFC_DROP_NATIVE,ATTACK_DIVERSE_HIGH,20,r20-t007-2ec78d60,1789129979505862174,1789129981515431305,0.0,400,0,0.0,False,False,False,False
RFC_DROP_NATIVE,ATTACK_DIVERSE_HIGH,20,r20-t008-950033b5,1789129979515814263,1789129981536988825,0.0,400,0,0.0,False,False,False,False
RFC_DROP_NATIVE,ATTACK_DIVERSE_HIGH,20,r20-t009-3e9c8acc,1789129979525751358,1789129981535482909,0.0,400,0,0.0,False,False,False,False
RFC_DROP_NATIVE,ATTACK_DIVERSE_HIGH,20,r20-t010-2751d446,1789129979535912059,1789129981546631256,0.0,400,0,0.0,False,False,False,False
RFC_DROP_NATIVE,ATTACK_DIVERSE_HIGH,20,r20-t011-824234e9,1789129979545807618,1789129981555164226,0.0,400,0,0.0,False,False,False,False
RFC_DROP_NATIVE,ATTACK_DIVERSE_HIGH,20,r20-t012-53a0d01d,1789129979556413295,1789129981564252531,0.0,400,0,0.0,False,False,False,False
RFC_DROP_NATIVE,ATTACK_DIVERSE_HIGH,20,r20-t013-26f7f382,1789129979566484590,1789129981575446885,0.0,400,0,0.0,False,False,False,False
RFC_DROP_NATIVE,ATTACK_DIVERSE_HIGH,20,r20-t014-f9260e49,1789129979577283700,1789129981587093480,0.0,400,0,0.0,False,False,False,False
RFC_DROP_NATIVE,ATTACK_DIVERSE_HIGH,20,r20-t015-624a254b,1789129979586076689,1789129981595175419,0.0,400,0,0.0,False,False,False,False
RFC_DROP_NATIVE,ATTACK_DIVERSE_HIGH,20,r20-t016-4a02ebac,1789129979596302023,1789129981607267177,0.0,400,0,0.0,False,False,False,False
RFC_DROP_NATIVE,ATTACK_DIVERSE_HIGH,20,r20-t017-ab164700,1789129979606138071,1789129981616325122,0.0,401,0,0.0,False,False,False,False
RFC_DROP_NATIVE,ATTACK_DIVERSE_HIGH,20,r20-t018-d850d262,1789129979617480969,1789129981629884148,0.0,401,0,0.0,False,False,False,False
RFC_DROP_NATIVE,ATTACK_DIVERSE_HIGH,20,r20-t019-174ea670,1789129979626148325,1789129981636301197,0.0,401,0,0.0,False,False,False,False
RFC_DROP_NATIVE,ATTACK_DIVERSE_HIGH,20,r20-t020-ee237da3,1789129979636161229,1789129981649695662,0.0,401,0,0.0,False,False,False,False
RFC_DROP_NATIVE,ATTACK_DIVERSE_HIGH,20,r20-t021-4602bacf,1789129979646383767,1789129981657715761,0.0,401,0,0.0,False,False,False,False
RFC_DROP_NATIVE,ATTACK_DIVERSE_HIGH,20,r20-t022-902c498b,1789129979656363516,1789129981667156566,0.0,401,0,0.0,False,False,False,False
RFC_DROP_NATIVE,ATTACK_DIVERSE_HIGH,20,r20-t023-18a3d025,1789129979666233837,1789129981675876262,0.0,401,0,0.0,False,False,False,False
RFC_DROP_NATIVE,ATTACK_DIVERSE_HIGH,20,r20-t024-c7a17e81,1789129979676331489,1789129981687167285,0.0,401,0,0.0,False,False,False,False
RFC_DROP_NATIVE,ATTACK_DIVERSE_HIGH,20,r20-t025-2dba087e,1789129979686206559,1789129981697914707,0.0,401,0,0.0,False,False,False,False
RFC_DROP_NATIVE,ATTACK_DIVERSE_HIGH,20,r20-t026-b961c32b,1789129979696292477,1789129981707465125,0.0,401,0,0.0,False,False,False,False
RFC_DROP_NATIVE,ATTACK_DIVERSE_HIGH,20,r20-t027-2fb9ece3,1789129979705914046,1789129981715270654,0.0,401,0,0.0,False,False,False,False
RFC_DROP_NATIVE,ATTACK_DIVERSE_HIGH,20,r20-t028-b5f99a58,1789129979715947904,1789129981749887742,0.0,401,0,0.0,False,False,False,False
RFC_DROP_NATIVE,ATTACK_DIVERSE_HIGH,20,r20-t029-da43d1ca,1789129979739966672,1789129981751423740,0.0,401,0,0.0,False,False,False,False
RFC_DROP_NATIVE,ATTACK_DIVERSE_HIGH,20,r20-t030-405634c6,1789129979742335627,1789129981754143610,0.0,401,0,0.0,False,False,False,False
RFC_DROP_NATIVE,ATTACK_DIVERSE_HIGH,20,r20-t031-d42238e1,1789129979747578676,1789129981758784759,0.0,401,0,0.0,False,False,False,False
RFC_DROP_NATIVE,ATTACK_DIVERSE_HIGH,20,r20-t032-2bd57884,1789129979756769610,1789129981777606948,0.0,401,0,0.0,False,False,False,False
RFC_DROP_NATIVE,ATTACK_DIVERSE_HIGH,20,r20-t033-bc5e4a50,1789129979766050323,1789129981787446070,0.0,401,0,0.0,False,False,False,False
RFC_DROP_NATIVE,ATTACK_DIVERSE_HIGH,20,r20-t034-8f91461c,1789129979776156170,1789129981787320996,0.0,401,0,0.0,False,False,False,False
RFC_DROP_NATIVE,ATTACK_DIVERSE_HIGH,20,r20-t035-2febff5c,1789129979785905516,1789129981795139378,0.0,401,0,0.0,False,False,False,False
RFC_DROP_NATIVE,ATTACK_DIVERSE_HIGH,20,r20-t036-ad1f27db,1789129979795583708,1789129981806971301,0.0,401,0,0.0,False,False,False,False
RFC_DROP_NATIVE,ATTACK_DIVERSE_HIGH,20,r20-t037-8e46b311,1789129979805891927,1789129981827476355,0.0,401,0,0.0,False,False,False,False
RFC_DROP_NATIVE,ATTACK_DIVERSE_HIGH,20,r20-t038-d5c33820,1789129979816134118,1789129981827280969,0.0,401,0,0.0,False,False,False,False
RFC_DROP_NATIVE,ATTACK_DIVERSE_HIGH,20,r20-t039-2abc67c6,1789129979826006301,1789129981838591736,0.0,401,0,0.0,False,False,False,False
RFC_DROP_NATIVE,ATTACK_DIVERSE_HIGH,20,r20-t040-d82cdc07,1789129979835784609,1789129981845483936,0.0,401,0,0.0,False,False,False,False
RFC_DROP_NATIVE,ATTACK_DIVERSE_HIGH,20,r20-t041-506a55fb,1789129979846007428,1789129981857551015,0.0,401,0,0.0,False,False,False,False
RFC_DROP_NATIVE,ATTACK_DIVERSE_HIGH,20,r20-t042-537873dc,1789129979856057210,1789129981867294863,0.0,401,0,0.0,False,False,False,False
RFC_DROP_NATIVE,ATTACK_DIVERSE_HIGH,20,r20-t043-c7664445,1789129979866021407,1789129981887857473,0.0,401,0,0.0,False,False,False,False
RFC_DROP_NATIVE,ATTACK_DIVERSE_HIGH,20,r20-t044-c5eef11e,1789129979876004880,1789129981887563833,0.0,401,0,0.0,False,False,False,False
RFC_DROP_NATIVE,ATTACK_DIVERSE_HIGH,20,r20-t045-2f2f7fba,1789129979886192869,1789129981897715873,0.0,401,0,0.0,False,False,False,False
RFC_DROP_NATIVE,ATTACK_DIVERSE_HIGH,20,r20-t046-1aef5044,1789129979896522507,1789129981907245243,0.0,402,0,0.0,False,False,False,False
RFC_DROP_NATIVE,ATTACK_DIVERSE_HIGH,20,r20-t047-76e07a30,1789129979906167453,1789129981917653485,0.0,402,0,0.0,False,False,False,False
RFC_DROP_NATIVE,ATTACK_DIVERSE_HIGH,20,r20-t048-f0156722,1789129979916697695,1789129981927632489,0.0,402,0,0.0,False,False,False,False
RFC_DROP_NATIVE,ATTACK_DIVERSE_HIGH,20,r20-t049-f3864e5c,1789129979925733568,1789129981937257318,0.0,402,0,0.0,False,False,False,False
B5_LOCKED_TC,BENIGN_DIVERSE_MODERATE,20,r20-t000-a0ac7b21,1789130015231363649,1789130015580821779,0.0,24,0,0.0,False,False,False,False
B5_LOCKED_TC,BENIGN_DIVERSE_MODERATE,20,r20-t001-9e0a6b8f,1789130015591683168,1789130015914292159,0.0,25,0,0.0,False,False,False,False
B5_LOCKED_TC,BENIGN_DIVERSE_MODERATE,20,r20-t002-9b6a49c7,1789130015924639783,1789130016262900604,0.0,26,0,0.0,False,False,False,False
B5_LOCKED_TC,BENIGN_DIVERSE_MODERATE,20,r20-t003-58ded0b1,1789130016273781763,1789130016618391834,0.0,27,0,0.0,False,False,False,False
B5_LOCKED_TC,BENIGN_DIVERSE_MODERATE,20,r20-t004-88fb956d,1789130016629521921,1789130016958547855,0.0,28,0,0.0,False,False,False,False
B5_LOCKED_TC,BENIGN_DIVERSE_MODERATE,20,r20-t005-2d387358,1789130016969460649,1789130017303405348,0.0,29,0,0.0,False,False,False,False
B5_LOCKED_TC,BENIGN_DIVERSE_MODERATE,20,r20-t006-f147e2a4,1789130017314272291,1789130017648077274,0.0,30,0,0.0,False,False,False,False
B5_LOCKED_TC,BENIGN_DIVERSE_MODERATE,20,r20-t007-60ba80d0,1789130017658086152,1789130018005950732,0.0,30,0,0.0,False,False,False,False
B5_LOCKED_TC,BENIGN_DIVERSE_MODERATE,20,r20-t008-67d569e3,1789130018016890075,1789130018350726409,0.0,30,0,0.0,False,False,False,False
B5_LOCKED_TC,BENIGN_DIVERSE_MODERATE,20,r20-t009-8be188af,1789130018362459702,1789130018715690532,0.0,30,0,0.0,False,False,False,False
B5_LOCKED_TC,BENIGN_DIVERSE_MODERATE,20,r20-t010-6e880c43,1789130018725731609,1789130019070153760,0.0,30,0,0.0,False,False,False,False
B5_LOCKED_TC,BENIGN_DIVERSE_MODERATE,20,r20-t011-7076b4ab,1789130019081816538,1789130019406487654,0.0,30,0,0.0,False,False,False,False
B5_LOCKED_TC,BENIGN_DIVERSE_MODERATE,20,r20-t012-a6fa0c7c,1789130019416534756,1789130019774559227,0.0,30,0,0.0,False,False,False,False
B5_LOCKED_TC,BENIGN_DIVERSE_MODERATE,20,r20-t013-2049bf99,1789130019785975620,1789130020120593753,0.0,30,0,0.0,False,False,False,False
B5_LOCKED_TC,BENIGN_DIVERSE_MODERATE,20,r20-t014-e3aa30ef,1789130020130866329,1789130020467861113,0.0,30,0,0.0,False,False,False,False
B5_LOCKED_TC,BENIGN_DIVERSE_MODERATE,20,r20-t015-2b9b4dbd,1789130020480514961,1789130020816611860,0.0,30,0,0.0,False,False,False,False
B5_LOCKED_TC,BENIGN_DIVERSE_MODERATE,20,r20-t016-8c80d27d,1789130020827659217,1789130021190473086,0.0,30,0,0.0,False,False,False,False
B5_LOCKED_TC,BENIGN_DIVERSE_MODERATE,20,r20-t017-05576fc7,1789130021201989541,1789130021553488980,0.0,30,0,0.0,False,False,False,False
B5_LOCKED_TC,BENIGN_DIVERSE_MODERATE,20,r20-t018-95535184,1789130021570006347,1789130021907761469,0.0,30,0,0.0,False,False,False,False
B5_LOCKED_TC,BENIGN_DIVERSE_MODERATE,20,r20-t019-9b43401b,1789130021918398827,1789130022245945850,0.0,30,0,0.0,False,False,False,False
B5_LOCKED_TC,BENIGN_DIVERSE_MODERATE,20,r20-t020-96e4993d,1789130022257688594,1789130022580964644,0.0,30,0,0.0,False,False,False,False
B5_LOCKED_TC,BENIGN_DIVERSE_MODERATE,20,r20-t021-5a474551,1789130022591888898,1789130022902022367,0.0,30,0,0.0,False,False,False,False
B5_LOCKED_TC,BENIGN_DIVERSE_MODERATE,20,r20-t022-9ab399fa,1789130022912543136,1789130023270794415,0.0,30,0,0.0,False,False,False,False
B5_LOCKED_TC,BENIGN_DIVERSE_MODERATE,20,r20-t023-5d83d04e,1789130023281090498,1789130023594655114,0.0,30,0,0.0,False,False,False,False
B5_LOCKED_TC,BENIGN_DIVERSE_MODERATE,20,r20-t024-ddcd8a4e,1789130023604949309,1789130023930709436,0.0,30,0,0.0,False,False,False,False
B5_LOCKED_TC,BENIGN_DIVERSE_MODERATE,20,r20-t025-2517ec0b,1789130023940639606,1789130024286975756,0.0,30,0,0.0,False,False,False,False
B5_LOCKED_TC,BENIGN_DIVERSE_MODERATE,20,r20-t026-772e69ae,1789130026389317884,1789130026745438159,0.0,5,0,0.0,False,False,False,False
B5_LOCKED_TC,BENIGN_DIVERSE_MODERATE,20,r20-t027-0072c5d7,1789130026756712184,1789130027125032974,0.0,4,0,0.0,False,False,False,False
B5_LOCKED_TC,BENIGN_DIVERSE_MODERATE,20,r20-t028-936aa88d,1789130027135749254,1789130027484340266,0.0,9,0,0.0,False,False,False,False
B5_LOCKED_TC,BENIGN_DIVERSE_MODERATE,20,r20-t029-cf013bd1,1789130027497385515,1789130027824055988,0.0,13,0,0.0,False,False,False,False
B5_LOCKED_TC,BENIGN_DIVERSE_MODERATE,20,r20-t030-f3190b22,1789130027833968128,1789130028200706597,0.0,16,0,0.0,False,False,False,False
B5_LOCKED_TC,BENIGN_DIVERSE_MODERATE,20,r20-t031-737307be,1789130028211261256,1789130028540693546,0.0,21,0,0.0,False,False,False,False
B5_LOCKED_TC,BENIGN_DIVERSE_MODERATE,20,r20-t032-89ad237e,1789130028552238795,1789130028888952724,0.0,26,0,0.0,False,False,False,False
B5_LOCKED_TC,BENIGN_DIVERSE_MODERATE,20,r20-t033-1d344630,1789130028898898755,1789130029218809458,0.0,30,0,0.0,False,False,False,False
B5_LOCKED_TC,BENIGN_DIVERSE_MODERATE,20,r20-t034-73f27da1,1789130029229310306,1789130029572797693,0.0,30,0,0.0,False,False,False,False
B5_LOCKED_TC,BENIGN_DIVERSE_MODERATE,20,r20-t035-b79a5ee7,1789130029583507743,1789130029904581893,0.0,30,0,0.0,False,False,False,False
B5_LOCKED_TC,BENIGN_DIVERSE_MODERATE,20,r20-t036-b80283fb,1789130029915673241,1789130030284693428,0.0,30,0,0.0,False,False,False,False
B5_LOCKED_TC,BENIGN_DIVERSE_MODERATE,20,r20-t037-f03034c4,1789130030295416342,1789130030622202543,0.0,30,0,0.0,False,False,False,False
B5_LOCKED_TC,BENIGN_DIVERSE_MODERATE,20,r20-t038-f797fe4a,1789130030632545325,1789130030950498476,0.0,30,0,0.0,False,False,False,False
B5_LOCKED_TC,BENIGN_DIVERSE_MODERATE,20,r20-t039-6bc63740,1789130030961368957,1789130031294668497,0.0,30,0,0.0,False,False,False,False
B5_LOCKED_TC,BENIGN_DIVERSE_MODERATE,20,r20-t040-5e74d53c,1789130031304801607,1789130031637979754,0.0,30,0,0.0,False,False,False,False
B5_LOCKED_TC,BENIGN_DIVERSE_MODERATE,20,r20-t041-892896e6,1789130031648233507,1789130031979931942,0.0,30,0,0.0,False,False,False,False
B5_LOCKED_TC,BENIGN_DIVERSE_MODERATE,20,r20-t042-314cc1a7,1789130031993350381,1789130032330190891,0.0,30,0,0.0,False,False,False,False
B5_LOCKED_TC,BENIGN_DIVERSE_MODERATE,20,r20-t043-812ded35,1789130032340739405,1789130032682175435,0.0,30,0,0.0,False,False,False,False
B5_LOCKED_TC,BENIGN_DIVERSE_MODERATE,20,r20-t044-23e5fb76,1789130032695106610,1789130033038144027,0.0,30,0,0.0,False,False,False,False
B5_LOCKED_TC,BENIGN_DIVERSE_MODERATE,20,r20-t045-f68c1ceb,1789130033048606984,1789130033375436152,0.0,30,0,0.0,False,False,False,False
B5_LOCKED_TC,BENIGN_DIVERSE_MODERATE,20,r20-t046-8699444a,1789130033385877532,1789130033730596171,0.0,30,0,0.0,False,False,False,False
B5_LOCKED_TC,BENIGN_DIVERSE_MODERATE,20,r20-t047-e8870632,1789130033741523689,1789130034072013437,0.0,30,0,0.0,False,False,False,False
B5_LOCKED_TC,BENIGN_DIVERSE_MODERATE,20,r20-t048-8db78130,1789130034082416355,1789130034410605810,0.0,30,0,0.0,False,False,False,False
B5_LOCKED_TC,BENIGN_DIVERSE_MODERATE,20,r20-t049-0d670819,1789130034421121958,1789130034784149692,0.0,30,0,0.0,False,False,False,False
B1_RL2_TC,ATTACK_DIVERSE_MODERATE,20,r20-t000-a0ac7b21,1789130045962948381,1789130046182339136,0.0,24,0,0.0,False,False,False,False
B1_RL2_TC,ATTACK_DIVERSE_MODERATE,20,r20-t001-9e0a6b8f,1789130046192591879,1789130046462210043,0.0,25,0,0.0,False,False,False,False
B1_RL2_TC,ATTACK_DIVERSE_MODERATE,20,r20-t002-9b6a49c7,1789130046473333986,1789130046800979581,0.0,26,0,0.0,False,False,False,False
B1_RL2_TC,ATTACK_DIVERSE_MODERATE,20,r20-t003-58ded0b1,1789130046811318206,1789130047157069544,0.0,27,0,0.0,False,False,False,False
B1_RL2_TC,ATTACK_DIVERSE_MODERATE,20,r20-t004-88fb956d,1789130047169545577,1789130047513237234,0.0,28,0,0.0,False,False,False,False
B1_RL2_TC,ATTACK_DIVERSE_MODERATE,20,r20-t005-2d387358,1789130047523107161,1789130047842066338,0.0,29,0,0.0,False,False,False,False
B1_RL2_TC,ATTACK_DIVERSE_MODERATE,20,r20-t006-f147e2a4,1789130047852144878,1789130048179419659,0.0,30,0,0.0,False,False,False,False
B1_RL2_TC,ATTACK_DIVERSE_MODERATE,20,r20-t007-60ba80d0,1789130048191171408,1789130048520916437,0.0,30,0,0.0,False,False,False,False
B1_RL2_TC,ATTACK_DIVERSE_MODERATE,20,r20-t008-67d569e3,1789130048531234716,1789130048846707962,0.0,30,0,0.0,False,False,False,False
B1_RL2_TC,ATTACK_DIVERSE_MODERATE,20,r20-t009-8be188af,1789130048857896880,1789130049165963040,0.0,30,0,0.0,False,False,False,False
B1_RL2_TC,ATTACK_DIVERSE_MODERATE,20,r20-t010-6e880c43,1789130049176310104,1789130049457674110,0.0,30,0,0.0,False,False,False,False
B1_RL2_TC,ATTACK_DIVERSE_MODERATE,20,r20-t011-7076b4ab,1789130049470069415,1789130049803866112,0.0,30,0,0.0,False,False,False,False
B1_RL2_TC,ATTACK_DIVERSE_MODERATE,20,r20-t012-a6fa0c7c,1789130049815101815,1789130050126209961,0.0,30,0,0.0,False,False,False,False
B1_RL2_TC,ATTACK_DIVERSE_MODERATE,20,r20-t013-2049bf99,1789130050137202175,1789130050416536598,0.0,30,0,0.0,False,False,False,False
B1_RL2_TC,ATTACK_DIVERSE_MODERATE,20,r20-t014-e3aa30ef,1789130050426753805,1789130050754305267,0.0,31,0,0.0,False,False,False,False
B1_RL2_TC,ATTACK_DIVERSE_MODERATE,20,r20-t015-2b9b4dbd,1789130050765104057,1789130051099504557,0.0,31,0,0.0,False,False,False,False
B1_RL2_TC,ATTACK_DIVERSE_MODERATE,20,r20-t016-8c80d27d,1789130051112696994,1789130051423308689,0.0,30,0,0.0,False,False,False,False
B1_RL2_TC,ATTACK_DIVERSE_MODERATE,20,r20-t017-05576fc7,1789130051433950904,1789130051750116461,0.0,30,0,0.0,False,False,False,False
B1_RL2_TC,ATTACK_DIVERSE_MODERATE,20,r20-t018-95535184,1789130051760409613,1789130052083400674,0.0,30,0,0.0,False,False,False,False
B1_RL2_TC,ATTACK_DIVERSE_MODERATE,20,r20-t019-9b43401b,1789130052094225717,1789130052441164597,0.0,30,0,0.0,False,False,False,False
B1_RL2_TC,ATTACK_DIVERSE_MODERATE,20,r20-t020-96e4993d,1789130052451732085,1789130052741044257,0.0,30,0,0.0,False,False,False,False
B1_RL2_TC,ATTACK_DIVERSE_MODERATE,20,r20-t021-5a474551,1789130052751245246,1789130053066424466,0.0,30,0,0.0,False,False,False,False
B1_RL2_TC,ATTACK_DIVERSE_MODERATE,20,r20-t022-9ab399fa,1789130053076548667,1789130053377503922,0.0,30,0,0.0,False,False,False,False
B1_RL2_TC,ATTACK_DIVERSE_MODERATE,20,r20-t023-5d83d04e,1789130053388036064,1789130053719955814,0.0,30,0,0.0,False,False,False,False
B1_RL2_TC,ATTACK_DIVERSE_MODERATE,20,r20-t024-ddcd8a4e,1789130053730462925,1789130054036471358,0.0,30,0,0.0,False,False,False,False
B1_RL2_TC,ATTACK_DIVERSE_MODERATE,20,r20-t025-2517ec0b,1789130054046995525,1789130054382450768,0.0,30,0,0.0,False,False,False,False
B1_RL2_TC,ATTACK_DIVERSE_MODERATE,20,r20-t026-772e69ae,1789130054392652113,1789130054693517326,0.0,30,0,0.0,False,False,False,False
B1_RL2_TC,ATTACK_DIVERSE_MODERATE,20,r20-t027-0072c5d7,1789130054705098214,1789130055013544821,0.0,30,0,0.0,False,False,False,False
B1_RL2_TC,ATTACK_DIVERSE_MODERATE,20,r20-t028-936aa88d,1789130055023576733,1789130055336766266,0.0,30,0,0.0,False,False,False,False
B1_RL2_TC,ATTACK_DIVERSE_MODERATE,20,r20-t029-cf013bd1,1789130055346650736,1789130055652964174,0.0,30,0,0.0,False,False,False,False
B1_RL2_TC,ATTACK_DIVERSE_MODERATE,20,r20-t030-f3190b22,1789130055662942849,1789130055977223178,0.0,31,0,0.0,False,False,False,False
B1_RL2_TC,ATTACK_DIVERSE_MODERATE,20,r20-t031-737307be,1789130055987519576,1789130056291841903,0.0,31,0,0.0,False,False,False,False
B1_RL2_TC,ATTACK_DIVERSE_MODERATE,20,r20-t032-89ad237e,1789130057151329675,1789130057469462624,0.0,20,0,0.0,False,False,False,False
B1_RL2_TC,ATTACK_DIVERSE_MODERATE,20,r20-t033-1d344630,1789130058638270683,1789130058984538084,0.0,4,0,0.0,False,False,False,False
B1_RL2_TC,ATTACK_DIVERSE_MODERATE,20,r20-t034-73f27da1,1789130058994903766,1789130059321918834,0.0,8,0,0.0,False,False,False,False
B1_RL2_TC,ATTACK_DIVERSE_MODERATE,20,r20-t035-b79a5ee7,1789130059332159446,1789130059618292581,0.0,13,0,0.0,False,False,False,False
B1_RL2_TC,ATTACK_DIVERSE_MODERATE,20,r20-t036-b80283fb,1789130059629537338,1789130059963202810,0.0,13,0,0.0,False,False,False,False
B1_RL2_TC,ATTACK_DIVERSE_MODERATE,20,r20-t037-f03034c4,1789130059974049327,1789130060276724416,0.0,19,0,0.0,False,False,False,False
B1_RL2_TC,ATTACK_DIVERSE_MODERATE,20,r20-t038-f797fe4a,1789130060286915472,1789130060625146130,0.0,23,0,0.0,False,False,False,False
B1_RL2_TC,ATTACK_DIVERSE_MODERATE,20,r20-t039-6bc63740,1789130060637084010,1789130060943326936,0.0,29,0,0.0,False,False,False,False
B1_RL2_TC,ATTACK_DIVERSE_MODERATE,20,r20-t040-5e74d53c,1789130060953239629,1789130061299913860,0.0,30,0,0.0,False,False,False,False
B1_RL2_TC,ATTACK_DIVERSE_MODERATE,20,r20-t041-892896e6,1789130061310406689,1789130061636435264,0.0,30,0,0.0,False,False,False,False
B1_RL2_TC,ATTACK_DIVERSE_MODERATE,20,r20-t042-314cc1a7,1789130061646692584,1789130061983666221,0.0,30,0,0.0,False,False,False,False
B1_RL2_TC,ATTACK_DIVERSE_MODERATE,20,r20-t043-812ded35,1789130061993762319,1789130062291732900,0.0,30,0,0.0,False,False,False,False
B1_RL2_TC,ATTACK_DIVERSE_MODERATE,20,r20-t044-23e5fb76,1789130062302637467,1789130062630942027,0.0,30,0,0.0,False,False,False,False
B1_RL2_TC,ATTACK_DIVERSE_MODERATE,20,r20-t045-f68c1ceb,1789130062642215291,1789130062974222953,0.0,30,0,0.0,False,False,False,False
B1_RL2_TC,ATTACK_DIVERSE_MODERATE,20,r20-t046-8699444a,1789130062985607032,1789130063304097822,0.0,30,0,0.0,False,False,False,False
B1_RL2_TC,ATTACK_DIVERSE_MODERATE,20,r20-t047-e8870632,1789130063314166828,1789130063667797389,0.0,30,0,0.0,False,False,False,False
B1_RL2_TC,ATTACK_DIVERSE_MODERATE,20,r20-t048-8db78130,1789130063678111062,1789130063990572453,0.0,30,0,0.0,False,False,False,False
B1_RL2_TC,ATTACK_DIVERSE_MODERATE,20,r20-t049-0d670819,1789130064002026284,1789130064316939343,0.0,30,0,0.0,False,False,False,False
B0_OFF,BENIGN_DIVERSE_HIGH,20,r20-t000-72906941,1789130076247691967,1789130076637298912,0.0,400,0,0.0,False,False,False,False
B0_OFF,BENIGN_DIVERSE_HIGH,20,r20-t001-6c4158ab,1789130076648680385,1789130076992985474,0.0,401,0,0.0,False,False,False,False
B0_OFF,BENIGN_DIVERSE_HIGH,20,r20-t002-d95b26a5,1789130077004419278,1789130077344511149,0.0,402,0,0.0,False,False,False,False
B0_OFF,BENIGN_DIVERSE_HIGH,20,r20-t003-033be66f,1789130077356208005,1789130077711491096,0.0,403,0,0.0,False,False,False,False
B0_OFF,BENIGN_DIVERSE_HIGH,20,r20-t004-dc0f3698,1789130077723904668,1789130078048617224,0.0,404,0,0.0,False,False,False,False
B0_OFF,BENIGN_DIVERSE_HIGH,20,r20-t005-f5f414c5,1789130078059936309,1789130078384398662,0.0,405,0,0.0,False,False,False,False
B0_OFF,BENIGN_DIVERSE_HIGH,20,r20-t006-6d0f8967,1789130078396466867,1789130078738579447,0.0,406,0,0.0,False,False,False,False
B0_OFF,BENIGN_DIVERSE_HIGH,20,r20-t007-2ec78d60,1789130078750965921,1789130079088535839,0.0,406,0,0.0,False,False,False,False
B0_OFF,BENIGN_DIVERSE_HIGH,20,r20-t008-950033b5,1789130079099811438,1789130079428229731,0.0,405,0,0.0,False,False,False,False
B0_OFF,BENIGN_DIVERSE_HIGH,20,r20-t009-3e9c8acc,1789130079440883447,1789130079765152492,0.0,406,0,0.0,False,False,False,False
B0_OFF,BENIGN_DIVERSE_HIGH,20,r20-t010-2751d446,1789130079777812080,1789130080148193492,0.0,406,0,0.0,False,False,False,False
B0_OFF,BENIGN_DIVERSE_HIGH,20,r20-t011-824234e9,1789130080163118096,1789130080498153351,0.0,406,0,0.0,False,False,False,False
B0_OFF,BENIGN_DIVERSE_HIGH,20,r20-t012-53a0d01d,1789130080509140020,1789130080845146861,0.0,406,0,0.0,False,False,False,False
B0_OFF,BENIGN_DIVERSE_HIGH,20,r20-t013-26f7f382,1789130080858616244,1789130081198256824,0.0,406,0,0.0,False,False,False,False
B0_OFF,BENIGN_DIVERSE_HIGH,20,r20-t014-f9260e49,1789130081210676390,1789130081553844152,0.0,406,0,0.0,False,False,False,False
B0_OFF,BENIGN_DIVERSE_HIGH,20,r20-t015-624a254b,1789130081567395047,1789130081885403160,0.0,406,0,0.0,False,False,False,False
B0_OFF,BENIGN_DIVERSE_HIGH,20,r20-t016-4a02ebac,1789130081896936967,1789130082228830561,0.0,406,0,0.0,False,False,False,False
B0_OFF,BENIGN_DIVERSE_HIGH,20,r20-t017-ab164700,1789130082240342326,1789130082568292921,0.0,406,0,0.0,False,False,False,False
B0_OFF,BENIGN_DIVERSE_HIGH,20,r20-t018-d850d262,1789130082580431930,1789130082945272587,0.0,406,0,0.0,False,False,False,False
B0_OFF,BENIGN_DIVERSE_HIGH,20,r20-t019-174ea670,1789130082957545169,1789130083304484369,0.0,406,0,0.0,False,False,False,False
B0_OFF,BENIGN_DIVERSE_HIGH,20,r20-t020-ee237da3,1789130083318639432,1789130083640841179,0.0,406,0,0.0,False,False,False,False
B0_OFF,BENIGN_DIVERSE_HIGH,20,r20-t021-4602bacf,1789130083653294983,1789130083982855289,0.0,406,0,0.0,False,False,False,False
B0_OFF,BENIGN_DIVERSE_HIGH,20,r20-t022-902c498b,1789130083994739536,1789130084328776004,0.0,406,0,0.0,False,False,False,False
B0_OFF,BENIGN_DIVERSE_HIGH,20,r20-t023-18a3d025,1789130084340860795,1789130084678965204,0.0,406,0,0.0,False,False,False,False
B0_OFF,BENIGN_DIVERSE_HIGH,20,r20-t024-c7a17e81,1789130084690360188,1789130085029254960,0.0,406,0,0.0,False,False,False,False
B0_OFF,BENIGN_DIVERSE_HIGH,20,r20-t025-2dba087e,1789130085041729024,1789130085378345663,0.0,406,0,0.0,False,False,False,False
B0_OFF,BENIGN_DIVERSE_HIGH,20,r20-t026-b961c32b,1789130085390163499,1789130085724753108,0.0,406,0,0.0,False,False,False,False
B0_OFF,BENIGN_DIVERSE_HIGH,20,r20-t027-2fb9ece3,1789130085737011150,1789130086092605326,0.0,406,0,0.0,False,False,False,False
B0_OFF,BENIGN_DIVERSE_HIGH,20,r20-t028-b5f99a58,1789130086106103035,1789130086424661851,0.0,406,0,0.0,False,False,False,False
B0_OFF,BENIGN_DIVERSE_HIGH,20,r20-t029-da43d1ca,1789130086437055810,1789130086772773183,0.0,406,0,0.0,False,False,False,False
B0_OFF,BENIGN_DIVERSE_HIGH,20,r20-t030-405634c6,1789130086783983565,1789130087112980693,0.0,406,0,0.0,False,False,False,False
B0_OFF,BENIGN_DIVERSE_HIGH,20,r20-t031-d42238e1,1789130087125268845,1789130087470051665,0.0,406,0,0.0,False,False,False,False
B0_OFF,BENIGN_DIVERSE_HIGH,20,r20-t032-2bd57884,1789130087482329217,1789130087800767312,0.0,406,0,0.0,False,False,False,False
B0_OFF,BENIGN_DIVERSE_HIGH,20,r20-t033-bc5e4a50,1789130087813124783,1789130088148317247,0.0,406,0,0.0,False,False,False,False
B0_OFF,BENIGN_DIVERSE_HIGH,20,r20-t034-8f91461c,1789130089005404537,1789130089375322686,0.0,306,0,0.0,False,False,False,False
B0_OFF,BENIGN_DIVERSE_HIGH,20,r20-t035-2febff5c,1789130090554906940,1789130090890635718,0.0,49,0,0.0,False,False,False,False
B0_OFF,BENIGN_DIVERSE_HIGH,20,r20-t036-ad1f27db,1789130090902223901,1789130091237836214,0.0,76,0,0.0,False,False,False,False
B0_OFF,BENIGN_DIVERSE_HIGH,20,r20-t037-8e46b311,1789130091250452826,1789130091594855525,0.0,147,0,0.0,False,False,False,False
B0_OFF,BENIGN_DIVERSE_HIGH,20,r20-t038-d5c33820,1789130091606313789,1789130091962153303,0.0,170,0,0.0,False,False,False,False
B0_OFF,BENIGN_DIVERSE_HIGH,20,r20-t039-2abc67c6,1789130091973900943,1789130092306234359,0.0,245,0,0.0,False,False,False,False
B0_OFF,BENIGN_DIVERSE_HIGH,20,r20-t040-d82cdc07,1789130092319544681,1789130092675469522,0.0,315,0,0.0,False,False,False,False
B0_OFF,BENIGN_DIVERSE_HIGH,20,r20-t041-506a55fb,1789130092690008937,1789130093031964646,0.0,390,0,0.0,False,False,False,False
B0_OFF,BENIGN_DIVERSE_HIGH,20,r20-t042-537873dc,1789130093044315027,1789130093388605212,0.0,406,0,0.0,False,False,False,False
B0_OFF,BENIGN_DIVERSE_HIGH,20,r20-t043-c7664445,1789130093400139112,1789130093747309691,0.0,406,0,0.0,False,False,False,False
B0_OFF,BENIGN_DIVERSE_HIGH,20,r20-t044-c5eef11e,1789130093758895333,1789130094081577011,0.0,406,0,0.0,False,False,False,False
B0_OFF,BENIGN_DIVERSE_HIGH,20,r20-t045-2f2f7fba,1789130094093119755,1789130094453224639,0.0,406,0,0.0,False,False,False,False
B0_OFF,BENIGN_DIVERSE_HIGH,20,r20-t046-1aef5044,1789130094465704748,1789130094798545888,0.0,406,0,0.0,False,False,False,False
B0_OFF,BENIGN_DIVERSE_HIGH,20,r20-t047-76e07a30,1789130094811264008,1789130095131517981,0.0,406,0,0.0,False,False,False,False
B0_OFF,BENIGN_DIVERSE_HIGH,20,r20-t048-f0156722,1789130095143007101,1789130095457857865,0.0,406,0,0.0,False,False,False,False
B0_OFF,BENIGN_DIVERSE_HIGH,20,r20-t049-f3864e5c,1789130095470659241,1789130095825297509,0.0,406,0,0.0,False,False,False,False
B1_RL2_TC,ATTACK_DIVERSE_HIGH,20,r20-t000-72906941,1789130109177062992,1789130109445886975,0.0,400,0,0.0,False,False,False,False
B1_RL2_TC,ATTACK_DIVERSE_HIGH,20,r20-t001-6c4158ab,1789130109457594119,1789130109711392643,0.0,401,0,0.0,False,False,False,False
B1_RL2_TC,ATTACK_DIVERSE_HIGH,20,r20-t002-d95b26a5,1789130109723457021,1789130110078961787,0.0,402,0,0.0,False,False,False,False
B1_RL2_TC,ATTACK_DIVERSE_HIGH,20,r20-t003-033be66f,1789130110091103557,1789130110450305203,0.0,403,0,0.0,False,False,False,False
B1_RL2_TC,ATTACK_DIVERSE_HIGH,20,r20-t004-dc0f3698,1789130110461834938,1789130110801106195,0.0,404,0,0.0,False,False,False,False
B1_RL2_TC,ATTACK_DIVERSE_HIGH,20,r20-t005-f5f414c5,1789130110812835689,1789130111147023957,0.0,405,0,0.0,False,False,False,False
B1_RL2_TC,ATTACK_DIVERSE_HIGH,20,r20-t006-6d0f8967,1789130111158651848,1789130111499024802,0.0,406,0,0.0,False,False,False,False
B1_RL2_TC,ATTACK_DIVERSE_HIGH,20,r20-t007-2ec78d60,1789130111510741166,1789130111862920258,0.0,406,0,0.0,False,False,False,False
B1_RL2_TC,ATTACK_DIVERSE_HIGH,20,r20-t008-950033b5,1789130111874340289,1789130112182539670,0.0,406,0,0.0,False,False,False,False
B1_RL2_TC,ATTACK_DIVERSE_HIGH,20,r20-t009-3e9c8acc,1789130112195986061,1789130112539521343,0.0,406,0,0.0,False,False,False,False
B1_RL2_TC,ATTACK_DIVERSE_HIGH,20,r20-t010-2751d446,1789130112551050799,1789130112880619947,0.0,406,0,0.0,False,False,False,False
B1_RL2_TC,ATTACK_DIVERSE_HIGH,20,r20-t011-824234e9,1789130112892420777,1789130113219188186,0.0,406,0,0.0,False,False,False,False
B1_RL2_TC,ATTACK_DIVERSE_HIGH,20,r20-t012-53a0d01d,1789130113233277343,1789130113574277604,0.0,406,0,0.0,False,False,False,False
B1_RL2_TC,ATTACK_DIVERSE_HIGH,20,r20-t013-26f7f382,1789130113587076480,1789130113927156548,0.0,406,0,0.0,False,False,False,False
B1_RL2_TC,ATTACK_DIVERSE_HIGH,20,r20-t014-f9260e49,1789130113938018287,1789130114259289500,0.0,406,0,0.0,False,False,False,False
B1_RL2_TC,ATTACK_DIVERSE_HIGH,20,r20-t015-624a254b,1789130114271553637,1789130114610942908,0.0,406,0,0.0,False,False,False,False
B1_RL2_TC,ATTACK_DIVERSE_HIGH,20,r20-t016-4a02ebac,1789130114622104580,1789130114957513320,0.0,406,0,0.0,False,False,False,False
B1_RL2_TC,ATTACK_DIVERSE_HIGH,20,r20-t017-ab164700,1789130114968777267,1789130115309870343,0.0,405,0,0.0,False,False,False,False
B1_RL2_TC,ATTACK_DIVERSE_HIGH,20,r20-t018-d850d262,1789130115322226126,1789130115645010640,0.0,406,0,0.0,False,False,False,False
B1_RL2_TC,ATTACK_DIVERSE_HIGH,20,r20-t019-174ea670,1789130115656392484,1789130116016789418,0.0,406,0,0.0,False,False,False,False
B1_RL2_TC,ATTACK_DIVERSE_HIGH,20,r20-t020-ee237da3,1789130116027941492,1789130116342841629,0.0,406,0,0.0,False,False,False,False
B1_RL2_TC,ATTACK_DIVERSE_HIGH,20,r20-t021-4602bacf,1789130116354272212,1789130116695996452,0.0,406,0,0.0,False,False,False,False
B1_RL2_TC,ATTACK_DIVERSE_HIGH,20,r20-t022-902c498b,1789130116707548601,1789130117037591315,0.0,406,0,0.0,False,False,False,False
B1_RL2_TC,ATTACK_DIVERSE_HIGH,20,r20-t023-18a3d025,1789130117050034886,1789130117402823130,0.0,406,0,0.0,False,False,False,False
B1_RL2_TC,ATTACK_DIVERSE_HIGH,20,r20-t024-c7a17e81,1789130117416030062,1789130117726693551,0.0,406,0,0.0,False,False,False,False
B1_RL2_TC,ATTACK_DIVERSE_HIGH,20,r20-t025-2dba087e,1789130117738301214,1789130118076008698,0.0,406,0,0.0,False,False,False,False
B1_RL2_TC,ATTACK_DIVERSE_HIGH,20,r20-t026-b961c32b,1789130118088111469,1789130118425963383,0.0,406,0,0.0,False,False,False,False
B1_RL2_TC,ATTACK_DIVERSE_HIGH,20,r20-t027-2fb9ece3,1789130118436984481,1789130118768150364,0.0,406,0,0.0,False,False,False,False
B1_RL2_TC,ATTACK_DIVERSE_HIGH,20,r20-t028-b5f99a58,1789130118781295103,1789130119155742498,0.0,406,0,0.0,False,False,False,False
B1_RL2_TC,ATTACK_DIVERSE_HIGH,20,r20-t029-da43d1ca,1789130119167063840,1789130119464647985,0.0,406,0,0.0,False,False,False,False
B1_RL2_TC,ATTACK_DIVERSE_HIGH,20,r20-t030-405634c6,1789130119475768350,1789130119828449612,0.0,406,0,0.0,False,False,False,False
B1_RL2_TC,ATTACK_DIVERSE_HIGH,20,r20-t031-d42238e1,1789130119841025004,1789130120139384931,0.0,406,0,0.0,False,False,False,False
B1_RL2_TC,ATTACK_DIVERSE_HIGH,20,r20-t032-2bd57884,1789130120151524115,1789130120510653075,0.0,406,0,0.0,False,False,False,False
B1_RL2_TC,ATTACK_DIVERSE_HIGH,20,r20-t033-bc5e4a50,1789130122578581069,1789130124586713765,0.0,51,0,0.0,False,False,False,False
B1_RL2_TC,ATTACK_DIVERSE_HIGH,20,r20-t034-8f91461c,1789130124598247226,1789130124745859257,0.0,352,0,0.0,False,False,False,False
B1_RL2_TC,ATTACK_DIVERSE_HIGH,20,r20-t035-2febff5c,1789130124756983833,1789130125115805800,0.0,385,0,0.0,False,False,False,False
B1_RL2_TC,ATTACK_DIVERSE_HIGH,20,r20-t036-ad1f27db,1789130125127212482,1789130125462120930,0.0,402,0,0.0,False,False,False,False
B1_RL2_TC,ATTACK_DIVERSE_HIGH,20,r20-t037-8e46b311,1789130125473573064,1789130125808820057,0.0,402,0,0.0,False,False,False,False
B1_RL2_TC,ATTACK_DIVERSE_HIGH,20,r20-t038-d5c33820,1789130125820683892,1789130126146213832,0.0,404,0,0.0,False,False,False,False
B1_RL2_TC,ATTACK_DIVERSE_HIGH,20,r20-t039-2abc67c6,1789130126157383204,1789130126484374101,0.0,405,0,0.0,False,False,False,False
B1_RL2_TC,ATTACK_DIVERSE_HIGH,20,r20-t040-d82cdc07,1789130126497848210,1789130126801206566,0.0,406,0,0.0,False,False,False,False
B1_RL2_TC,ATTACK_DIVERSE_HIGH,20,r20-t041-506a55fb,1789130126812507881,1789130127162068164,0.0,406,0,0.0,False,False,False,False
B1_RL2_TC,ATTACK_DIVERSE_HIGH,20,r20-t042-537873dc,1789130127174594066,1789130127513195054,0.0,406,0,0.0,False,False,False,False
B1_RL2_TC,ATTACK_DIVERSE_HIGH,20,r20-t043-c7664445,1789130127524336628,1789130127881140375,0.0,406,0,0.0,False,False,False,False
B1_RL2_TC,ATTACK_DIVERSE_HIGH,20,r20-t044-c5eef11e,1789130127892224384,1789130128275463979,0.0,406,0,0.0,False,False,False,False
B1_RL2_TC,ATTACK_DIVERSE_HIGH,20,r20-t045-2f2f7fba,1789130128288952926,1789130128604796708,0.0,406,0,0.0,False,False,False,False
B1_RL2_TC,ATTACK_DIVERSE_HIGH,20,r20-t046-1aef5044,1789130128616546069,1789130128887823648,0.0,406,0,0.0,False,False,False,False
B1_RL2_TC,ATTACK_DIVERSE_HIGH,20,r20-t047-76e07a30,1789130128900133461,1789130129260817287,0.0,406,0,0.0,False,False,False,False
B1_RL2_TC,ATTACK_DIVERSE_HIGH,20,r20-t048-f0156722,1789130129272437804,1789130129626915777,0.0,406,0,0.0,False,False,False,False
B1_RL2_TC,ATTACK_DIVERSE_HIGH,20,r20-t049-f3864e5c,1789130129639279308,1789130129973947815,0.0,406,0,0.0,False,False,False,False
B1_RL2_TC,BENIGN_DIVERSE_MODERATE,20,r20-t000-a0ac7b21,1789130142307683652,1789130143467676507,0.0,24,0,0.0,False,False,False,False
B1_RL2_TC,BENIGN_DIVERSE_MODERATE,20,r20-t001-9e0a6b8f,1789130143478443420,1789130143861787259,0.0,27,0,0.0,False,False,False,False
B1_RL2_TC,BENIGN_DIVERSE_MODERATE,20,r20-t002-9b6a49c7,1789130143872133842,1789130144266337645,0.0,28,0,0.0,False,False,False,False
B1_RL2_TC,BENIGN_DIVERSE_MODERATE,20,r20-t003-58ded0b1,1789130144276932901,1789130144651606872,0.0,29,0,0.0,False,False,False,False
B1_RL2_TC,BENIGN_DIVERSE_MODERATE,20,r20-t004-88fb956d,1789130144661974842,1789130145044422494,0.0,29,0,0.0,False,False,False,False
B1_RL2_TC,BENIGN_DIVERSE_MODERATE,20,r20-t005-2d387358,1789130145055797808,1789130145442508212,0.0,30,0,0.0,False,False,False,False
B1_RL2_TC,BENIGN_DIVERSE_MODERATE,20,r20-t006-f147e2a4,1789130145452342730,1789130145838980344,0.0,29,0,0.0,False,False,False,False
B1_RL2_TC,BENIGN_DIVERSE_MODERATE,20,r20-t007-60ba80d0,1789130145849530103,1789130146225241997,0.0,29,0,0.0,False,False,False,False
B1_RL2_TC,BENIGN_DIVERSE_MODERATE,20,r20-t008-67d569e3,1789130146236214994,1789130146611639947,0.0,29,0,0.0,False,False,False,False
B1_RL2_TC,BENIGN_DIVERSE_MODERATE,20,r20-t009-8be188af,1789130146621728387,1789130147012601644,0.0,29,0,0.0,False,False,False,False
B1_RL2_TC,BENIGN_DIVERSE_MODERATE,20,r20-t010-6e880c43,1789130147024325153,1789130147400027198,0.0,29,0,0.0,False,False,False,False
B1_RL2_TC,BENIGN_DIVERSE_MODERATE,20,r20-t011-7076b4ab,1789130147410187303,1789130147792685514,0.0,29,0,0.0,False,False,False,False
B1_RL2_TC,BENIGN_DIVERSE_MODERATE,20,r20-t012-a6fa0c7c,1789130147805118733,1789130148175081774,0.0,29,0,0.0,False,False,False,False
B1_RL2_TC,BENIGN_DIVERSE_MODERATE,20,r20-t013-2049bf99,1789130148185803538,1789130148583395969,0.0,29,0,0.0,False,False,False,False
B1_RL2_TC,BENIGN_DIVERSE_MODERATE,20,r20-t014-e3aa30ef,1789130148593199997,1789130148971139092,0.0,29,0,0.0,False,False,False,False
B1_RL2_TC,BENIGN_DIVERSE_MODERATE,20,r20-t015-2b9b4dbd,1789130148981620903,1789130149359234380,0.0,29,0,0.0,False,False,False,False
B1_RL2_TC,BENIGN_DIVERSE_MODERATE,20,r20-t016-8c80d27d,1789130149370579705,1789130149738977130,0.0,29,0,0.0,False,False,False,False
B1_RL2_TC,BENIGN_DIVERSE_MODERATE,20,r20-t017-05576fc7,1789130149751358425,1789130150141311778,0.0,29,0,0.0,False,False,False,False
B1_RL2_TC,BENIGN_DIVERSE_MODERATE,20,r20-t018-95535184,1789130150153266919,1789130150550288037,0.0,29,0,0.0,False,False,False,False
B1_RL2_TC,BENIGN_DIVERSE_MODERATE,20,r20-t019-9b43401b,1789130150560977042,1789130150949196590,0.0,29,0,0.0,False,False,False,False
B1_RL2_TC,BENIGN_DIVERSE_MODERATE,20,r20-t020-96e4993d,1789130150960074056,1789130151320455480,0.0,29,0,0.0,False,False,False,False
B1_RL2_TC,BENIGN_DIVERSE_MODERATE,20,r20-t021-5a474551,1789130151331900494,1789130151720419772,0.0,29,0,0.0,False,False,False,False
B1_RL2_TC,BENIGN_DIVERSE_MODERATE,20,r20-t022-9ab399fa,1789130151732223166,1789130152103434517,0.0,29,0,0.0,False,False,False,False
B1_RL2_TC,BENIGN_DIVERSE_MODERATE,20,r20-t023-5d83d04e,1789130152113842055,1789130152477737686,0.0,29,0,0.0,False,False,False,False
B1_RL2_TC,BENIGN_DIVERSE_MODERATE,20,r20-t024-ddcd8a4e,1789130154562334209,1789130156582425511,0.0,4,0,0.0,False,False,False,False
B1_RL2_TC,BENIGN_DIVERSE_MODERATE,20,r20-t025-2517ec0b,1789130156593915711,1789130156986234807,0.0,20,0,0.0,False,False,False,False
B1_RL2_TC,BENIGN_DIVERSE_MODERATE,20,r20-t026-772e69ae,1789130156996344025,1789130157382989141,0.0,25,0,0.0,False,False,False,False
B1_RL2_TC,BENIGN_DIVERSE_MODERATE,20,r20-t027-0072c5d7,1789130157393225821,1789130157753789399,0.0,26,0,0.0,False,False,False,False
B1_RL2_TC,BENIGN_DIVERSE_MODERATE,20,r20-t028-936aa88d,1789130157764585155,1789130158158285797,0.0,27,0,0.0,False,False,False,False
B1_RL2_TC,BENIGN_DIVERSE_MODERATE,20,r20-t029-cf013bd1,1789130158168637418,1789130158550678155,0.0,28,0,0.0,False,False,False,False
B1_RL2_TC,BENIGN_DIVERSE_MODERATE,20,r20-t030-f3190b22,1789130158560840576,1789130158946654656,0.0,29,0,0.0,False,False,False,False
B1_RL2_TC,BENIGN_DIVERSE_MODERATE,20,r20-t031-737307be,1789130158957449249,1789130159332398400,0.0,29,0,0.0,False,False,False,False
B1_RL2_TC,BENIGN_DIVERSE_MODERATE,20,r20-t032-89ad237e,1789130159343162581,1789130159714820927,0.0,29,0,0.0,False,False,False,False
B1_RL2_TC,BENIGN_DIVERSE_MODERATE,20,r20-t033-1d344630,1789130159724695038,1789130160101697575,0.0,29,0,0.0,False,False,False,False
B1_RL2_TC,BENIGN_DIVERSE_MODERATE,20,r20-t034-73f27da1,1789130160113355028,1789130160515126829,0.0,29,0,0.0,False,False,False,False
B1_RL2_TC,BENIGN_DIVERSE_MODERATE,20,r20-t035-b79a5ee7,1789130160525852876,1789130160896247534,0.0,29,0,0.0,False,False,False,False
B1_RL2_TC,BENIGN_DIVERSE_MODERATE,20,r20-t036-b80283fb,1789130160906749675,1789130161261633860,0.0,29,0,0.0,False,False,False,False
B1_RL2_TC,BENIGN_DIVERSE_MODERATE,20,r20-t037-f03034c4,1789130161272685221,1789130161652249126,0.0,30,0,0.0,False,False,False,False
B1_RL2_TC,BENIGN_DIVERSE_MODERATE,20,r20-t038-f797fe4a,1789130161662899565,1789130162042918533,0.0,30,0,0.0,False,False,False,False
B1_RL2_TC,BENIGN_DIVERSE_MODERATE,20,r20-t039-6bc63740,1789130162054370346,1789130162421690667,0.0,29,0,0.0,False,False,False,False
B1_RL2_TC,BENIGN_DIVERSE_MODERATE,20,r20-t040-5e74d53c,1789130162433652437,1789130162831973460,0.0,30,0,0.0,False,False,False,False
B1_RL2_TC,BENIGN_DIVERSE_MODERATE,20,r20-t041-892896e6,1789130162842870497,1789130163246346832,0.0,29,0,0.0,False,False,False,False
B1_RL2_TC,BENIGN_DIVERSE_MODERATE,20,r20-t042-314cc1a7,1789130163257587450,1789130163648202528,0.0,29,0,0.0,False,False,False,False
B1_RL2_TC,BENIGN_DIVERSE_MODERATE,20,r20-t043-812ded35,1789130163658377282,1789130164014724486,0.0,29,0,0.0,False,False,False,False
B1_RL2_TC,BENIGN_DIVERSE_MODERATE,20,r20-t044-23e5fb76,1789130164025006958,1789130164392659749,0.0,29,0,0.0,False,False,False,False
B1_RL2_TC,BENIGN_DIVERSE_MODERATE,20,r20-t045-f68c1ceb,1789130164402851357,1789130164797006381,0.0,29,0,0.0,False,False,False,False
B1_RL2_TC,BENIGN_DIVERSE_MODERATE,20,r20-t046-8699444a,1789130164808227604,1789130165177348122,0.0,29,0,0.0,False,False,False,False
B1_RL2_TC,BENIGN_DIVERSE_MODERATE,20,r20-t047-e8870632,1789130165187685392,1789130165574721826,0.0,29,0,0.0,False,False,False,False
B1_RL2_TC,BENIGN_DIVERSE_MODERATE,20,r20-t048-8db78130,1789130165588206970,1789130165946365859,0.0,29,0,0.0,False,False,False,False
B1_RL2_TC,BENIGN_DIVERSE_MODERATE,20,r20-t049-0d670819,1789130165956682406,1789130166334571854,0.0,30,0,0.0,False,False,False,False
